Êó•Êúü    	ÊòüÊúü	ÂºÄÁõòÊ∂®Âπ?Êî∂ÁõòÊ∂®ÂπÖ	T+1Ê∂®ÂπÖ	T+2Ê∂®ÂπÖ	Ë∑ùÁ¶ª‰∏äÊ¨°‰∫§ÊòìÊó•Èó¥ÈöîÂ§©Êï?Âå∫Èó¥Ê∂®ÂπÖ		
1990/12/19	3	-999	-999	4.41	4.54	0	0
1992/4/22	3	-2.42	-2.48	1.84	1.76	340	299.96
1992/4/30	4	-1.9	0.27	1.85	-0.97	6	11.38
1992/5/5	2	-1.37	-0.97	0.17	1.04	2	0.86
1992/5/26	2	-6.27	-8.46	-8.31	-2.77	15	189.7
1992/6/1	1	-4.78	-4.17	-3.57	-7.18	4	-9.08
1992/6/8	1	-1.24	-1.11	3.03	5.36	5	-7.59
1992/7/8	3	-1.17	-1.74	-0.59	0.86	22	8.42
1992/7/28	2	-1.95	-3.77	-1.7	-2.73	14	-6.71
1992/8/10	1	-1.24	-4.09	-10.44	-9.52	9	-12.83
1992/8/19	3	-1.37	0.65	-0.77	-1.72	7	-2.55
1992/9/2	3	-2.56	-4.52	-2.99	-1.38	10	-16.16
1992/9/14	1	-1.74	-5.32	0.43	4.18	8	-6.69
1992/9/18	5	-6.02	-0.96	-2.78	-1.46	4	2.64
1992/10/8	4	-2.45	-3.24	2.58	4.59	12	-14.68
1992/10/14	3	-1.92	-1.52	-0.03	0.18	4	3.12
1992/10/19	1	-3.15	-4.87	-2.55	-4.96	3	-4.72
1992/10/21	3	-3.11	-4.96	-7.84	3.69	2	-7.38
1992/11/2	1	-7.11	-5.84	0.46	-2.07	8	-18.45
1992/11/4	3	-1.04	-2.07	-1.55	-1.21	2	-1.61
1992/11/16	1	-2.91	-3.57	-1.45	3.58	8	-15.02
1992/11/20	5	-1.02	0.62	2.23	7.22	4	0.53
1992/12/7	1	-5.1	-1.71	-4.96	-10.28	11	97.6
1992/12/9	3	-2.12	-10.28	-7.57	15.52	2	-14.72
1993/2/12	5	-1.37	4.39	5.35	-1.52	44	115.65
1993/3/5	5	-3.69	-4.28	9.02	-5.94	15	-23.94
1993/3/9	2	-4.09	-5.94	4.5	6.13	2	2.55
1993/3/22	1	-2.27	-11.75	-6.33	-1.47	9	-8.87
1993/3/29	1	-3.02	-6.67	-1.28	-3.35	5	-6.41
1993/7/12	1	-1.5	-2.65	2.9	-3.87	75	-12.87
1993/8/23	1	-1.35	-5.63	0.14	1.9	30	5.64
1993/9/10	5	-1.53	0.21	-2.69	-0.3	14	1.16
1993/9/24	5	-1.23	-0.93	0.59	1.95	10	-3.07
1993/11/1	1	-1.59	0.23	-0.49	-0.86	25	-6.75
1993/12/17	5	-2.6	-0.7	-13.08	7.21	34	10.41
1994/1/20	4	-2.04	-0.61	1.28	3.24	24	-10.99
1994/3/21	1	-1.22	-4.39	1.05	-1.91	37	-8.84
1994/3/28	1	-2.31	-2.34	0.67	-0.08	5	-4.02
1994/4/11	1	-1.47	-2.92	1	-1.33	10	-6.15
1994/5/5	4	-1.81	-4.63	-0.86	-0.7	17	-10.35
1994/7/4	1	-2.65	-4.32	1.15	-2.68	42	-25.77
1994/8/12	5	-1.92	0.05	-3.45	4.07	29	57.25
1994/8/22	1	-4.73	-4.49	4.81	-1.25	6	-1.14
1994/9/7	3	-2.75	-7.3	4.43	-1.06	12	36.63
1994/9/19	1	-3.55	-5.25	-1.43	5.98	8	-0.42
1994/9/23	5	-1.06	-5.53	1.49	-1.19	4	-6.46
1994/9/30	5	-3.28	-5.74	-10.71	-6.5	5	-8.82
1994/10/7	5	-3.36	11.74	-5.3	0.88	3	-6.71
1994/10/26	3	-2.5	-7.82	2.52	-3.72	13	-7.01
1994/11/2	3	-1	-0.88	7.41	-7.05	5	-2.69
1994/11/7	1	-2.64	1.18	5.19	2	3	1.02
1994/11/9	3	-2.5	2	-1.69	2.74	2	7.3
1994/11/15	2	-2.19	-3.81	0.17	-1.34	4	-2.55
1995/1/3	2	-1.57	-1.23	2.18	-1.06	34	-9.29
1995/2/23	4	-1.89	-0.93	-5.21	0.51	32	-7.93
1995/4/24	1	-1.35	-2.56	0.02	-2.91	42	5.2
1995/4/27	4	-3.69	-4.74	1.15	-0.15	3	-7.49
1995/5/23	2	-11.78	-16.39	-1.12	-6.08	17	30.87
1995/5/26	5	-2.22	4.42	-2.34	0.06	3	-3.02
1995/5/31	3	-1.38	-1.48	1.16	1.15	3	-3.73
1995/6/6	2	-1.92	-0.36	3.96	-2.86	4	-1.62
1996/1/10	3	-1.13	-1.97	-0.36	0.27	153	-20.53
1996/4/30	2	-1.39	-7.78	-3.92	-0.67	69	24.38
1996/6/20	4	-1	-0.42	0.32	-0.35	36	16.51
1996/6/25	2	-3.61	-1.6	2.67	0.62	3	-1.63
1996/8/26	1	-1.81	-3.81	1.86	1.19	44	-0.97
1996/10/22	2	-1.19	1.25	3.52	-0.29	38	26.31
1996/11/1	5	-4.25	-4.7	1.54	-1.81	8	-4.68
1996/11/22	5	-1.3	1.18	2.6	-0.92	15	2.26
1996/12/13	5	-1.09	-5.7	-9.91	-9.44	15	16.62
1997/2/20	4	-9.61	0.25	5.39	-0.74	38	-13.06
1997/5/14	3	-1.14	-5.81	2.79	-7.18	57	42.91
1997/5/22	4	-7.82	-8.83	1.54	-0.22	6	-10.44
1997/6/6	5	-6.54	-6.24	-0.03	-2.6	11	3.24
1997/6/13	5	-4.76	2.57	1.41	-1.23	5	-2.46
1998/1/13	2	-1.23	-4.83	2.96	1.1	145	-6.14
1999/5/10	1	-1.19	-4.36	2.19	0.42	316	-8.2
2000/2/18	5	-1.02	1.67	0.54	-2.67	186	55.62
2000/3/7	2	-1.14	0.82	1.84	0.37	12	1.6
2000/3/14	2	-2.21	-2.52	-0.23	-4.4	5	-0.56
2001/9/12	3	-2.24	-0.6	-0.69	-1.17	365	9.92
2007/1/5	5	-1.74	-2.74	2.49	3.72	1279	42.57
2007/2/28	3	-1.34	3.94	-2.91	1.23	33	9.08
2007/3/14	3	-1.05	-1.97	1.56	-0.72	10	0.88
2007/3/19	1	-2.26	2.87	0.59	0.83	3	3.72
2007/5/30	3	-5.71	-6.5	1.4	-2.65	47	34.46
2007/6/26	2	-1.97	0.82	2.65	-4.03	19	-1.97
2007/6/29	5	-2.3	-2.39	0.41	1.65	3	-3.84
2007/7/5	4	-1.22	-5.25	4.58	2.69	4	-5.36
2007/8/22	3	-1.59	0.5	1.05	1.49	34	37.73
2007/10/22	1	-1.29	-2.59	1.87	1.21	38	13.8
2007/11/2	5	-1.72	-2.31	-2.48	-1.74	9	1.95
2007/11/22	4	-1.92	-4.41	0.96	-1.46	14	-13.74
2007/12/10	1	-1.59	1.38	0.25	-1.54	12	3.57
2008/1/22	2	-1.96	-7.22	3.14	0.31	29	-11.67
2008/2/5	2	-1.06	-1.55	-2.37	1.37	10	0.88
2008/3/7	5	-1.04	-1.39	-3.59	0.47	18	-6.5
2008/3/20	4	-1.07	1.13	-0.2	-4.49	9	-11.54
2008/3/25	2	-1.83	0.09	-0.63	-5.42	3	-4.59
2008/3/27	4	-1.82	-5.42	4.94	-3	2	-6.01
2008/4/14	1	-2.11	-5.62	1.57	-1.69	11	-3.37
2008/4/22	2	-1.29	0.99	4.15	9.29	6	-4.52
2008/5/12	1	-1.8	0.37	-1.84	2.73	12	15.22
2008/6/10	2	-3.83	-7.73	-1.57	-2.21	20	-15.29
2008/6/23	1	-1.82	-2.52	1.54	3.64	9	-10.15
2008/7/3	4	-1.54	1.95	-1.24	4.59	8	-2.06
2008/7/10	4	-1.4	-1.54	-0.65	0.76	5	6.36
2008/7/25	5	-1.19	-1.55	1.32	-1.82	11	-0.36
2008/7/29	2	-1.21	-1.82	-0.48	-2.15	2	-0.52
2008/8/26	2	-1.18	-2.62	-0.34	0.34	20	-17.55
2008/9/23	2	-1.22	-1.56	0.69	3.64	19	-6.32
2008/10/6	1	-1.15	-5.23	-0.73	-3.04	4	-1.26
2008/10/10	5	-3.79	-3.57	3.65	-2.71	4	-7.97
2008/10/15	3	-1.06	-1.12	-4.25	1.08	3	-0.29
2008/10/22	3	-1.32	-3.2	-1.07	-1.92	5	-4.96
2008/10/27	1	-1.65	-6.32	2.81	-2.94	3	-9.1
2008/11/6	4	-2.28	-2.44	1.75	7.27	8	-0.33
2008/12/24	3	-1.25	-1.76	-0.61	-0.05	34	8.5
2009/1/8	4	-1.76	-2.38	1.42	-0.24	9	0.77
2009/3/6	5	-1.81	-1.26	-3.39	1.88	36	16.76
2009/3/10	2	-1.02	1.88	-0.91	-0.24	2	-1.57
2009/3/31	2	-1.87	0.64	1.47	0.72	15	9.94
2009/5/14	4	-1.21	-0.9	0.2	0.28	30	11.24
2009/6/23	2	-1.48	-0.12	1.02	0.09	26	9.58
2009/11/2	1	-2.07	2.7	1.22	0.46	88	6.36
2009/11/27	5	-1.06	-2.36	3.2	1.25	19	0.64
2010/1/22	5	-1.27	-0.96	-1.09	-2.42	39	1.04
2011/8/5	5	-2.38	-2.15	-3.79	-0.03	372	-16.05
2011/8/11	4	-1.58	1.27	0.45	1.3	4	-1.71
2011/8/19	5	-1.56	-0.98	-0.73	1.52	6	-1.83
2011/9/13	2	-1.2	-1.06	0.55	-0.23	16	-2.49
2011/11/10	4	-1.04	-1.8	0.06	1.92	37	0.33
2012/6/4	1	-1.11	-2.73	0.15	-0.1	135	-6.9
2013/3/28	4	-1.2	-2.82	0.01	-0.1	199	-3.13
2013/4/8	1	-1.31	-0.62	0.64	0.02	5	-1.1
2013/7/8	1	-1.2	-2.44	0.37	2.17	59	-11.45
2014/12/8	1	-1.02	2.81	-5.43	2.93	347	54.23
2014/12/23	2	-1.35	-3.03	-1.98	3.36	11	0.41
2015/1/19	1	-5.53	-7.7	1.82	4.74	17	2.76
2015/2/2	1	-1.94	-2.56	2.45	-0.96	10	0.38
2015/4/24	5	-1.33	-0.47	3.04	-1.13	53	40.45
2015/6/10	3	-1.26	-0.15	0.3	0.87	32	16.21
2015/6/16	2	-1.16	-3.47	1.65	-3.67	4	-4.28
2015/6/26	5	-2.82	-7.4	-3.34	5.53	7	-14.21
2015/6/30	2	-1.14	5.53	-5.23	-3.48	2	2.01
2015/7/3	5	-3.04	-5.77	2.41	-1.29	3	-13.8
2015/7/7	2	-3.21	-1.29	-5.9	5.76	2	1.09
2015/7/27	1	-2.1	-8.48	-1.68	3.44	14	-0.04
2015/8/12	3	-1.19	-1.06	1.76	0.27	12	4.32
2015/8/19	3	-2.7	1.23	-3.42	-4.27	5	-2.37
2015/9/10	4	-1.62	-1.39	0.07	-2.67	14	-15.71
2015/9/15	2	-2.28	-3.52	4.89	-2.1	3	-6.03
2015/9/23	3	-1.5	-2.19	0.86	-1.6	6	3.68
2016/1/7	4	-1.55	-7.04	1.97	-5.33	70	0.29
2016/1/11	1	-1.71	-5.33	0.2	-2.42	2	-3.47
2016/1/14	4	-2.56	1.97	-3.55	0.44	3	-0.3
2016/1/26	2	-1.05	-6.42	-0.52	-2.92	8	-8.57
2016/2/15	1	-2.84	-0.63	3.29	1.08	9	-0.13
