000037	*ST南电A	--  	12.49	--  	--  	--  	0	0	--  	          0.00	--  	--  	--  	12.49	--  	0	  0.00	火力发电	深圳	0.00	12.49	0	0	--  	0	
000403	ST生化	-1.16	29.90	-0.35	29.89	29.90	21711	422	0.03	          1.16	30.23	30.31	29.80	30.25	   115.29	64987092	  0.64	生物制药	山西	1.69	29.93	13994	7716	  1.81	69	
000408	*ST金源	-0.90	16.56	-0.15	16.56	16.57	29253	467	-0.06	          1.16	16.71	16.71	16.46	16.71	  3577.15	48471348	  0.68	商贸代理	河北	1.50	16.57	16262	12990	  1.25	146	
000504	*ST生物	--  	14.96	--  	--  	--  	0	0	--  	          0.00	--  	--  	--  	14.96	--  	0	  0.00	出版业	湖南	0.00	14.96	0	0	--  	0	
000505	*ST珠江	--  	9.84	--  	--  	--  	0	0	--  	          0.00	--  	--  	--  	9.84	--  	0	  0.00	房产服务	海南	0.00	9.84	0	0	--  	0	
000511	*ST烯碳	--  	8.92	--  	--  	--  	0	0	--  	          0.00	--  	--  	--  	8.92	  3816.35	0	  0.00	矿物制品	辽宁	0.00	8.92	0	0	--  	0	
000606	*ST易桥	0.99	10.16	0.10	10.15	10.16	76512	608	0.00	          1.63	10.11	10.22	10.03	10.06	--  	77513888	  0.97	化学制药	青海	1.89	10.13	34301	42210	  0.81	216	
000611	*ST蒙发	0.49	8.26	0.04	8.23	8.26	39085	1618	0.48	          1.22	8.19	8.26	8.15	8.22	--  	32103532	  0.98	纺织	内蒙	1.34	8.21	21255	17829	  1.19	226	
000617	*ST济柴	--  	12.91	--  	--  	--  	0	0	--  	          0.00	--  	--  	--  	12.91	--  	0	  0.00	机械基件	山东	0.00	12.91	0	0	--  	0	
000622	*ST恒立	-1.49	7.92	-0.12	7.91	7.92	39850	188	0.12	          0.94	7.99	8.07	7.86	8.04	--  	31690808	  0.87	汽车配件	湖南	2.61	7.95	25785	14065	  1.83	182	
000629	*ST钒钛	--  	2.39	--  	--  	--  	0	0	--  	          0.00	--  	--  	--  	2.39	   128.74	0	  0.00	普钢	四川	0.00	2.39	0	0	--  	0	
000633	*ST合金	--  	10.32	--  	--  	--  	0	0	--  	          0.00	--  	--  	--  	10.32	--  	0	  0.00	综合类	辽宁	0.00	10.32	0	0	--  	0	
000670	*ST盈方	0.93	8.68	0.08	8.67	8.68	141975	2390	0.00	          2.54	8.60	8.73	8.56	8.60	    99.74	122988864	  0.76	元器件	湖北	1.98	8.66	69311	72663	  0.95	2117	
000691	ST亚太	-0.86	8.04	-0.07	8.04	8.05	38966	183	-0.12	          1.34	8.07	8.10	8.00	8.11	--  	31348988	  1.08	区域地产	海南	1.23	8.05	25533	13433	  1.90	8	
000693	ST华泽	--  	12.50	--  	--  	--  	0	0	--  	          0.00	--  	--  	--  	12.50	--  	0	  0.00	小金属	四川	0.00	12.50	0	0	--  	0	
000717	*ST韶钢	-0.67	2.97	-0.02	2.97	2.98	157616	10511	-0.66	          0.94	3.00	3.00	2.97	2.99	--  	46957004	  0.66	钢加工	广东	1.00	2.98	88120	69496	  1.27	15111	
000831	*ST五稀	-0.36	13.90	-0.05	13.90	13.91	148641	1742	0.00	          1.52	13.84	14.05	13.76	13.95	--  	206554656	  0.69	小金属	山西	2.08	13.90	82005	66636	  1.23	503	
000856	*ST冀装	0.76	11.98	0.09	11.94	11.98	10633	106	0.25	          0.47	11.89	12.05	11.89	11.89	--  	12719065	  0.64	机械基件	河北	1.35	11.96	5486	5146	  1.07	48	
000913	*ST钱江	1.44	13.40	0.19	13.39	13.40	69453	619	-0.07	          1.53	13.12	13.64	13.03	13.21	    34.98	92877072	  0.73	摩托车	浙江	4.62	13.37	31005	38448	  0.81	121	
000933	*ST神火	-0.60	4.96	-0.03	4.96	4.97	182626	4296	0.20	          0.97	4.98	5.04	4.91	4.99	     5.61	90531784	  0.44	煤炭开采	河南	2.61	4.96	110132	72493	  1.52	6077	
000950	*ST建峰	--  	7.45	--  	--  	--  	0	0	--  	          0.00	--  	--  	--  	7.45	--  	0	  0.00	农药化肥	重庆	0.00	7.45	0	0	--  	0	
000962	*ST东钽	--  	9.32	--  	--  	--  	0	0	--  	          0.00	--  	--  	--  	9.32	--  	0	  0.00	小金属	宁夏	0.00	9.32	0	0	--  	0	
000968	*ST煤气	-4.84	7.87	-0.40	7.87	7.88	189972	19774	0.12	          3.70	7.93	8.11	7.86	8.27	--  	150162336	  1.47	煤炭开采	山西	3.02	7.90	78488	111483	  0.70	6540	
000995	*ST皇台	0.33	12.33	0.04	12.33	12.34	51634	524	0.00	          2.91	12.27	12.42	12.17	12.29	--  	63596784	  0.74	白酒	甘肃	2.03	12.32	24807	26827	  0.92	453	
002061	*ST江化	0.00	7.07	0.00	7.07	7.08	57210	891	0.14	          1.26	7.06	7.12	6.99	7.07	--  	40348144	  0.60	化工原料	浙江	1.84	7.05	27971	29239	  0.96	1548	
002069	*ST獐岛	4.84	9.53	0.44	9.53	9.54	166641	2385	0.00	          2.45	9.02	9.54	9.02	9.09	--  	155674176	  1.50	渔业	辽宁	5.72	9.34	96639	70001	  1.38	196	
002109	*ST兴化	1.33	6.85	0.09	6.85	6.86	51186	211	-0.14	          1.43	6.74	6.91	6.70	6.76	--  	34787800	  1.27	化工原料	陕西	3.11	6.80	21979	29207	  0.75	293	
002173	*ST创疗	-2.01	20.48	-0.42	20.43	20.48	16777	160	-0.04	          1.20	20.76	20.97	20.39	20.90	    80.68	34441060	  1.04	农业综合	浙江	2.78	20.53	11227	5550	  2.02	146	
002199	*ST东晶	--  	17.93	--  	--  	--  	0	0	--  	          0.00	--  	--  	--  	17.93	--  	0	  0.00	元器件	浙江	0.00	17.93	0	0	--  	0	
002289	*ST宇顺	--  	26.04	--  	--  	--  	0	0	--  	          0.00	--  	--  	--  	26.04	--  	0	  0.00	元器件	深圳	0.00	26.04	0	0	--  	0	
002336	*ST人乐	3.64	10.83	0.38	10.82	10.83	70300	239	-0.18	          1.76	10.43	10.97	10.40	10.45	    52.28	75928144	  2.59	超市连锁	深圳	5.45	10.80	26689	43610	  0.61	244	
002379	*ST鲁丰	--  	3.83	--  	--  	--  	0	0	--  	          0.00	--  	--  	--  	3.83	--  	0	  0.00	铝	山东	0.00	3.83	0	0	--  	0	
002423	*ST中特	0.20	9.93	0.02	9.93	9.94	50269	438	0.10	          1.08	9.86	10.07	9.86	9.91	--  	50181896	  0.50	特种钢	河南	2.12	9.98	24914	25354	  0.98	471	
002513	*ST蓝丰	-0.40	14.81	-0.06	14.80	14.81	17068	197	0.06	          0.80	14.80	14.82	14.63	14.87	    39.57	25147752	  0.80	农药化肥	江苏	1.28	14.73	9093	7975	  1.14	51	
002608	*ST舜船	--  	8.75	--  	--  	--  	0	0	--  	          0.00	--  	--  	--  	8.75	--  	0	  0.00	船舶	江苏	0.00	8.75	0	0	--  	0	
200037	*ST南电B	--  	5.32	--  	--  	--  	0	0	--  	          0.00	--  	--  	--  	5.32	--  	0	  0.00			0.00	5.32	0	0	--  	0	
200468	*ST宁通B	-0.37	8.16	-0.03	8.09	8.16	433	12	0.74	          0.04	8.10	8.18	8.08	8.19	--  	351686	  0.60			1.22	8.12	338	95	  3.56	10	
200505	*ST珠江B	--  	5.83	--  	--  	--  	0	0	--  	          0.00	--  	--  	--  	5.83	--  	0	  0.00			0.00	5.83	0	0	--  	0	
200706	*ST瓦轴B	-1.17	5.08	-0.06	5.06	5.08	1099	1	0.59	          0.07	5.14	5.14	5.00	5.14	   172.38	552169	  0.65			2.72	5.02	263	836	  0.31	10	
000033	*ST新都	--  	0.00	--  	--  	--  	0	0	--  	          0.00	--  	--  	--  	--  	--  	--  	  0.00	酒店餐饮	深圳	--  	0.00	0	0	--  	0	
000155	*ST川化	--  	0.00	--  	--  	--  	0	0	--  	          0.00	--  	--  	--  	--  	--  	--  	  0.00	农药化肥	四川	--  	0.00	0	0	--  	0	
600091	ST明科	0.00	11.23	0.00	--  	--  	0	0	0.00	          0.00	--  	--  	--  	11.23	--  	0	  0.00	化工原料	内蒙	0.00	11.23	0	0	--  	0	
600145	*ST新亿	0.00	1.87	0.00	--  	--  	0	0	0.00	          0.00	--  	--  	--  	1.87	--  	0	  0.00	陶瓷	新疆	0.00	1.87	0	0	--  	0	
600179	*ST黑化	4.97	12.88	0.61	12.88	--  	48247	5	0.00	          1.24	12.55	12.88	12.50	12.27	--  	61959344	  1.48	焦炭加工	黑龙江	3.10	12.84	19776	28471	  0.69	18612	
600212	*ST江泉	0.00	9.96	0.00	--  	--  	0	0	0.00	          0.00	--  	--  	--  	9.96	    95.61	0	  0.00	综合类	山东	0.00	9.96	0	0	--  	0	
600230	*ST沧大	0.09	10.99	0.01	10.98	10.99	29226	20	0.00	          0.99	10.91	11.09	10.82	10.98	--  	32070296	  0.57	农药化肥	河北	2.46	10.97	16805	12420	  1.35	29	
600234	*ST山水	-0.64	13.88	-0.09	13.89	13.91	22335	60	-0.14	          1.10	13.94	14.05	13.77	13.97	--  	31064144	  0.60	文教休闲	山西	2.00	13.91	12564	9770	  1.29	5	
600247	ST成城	0.68	11.76	0.08	11.74	11.75	42399	30	-0.08	          1.26	11.69	11.98	11.60	11.68	--  	49898568	  0.71	商贸代理	吉林	3.25	11.77	19808	22590	  0.88	708	
600265	*ST景谷	-0.08	26.08	-0.02	26.07	26.08	5465	14	0.00	          0.42	26.10	26.14	25.92	26.10	--  	14226954	  1.27	林业	云南	0.84	26.03	1747	3718	  0.47	2	
600301	*ST南化	0.47	12.82	0.06	12.81	12.84	13956	4	0.07	          0.59	12.79	12.92	12.61	12.76	--  	17820416	  0.68	化工原料	广西	2.43	12.77	7401	6555	  1.13	6	
600306	*ST商城	0.00	12.80	0.00	--  	--  	0	0	0.00	          0.00	--  	--  	--  	12.80	--  	0	  0.00	百货	辽宁	0.00	12.80	0	0	--  	0	
600319	*ST亚星	1.04	9.74	0.10	9.74	9.75	49030	107	-0.10	          1.55	9.59	9.87	9.48	9.64	--  	47435828	  1.04	化工原料	山东	4.05	9.67	20938	28091	  0.75	21	
600339	*ST天利	0.00	5.38	0.00	--  	--  	0	0	0.00	          0.00	--  	--  	--  	5.38	--  	0	  0.00	石油加工	新疆	0.00	5.38	0	0	--  	0	
600346	*ST橡塑	-0.33	6.12	-0.02	6.11	6.12	38334	88	0.16	          0.57	6.17	6.21	6.10	6.14	    26.65	23495784	  0.57	化纤	辽宁	1.79	6.13	25482	12851	  1.98	93	
600375	*ST星马	0.34	5.94	0.02	5.94	5.95	58192	15	0.00	          1.05	5.93	5.99	5.90	5.92	--  	34598464	  0.86	汽车整车	安徽	1.52	5.95	30632	27559	  1.11	86	
600381	ST春天	1.42	11.39	0.16	11.40	11.41	127041	17	-0.26	          6.39	11.25	11.54	11.18	11.23	    86.05	144224256	  1.13	医疗保健	青海	3.21	11.35	59979	67062	  0.89	160	
600390	*ST金瑞	0.22	13.65	0.03	13.65	13.66	61373	2	0.00	          1.57	13.46	13.87	13.46	13.62	    36.16	83931440	  0.71	小金属	湖南	3.01	13.68	33900	27472	  1.23	5	
600432	*ST吉恩	4.99	8.63	0.41	8.63	--  	34024	120	0.00	          0.42	8.63	8.63	8.63	8.22	--  	29362840	  0.77	小金属	吉林	0.00	8.63	32729	1295	 25.27	116116	
600520	*ST中发	1.04	18.50	0.19	18.47	18.50	16877	29	0.05	          1.10	18.32	18.65	18.18	18.31	--  	31033416	  0.77	机械基件	安徽	2.57	18.39	9039	7837	  1.15	28	
600546	*ST山煤	-0.31	3.18	-0.01	3.17	3.18	117613	420	0.00	          0.59	3.19	3.19	3.15	3.19	--  	37327448	  0.80	煤炭开采	山西	1.25	3.17	65933	51679	  1.28	2162	
600581	*ST八钢	-5.00	4.94	-0.26	--  	4.94	29728	17	0.00	          0.39	4.94	4.94	4.94	5.20	--  	14685632	  0.27	普钢	新疆	0.00	4.94	1044	28684	  0.04	0	
600603	*ST兴业	0.51	11.82	0.06	11.81	11.82	19131	5	0.08	          0.98	11.80	11.88	11.73	11.76	--  	22596064	  0.80	综合类	福建	1.28	11.81	10383	8747	  1.19	33	
600608	ST沪科	0.41	9.89	0.04	9.88	9.90	18758	10	0.10	          0.59	9.87	9.93	9.80	9.85	--  	18495204	  0.77	普钢	上海	1.32	9.86	10727	8031	  1.34	104	
600675	*ST中企	0.00	5.05	0.00	--  	--  	0	0	0.00	          0.00	--  	--  	--  	5.05	--  	0	  0.00	区域地产	上海	0.00	5.05	0	0	--  	0	
600701	*ST工新	1.92	14.34	0.27	14.34	14.35	65985	2	-0.06	          1.32	14.07	14.56	13.98	14.07	  1269.98	94657024	  0.83	综合类	黑龙江	4.12	14.35	32346	33638	  0.96	215	
600721	*ST百花	-0.63	18.81	-0.12	18.77	18.80	5780	13	-0.21	          0.23	18.93	19.00	18.70	18.93	--  	10885848	  0.59	焦炭加工	新疆	1.58	18.83	3442	2338	  1.47	19	
600725	*ST云维	4.99	5.47	0.26	5.47	--  	51995	50	0.00	          0.84	5.23	5.47	5.17	5.21	--  	28041478	  0.77	焦炭加工	云南	5.76	5.39	19927	32067	  0.62	10120	
600760	*ST黑豹	2.44	9.24	0.22	9.24	9.25	94763	5	0.21	          2.75	9.02	9.47	8.96	9.02	--  	87765736	  1.11	汽车整车	山东	5.65	9.26	42085	52677	  0.80	8	
600793	ST宜纸	3.72	22.87	0.82	22.86	22.88	33651	7	-0.08	          3.20	22.38	22.93	22.10	22.05	--  	75579328	  1.25	造纸	四川	3.76	22.46	14702	18948	  0.78	6	
600806	*ST昆机	0.00	6.43	0.00	6.42	6.43	38226	4	0.15	          0.98	6.40	6.46	6.34	6.43	--  	24498354	  0.69	机床制造	云南	1.87	6.41	19948	18278	  1.09	67	
600817	*ST宏盛	0.00	15.38	0.00	--  	--  	0	0	0.00	          0.00	--  	--  	--  	15.38	--  	0	  0.00	半导体	上海	0.00	15.38	0	0	--  	0	
600866	*ST星湖	0.49	6.19	0.03	6.19	6.20	58282	10	0.16	          1.06	6.14	6.25	6.14	6.16	--  	36058864	  1.17	食品	广东	1.79	6.19	32883	25399	  1.29	132	
601918	*ST新集	-0.26	3.86	-0.01	3.86	3.87	272064	119	0.00	          1.05	3.90	3.90	3.85	3.87	--  	105432536	  0.81	煤炭开采	安徽	1.29	3.88	173611	98453	  1.76	1700	
600710	*ST常林	--  	0.00	--  	--  	--  	0	0	--  	          0.00	--  	--  	--  	--  	--  	--  	  0.00	工程机械	江苏	--  	0.00	0	0	--  	0	
600732	*ST新梅	--  	0.00	--  	--  	--  	0	0	--  	          0.00	--  	--  	--  	--  	--  	--  	  0.00	区域地产	上海	--  	0.00	0	0	--  	0	
