井名	层名	顶深(md)	底深(md)	层厚（m）	砂岩厚度（m）	有效厚度（m）
sha37	B-K26	621	672	51	22.1	8.15
sha37	B-K27	672	723	51	23.5	6.2
sha37	B-K28	723	787	64	29.9	19.2
sha45	B-K26	849	898	49	16.8	1
sha45	B-K27	898	950	52	14.8	1.75
sha45	B-K28	950	1014	64	35.8	1.8
yd104	B-K26	645	696	51	26.1	0
yd104	B-K27	696	741	45	14.8	0
yd104	B-K28	741	808	67	29.6	0
yd107	B-K28	1004	1068	64	29.5	29.5
yshi1-1	B-K26	623	674	51	12.1	6.05
yshi1-1	B-K27	674	725	51	18.5	13.6
yshi1-1	B-K28	725	790	65	26.5	12.55
yshi1-2	B-K26	625	675	50	13.6	8.25
yshi1-2	B-K27	675	724	49	18.9	11.35
yshi1-2	B-K28	724	792	68	24.4	21.6
yshi1-3	B-K26	627	677	50	21.1	4.55
yshi1-3	B-K27	677	729	52	20.4	15.4
yshi1-3	B-K28	729	792	63	28	23.9
yshi1-4	B-K26	627	678	51	21.9	3.25
yshi1-4	B-K27	678	729	51	25.3	12.85
yshi1-4	B-K28	729	794	65	26.8	16.35
yshi4-1	B-K27	697	744	47	18.6	7.45
yshi4-1	B-K28	744	802	58	29.5	10.1
yshi4-2	B-K26	647	698	51	23.8	0.7
yshi4-2	B-K27	698	742	44	28.2	5.3
yshi4-2	B-K28	742	803	61	18.9	0
yshi4-3	B-K26	648	702	54	25.9	2.9
yshi4-3	B-K27	702	747	45	17.7	1
yshi4-3	B-K28	747	805	58	22.9	1
yshi5-1	B-K27	613	655	42	15.3	0
yshi5-1	B-K28	655	708	53	27.4	0
yshi6-1	B-K27	666	712	46	20	6.8
yshi6-1	B-K28	712	770	58	23.1	10.75
yshi8-1	B-K28	971	1040	69	29	26.85
yshi15-1	B-K28	934	998	64	34.2	34.2
yd114	B-K26	672	728	56	1.4	0
yd114	B-K27	728	780	52	23	0
yd114	B-K28	780	844	64	31.3	0
yd117	B-K26	846	908	62	20.8	18.8
yd117	B-K27	908	955	47	20.8	20.8
yd117	B-K28	955	1019	64	32.6	32.6
y5-8-A4	B-K26	827	866	39	15.8	2.4
y11-6-A6	B-K26	932	978	46	24.8	17.2
y11-6-A6	B-K27	978	1026	48	28.6	21.85
y11-6-A6	B-K28	1026	1079	53	24.4	3.7
y13-4-A6	B-K27	993	1040	47	18.2	2.95
y13-4-A6	B-K28	1040	1108	68	28.3	0
y7-6-A5	B-K26	839	901	62	27.3	21.7
y7-6-A5	B-K27	901	950	49	22.9	19.6
y7-6-A5	B-K28	950	1010	60	29.6	29.6
y45-2-B6	B-K26	647	699	52	8.6	0.85
y45-2-B6	B-K27	699	749	50	16.1	4.8
y45-2-B6	B-K28	749	815	66	20.5	2
y1-6-A5	B-K26	830	882	52	17.9	17.9
y1-6-A5	B-K27	882	926	44	19.1	19.1
y1-6-A5	B-K28	926	998	72	30.1	27.15
y3-4-A6	B-K26	860	906	46	20.3	13
y3-4-A6	B-K27	906	952	46	19.7	19
y3-4-A6	B-K28	952	1013	61	28.7	28.7
y9-2-B5	B-K28	1028	1063	35	13.3	4.35
y5-8-A3	B-K26	826	865	39	16.3	4.65
y7-6-A4	B-K26	841	904	63	23.8	19.95
y7-6-A4	B-K27	904	954	50	19.1	19.1
y7-6-A4	B-K28	954	1013	59	30.1	28.45
y1-6-A4	B-K26	830	882	52	17.6	15.05
y1-6-A4	B-K27	882	926	44	20.8	20.8
y1-6-A4	B-K28	926	996	70	29.2	27.05
y5-4-A6	B-K26	882	921	39	15	13.6
y5-4-A6	B-K27	921	971	50	20.1	13
y5-4-A6	B-K28	971	1035	64	33.9	26.9
y9-2-B4	B-K28	1034	1071	37	17.8	13.7
y7-6-A3	B-K26	841	905	64	23.3	19.15
y7-6-A3	B-K27	905	954	49	22.3	21.7
y7-6-A3	B-K28	954	1014	60	29.4	27.9
y9-4-A6	B-K28	1003	1067	64	36.8	29.6
y1-6-A3	B-K26	828	880	52	16.8	13.8
y1-6-A3	B-K27	880	925	45	19.8	19.8
y1-6-A3	B-K28	925	996	71	26.2	22.75
y3-4-A5	B-K26	856	905	49	20.4	9.5
y3-4-A5	B-K27	905	952	47	24.2	22.9
y3-4-A5	B-K28	952	1012	60	26.6	26.1
y9-2-B3	B-K28	1030	1065	35	15.3	10.55
y5-1-B5	B-K28	1023	1039	16	6.2	4.35
y7-6-B3	B-K26	842	905	63	23.7	19.85
y7-6-B3	B-K27	905	954	49	25	20.6
y7-6-B3	B-K28	954	1014	60	30.6	30.6
y5-4-A5	B-K27	923	971	48	19.1	11.1
y5-4-A5	B-K28	971	1036	65	33.5	24.6
y9-2-B2	B-K28	1034	1067	33	12.3	7.7
y5-1-B3	B-K28	1022	1036	14	5.9	2.25
y1-2-B4	B-K28	934	995	61	28	20.85
y1-6-B3	B-K26	830	879	49	16.9	16.9
y1-6-B3	B-K27	879	925	46	23	23
y1-6-B3	B-K28	925	996	71	32	26.85
y13-6-A5	B-K26	934	990	56	26.8	17.3
y13-6-A5	B-K27	990	1033	43	17.2	1.85
y13-6-A5	B-K28	1033	1095	62	25.1	0
y11-6-A1	B-K26	923	978	55	26.2	24.15
y11-6-A1	B-K27	978	1022	44	20.9	19.05
y11-6-A1	B-K28	1022	1080	58	22.9	6
y5-1-B2	B-K28	1020	1036	16	4.3	2.15
y3-4-B4	B-K26	858	904	46	13	4.75
y3-4-B4	B-K27	904	951	47	25.7	25.7
y3-4-B4	B-K28	951	1010	59	27.6	27.6
y5-4-B4	B-K27	921	971	50	19.9	13.2
y5-4-B4	B-K28	971	1036	65	31.3	23.5
y7-6-B2	B-K26	842	905	63	21.6	19.8
y7-6-B2	B-K27	905	954	49	25	21.4
y7-6-B2	B-K28	954	1015	61	29.3	28.2
y1-2-B3	B-K28	931	996	65	42.4	30.65
y7-2-B5	B-K28	1026	1048	22	13.6	5.3
y1-6-B2	B-K26	827	876	49	19.2	19.2
y1-6-B2	B-K27	876	921	45	17.7	17.7
y1-6-B2	B-K28	921	994	73	30	22.45
y5-4-B3	B-K27	923	973	50	18.1	13
y5-4-B3	B-K28	973	1036	63	41.3	26.3
y31-4-A6	B-K26	914	961	47	19	16.65
y31-4-A6	B-K27	961	1009	48	24.3	22.95
y31-4-A6	B-K28	1009	1069	60	19.4	16.85
y3-4-B2	B-K26	856	902	46	18.7	9.349999
y3-4-B2	B-K27	902	948	46	24.9	24.9
y3-4-B2	B-K28	948	1007	59	30.7	30.7
y7-6-B1	B-K26	843	903	60	24.4	22.35
y7-6-B1	B-K27	903	956	53	28.4	27
y7-6-B1	B-K28	956	1016	60	34.1	29.7
y1-2-B2	B-K28	936	997	61	38.6	31.9
y1-6-B1	B-K26	826	876	50	18.4	18.4
y1-6-B1	B-K27	876	923	47	20.3	20.3
y1-6-B1	B-K28	923	955	32	7.5	6.2
y5-6-A5	B-K26	843	903	60	19.2	16.7
y5-6-A5	B-K27	903	952	49	19.7	16.9
y5-6-A5	B-K28	952	1014	62	27	27
y11-4-A6	B-K26	896	965	69	36.1	7.75
y11-4-A6	B-K27	965	1013	48	28	19
y11-4-A6	B-K28	1013	1076	63	33	20.75
y7-4-A6	B-K27	938	992	54	13.9	5.55
y7-4-A6	B-K28	992	1049	57	27.6	22.9
y3-6-A5	B-K26	826	880	54	15.9	12.35
y3-6-A5	B-K27	880	926	46	14.3	11.25
y3-6-A5	B-K28	926	996	70	28.5	24.75
y5-4-B2	B-K27	922	973	51	16.8	12.05
y5-4-B2	B-K28	973	1036	63	30.6	26.05
y5-6-A3	B-K26	843	905	62	17	16.6
y5-6-A3	B-K27	905	953	48	21.9	19.35
y5-6-A3	B-K28	953	1015	62	32	31.1
y1-2-B1	B-K28	935	997	62	35.4	30.8
y3-4-B1	B-K26	850	901	51	17.3	12.25
y3-4-B1	B-K27	901	948	47	20.9	18.9
y3-4-B1	B-K28	948	1009	61	33.4	33.4
y3-2-B1	B-K27	906	956	50	16	9.95
y3-2-B1	B-K28	956	1015	59	34.3	34.3
y31-4-B4	B-K26	910	958	48	20.8	20.1
y31-4-B4	B-K27	958	1007	49	30.6	28.9
y31-4-B4	B-K28	1007	1066	59	24.1	20.35
y11-4-B4	B-K27	962	1011	49	23.3	20.7
y11-4-B4	B-K28	1011	1073	62	28.8	17.4
y5-6-B2	B-K26	848	909	61	20.4	17.45
y5-6-B2	B-K27	909	956	47	19.9	18
y5-6-B2	B-K28	956	1019	63	29.1	25.9
y31-6-A5	B-K26	898	951	53	23.7	21.2
y31-6-A5	B-K27	951	996	45	16.4	13.55
y31-6-A5	B-K28	996	1064	68	28.4	4.7
y7-4-B4	B-K26	939	946	7	3.2	0.3
y7-4-B4	B-K27	946	992	46	12.5	11.4
y7-4-B4	B-K28	992	1049	57	29.5	22.35
y3-4-B3	B-K26	858	904	46	18	10.6
y3-4-B3	B-K27	904	952	48	26.2	25.35
y3-4-B3	B-K28	952	1012	60	27	26.7
y1-4-A5	B-K26	855	909	54	17.5	14.95
y1-4-A5	B-K27	909	958	49	21.6	21.6
y1-4-A5	B-K28	958	1019	61	32.9	29.1
y5-4-B1	B-K26	885	924	39	27.5	25.45
y5-4-B1	B-K27	924	974	50	16.7	14.55
y5-4-B1	B-K28	974	1037	63	39.4	34.2
y9-6-A3	B-K26	932	984	52	27.5	23.55
y9-6-A3	B-K27	984	1030	46	25.7	19.55
y9-6-A3	B-K28	1030	1080	50	23.4	13.05
y5-2-B6	B-K27	949	972	23	9.5	4.75
y5-2-B6	B-K28	972	1040	68	25.2	16.2
y11-4-A5	B-K27	964	1012	48	22.8	17.85
y11-4-A5	B-K28	1012	1075	63	26.4	12.05
y31-6-B1	B-K26	896	949	53	24.8	18.7
y31-6-B1	B-K27	949	993	44	25.7	15.35
y31-6-B1	B-K28	993	1062	69	30.5	4.3
y5-6-B1	B-K26	850	910	60	18.7	14.65
y5-6-B1	B-K27	910	958	48	20.7	17.95
y5-6-B1	B-K28	958	1020	62	26.5	23.4
y1-4-B4	B-K26	856	909	53	19.5	18.25
y1-4-B4	B-K27	909	959	50	19.4	17.75
y1-4-B4	B-K28	959	1020	61	31.9	25
y7-4-B3	B-K27	946	994	48	25.5	13.35
y7-4-B3	B-K28	994	1048	54	28.3	22.15
y9-4-A5	B-K28	1000	1063	63	29.6	20.75
y11-8	B-K26	444	557	113	55.9	0
y5-2-B5	B-K28	972	1040	68	61.6	36.1
y9-6-A2	B-K26	931	982	51	23.7	19.8
y9-6-A2	B-K27	982	1030	48	22.6	16.45
y9-6-A2	B-K28	1030	1080	50	21.5	13.9
y1-4-B3	B-K26	861	914	53	18.7	15.15
y1-4-B3	B-K27	914	967	53	23.3	23.3
y1-4-B3	B-K28	967	1024	57	26.5	19.65
y7-4-B2	B-K27	947	994	47	11.3	9.15
y7-4-B2	B-K28	994	1048	54	28.3	20.45
y5-2-B3	B-K28	972	1041	69	33.2	17.3
y9-6-A1	B-K26	538	589	51	22.3	0
y9-6-A1	B-K27	589	641	52	27.6	0
y9-6-A1	B-K28	641	693	52	21.9	0
y31-2-A6	B-K28	908	976	68	32.3	32.3
y31-4-B1	B-K26	906	953	47	24.1	19.9
y31-4-B1	B-K27	953	1003	50	29.6	25.7
y31-4-B1	B-K28	1003	1063	60	29.9	17.15
y33-4-A5	B-K26	908	955	47	12.5	11.1
y33-4-A5	B-K27	955	1002	47	25.5	24.75
y33-4-A5	B-K28	1002	1065	63	23	18.6
y31-2-B3	B-K28	907	976	69	38.3	36.8
y31-2-B4	B-K28	908	978	70	45.4	44.95
y9-4-B3	B-K28	1002	1066	64	23.2	21.6
y3-1-B6	B-K26	478	520	42	19.7	6.5
y33-4-B4	B-K26	905	951	46	16.2	14.05
y33-4-B4	B-K27	951	998	47	21.2	20.3
y33-4-B4	B-K28	998	1062	64	22.1	16.05
y35-4-A6	B-K26	842	906	64	14.4	13.05
y35-4-A6	B-K27	906	954	48	18	16.35
y35-4-A6	B-K28	954	1020	66	28.4	14.3
y31-2-B2	B-K28	906	974	68	39.2	37
y11-4-B1	B-K27	961	1010	49	14.8	10.75
y11-4-B1	B-K28	1010	1072	62	26.7	15.6
y33-4-B3	B-K26	900	948	48	14.9	12.7
y33-4-B3	B-K27	948	994	46	24.6	24.6
y33-4-B3	B-K28	994	1055	61	22.8	19.75
y31-2-B1	B-K28	905	975	70	41.9	40.9
y9-4-B2	B-K28	999	1062	63	22.7	20.85
y33-4-B2	B-K26	894	945	51	21.7	9
y33-4-B2	B-K27	945	992	47	18.1	16.8
y33-4-B2	B-K28	992	1056	64	29.9	10.25
y9-4-B1	B-K28	1000	1062	62	25	22
y33-4-B1	B-K26	892	943	51	20.2	11.6
y33-4-B1	B-K27	943	991	48	27	16.9
y33-4-B1	B-K28	991	1054	63	19.9	6