井名	层名	顶深(md)	底深(md)	层厚（m）	砂岩厚度（m）	有效厚度（m）	砂地比	解释砂层个数	解释油层个数	加权孔隙度(%)	加权渗透率(md)	突进系数Tk	渗透率级差Jk	变异系数Vk
sha37	B-K211	902	940	38	21.7	20.6	0.57	9	9	12.68	152.28	2.11	6.68	1.49
sha37	B-K212	940	996	56	30.4	14.1	0.54	16	16	15.71	121.6	1.83	18.03	1.93
sha40	B-K211	1116	1147	31	10.3	9.65	0.33	5	5	24.34	199.29	1.43	2.54	0.82
sha40	B-K212	1147	1205	58	25.3	19.6	0.44	15	15	18.05	63.64	1.85	5.87	1.39
sha45	B-K211	1139	1182	43	20.7	0	0.48	6	6	11.5	139.87	3.28	13.49	2.53
sha45	B-K212	1182	1241	59	25.7	0	0.44	10	10	15.16	35.48	1.29	2.08	0.6
yd104	B-K211	919	967	48	21.5	7.7	0.45	4	4	20.12	83.99	1.34	2.1	0.55
yd104	B-K212	967	1035	68	25.9	8.4	0.38	7	7	19.95	89.54	1.79	3.5	1.06
yd107	B-K211	1180	1220	40	25.5	19.5	0.64	6	6	20.28	39.58	1.57	2.71	0.84
yd107	B-K212	1220	1281	61	22	22	0.36	9	9	19.05	31.81	1.87	4.72	1.36
yshi1-1	B-K211	906	944	38	13.7	12.25	0.36	4	4	19.35	155.11	1.73	4.1	1.09
yshi1-1	B-K212	944	1004	60	30.3	26.7	0.51	12	12	17.39	86.22	3.06	13.73	2.78
yshi1-2	B-K211	908	946	38	16.5	7.9	0.43	7	7	15.77	70.01	1.51	3.59	0.91
yshi1-2	B-K212	946	1005	59	31.6	19.2	0.54	18	18	16.24	54.44	1.64	3.16	1.31
yshi1-3	B-K211	909	947	38	17.7	8.5	0.47	8	8	20.47	101.51	1.99	7.61	1.62
yshi1-3	B-K212	947	1005	58	36.8	19.05	0.63	15	15	20.75	109.46	2.29	13.5	2.35
yshi1-4	B-K211	909	947	38	20.5	11.4	0.54	6	6	19.09	143.23	1.43	3.03	0.89
yshi1-4	B-K212	947	1006	59	29.2	9.05	0.49	9	9	18.46	140.33	1.26	1.57	0.44
yshi2-1	B-K211	1076	1114	38	19.6	3.6	0.52	6	6	19.63	86.1	2.14	9.5	1.42
yshi2-1	B-K212	1114	1170	56	30.5	11.1	0.54	8	8	20.9	106.97	1.79	4.43	1.43
yshi2-2	B-K211	1076	1115	39	19.5	8.4	0.5	6	6	18.96	79.26	2.04	7.3	1.72
yshi2-2	B-K212	1115	1170	55	32.2	13.9	0.59	10	10	21.29	158.91	2.08	13.98	1.79
yshi2-3	B-K211	1076	1115	39	15.4	3.5	0.39	5	5	18.32	93.29	1.9	5.93	1.24
yshi2-3	B-K212	1115	1171	56	28.2	14.2	0.5	9	9	18.46	83.96	1.68	3.25	1.17
yshi2-4	B-K211	1076	1116	40	16.3	2.85	0.41	7	7	19.47	76.24	1.53	2.46	0.96
yshi2-4	B-K212	1116	1171	55	27.4	14.15	0.5	12	12	19.71	104.03	2.51	9.83	2.17
yshi2-5	B-K211	1075	1114	39	16.5	4.15	0.42	8	8	17.28	207.7	1.73	10.62	1.44
yshi2-5	B-K212	1114	1169	55	25.3	11.6	0.46	10	10	17.22	170.51	1.55	3.06	1.03
yshi4-1	B-K211	912	952	40	18.8	5.8	0.47	5	5	15.03	131.38	2.02	5.5	1.7
yshi4-1	B-K212	952	1009	57	29.5	1.75	0.52	9	9	18.65	254.33	1.21	1.62	0.5
yshi4-2	B-K211	914	953	39	11.5	2.3	0.29	5	5	10.65	201.91	1.32	2.15	0.53
yshi4-2	B-K212	953	1008	55	29	3.45	0.53	11	11	14.69	160.87	1.72	3.12	1.08
yshi4-3	B-K211	915	952	37	13.3	2.85	0.36	6	6	15.81	57.31	1.69	4.71	1.26
yshi4-3	B-K212	952	1008	56	28.5	0	0.51	10	10	16.13	75.55	1.45	3.03	1.17
yshi5-1	B-K211	820	922	102	34.3	13.25	0.34	12	12	16.79	124.37	1.98	5.06	1.59
yshi5-1	B-K212	922	981	59	26.3	0	0.45	9	9	18.41	105.91	1.38	1.9	0.68
yshi6-1	B-K211	881	926	45	16.7	8.5	0.37	5	5	15.75	70.34	1.22	1.86	0.43
yshi6-1	B-K212	926	980	54	27.1	1.1	0.5	7	7	16.05	67.86	1.36	2.22	0.71
yshi7-1	B-K211	1113	1147	34	9.2	9.2	0.27	4	4	15.41	169.41	1.47	3.11	0.86
yshi7-1	B-K212	1147	1203	56	20.9	20.9	0.37	9	9	18.95	133.6	1.88	3.6	1.42
yshi8-1	B-K211	1150	1182	32	11.7	11.7	0.37	4	4	18.6	84.75	1.29	1.62	0.37
yshi8-1	B-K212	1182	1236	54	9.7	6.4	0.18	4	4	15.5	44.92	2.27	4.08	1.46
yshi10-1	B-K211	1158	1188	30	16.8	10.85	0.56	5	5	17.78	43.8	2.21	4.36	1.39
yshi10-1	B-K212	1188	1245	57	27.8	21.25	0.49	9	9	17.03	30.2	1.46	3.05	1
yshi11-1	B-K211	1134	1172	38	20.4	16.1	0.54	6	6	15.4	103.66	1.34	2.42	0.65
yshi11-1	B-K212	1172	1224	52	21.3	21.3	0.41	9	9	16.31	122.35	2.44	5.6	1.74
yshi12-1	B-K211	1126	1161	35	13.2	13.2	0.38	5	5	21.89	103.59	1.5	1.9	0.58
yshi12-1	B-K212	1161	1219	58	24.7	24.7	0.43	10	10	20.33	100.76	2.03	3.62	1.29
yshi13-1	B-K211	1163	1192	29	16.7	7.3	0.58	6	6	16.65	59.84	2.29	4.44	1.52
yshi13-1	B-K212	1192	1251	59	27.4	23.95	0.46	10	10	16.28	35.94	2.02	3.1	1.37
yshi15-1	B-K211	1108	1144	36	17.2	17.2	0.48	6	6	16.47	252.71	1.32	1.86	0.55
yshi15-1	B-K212	1144	1200	56	27	27	0.48	11	11	16.04	164.12	1.67	3.86	1.28
yd114	B-K211	959	1001	42	22.5	0	0.54	7	7	12.91	112.53	1.37	1.88	0.56
yd114	B-K212	1001	1062	61	15	1.6	0.25	6	6	12.04	96.03	1.18	1.93	0.48
yd116	B-K211	1017	1068	51	16.7	5.5	0.33	5	5	14.31	70.77	1.44	2.51	0.68
yd116	B-K212	1068	1134	66	28.3	9.650001	0.43	9	9	14.66	50.32	1.47	2.91	0.75
yd117	B-K211	1140	1206	66	25	25	0.38	8	8	14.15	44.51	2.37	4.97	1.64
y11-2	B-K211	1193	1233	40	15.7	7.3	0.39	6	6	18.63	137.25	1.55	3.13	0.78
y11-2	B-K212	1233	1292	59	23.9	10.55	0.41	10	10	16.85	179.13	1.69	2.87	0.94
y15-2	B-K211	1274	1320	46	24.8	0	0.54	9	9	18.1	74.98	2.09	21.18	2.26
y15-2	B-K212	1320	1402	82	50.4	4.9	0.61	12	12	17.57	59.43	2.05	7.74	2.08
y7-1-B6	B-K211	1164	1192	28	18.1	2.9	0.65	6	6	16.62	72.73	2.01	5.13	1.39
y7-1-B6	B-K212	1192	1251	59	24.4	9.65	0.41	9	9	15.35	39.8	1.68	3.01	1.08
y9-1-B6	B-K211	1176	1205	29	15.2	4.75	0.52	4	4	17.83	109.04	1.24	1.84	0.41
y9-1-B6	B-K212	1205	1266	61	34.8	25.35	0.57	13	13	16.99	103.79	1.48	4.17	1.21
y9-2-A6	B-K211	1180	1216	36	10.1	7.65	0.28	6	6	13.1	30.06	1.5	2.9	0.94
y9-2-A6	B-K212	1216	1278	62	30.6	21.85	0.49	13	13	19.51	56.02	1.75	3.49	1.35
y13-4-A6	B-K211	1219	1261	42	13.3	0	0.32	6	6	15.22	67.22	1.97	6.89	1.56
y13-4-A6	B-K212	1261	1326	65	27.2	0	0.42	12	12	15.89	56.27	2.34	5.51	1.96
y7-6-A5	B-K211	1129	1161	32	21	21	0.66	8	8	18.33	64.95	1.48	3.21	1.1
y45-2-B6	B-K211	926	962	36	8.1	1.25	0.23	5	5	21	152.27	1.36	3.22	0.7
y45-2-B6	B-K212	962	1023	61	28.2	0.55	0.46	9	9	21.91	180.96	1.59	3.51	1.05
y11-2-B4	B-K211	1200	1237	37	19.5	0	0.53	8	8	19.25	128.15	1.86	4.46	1.37
y11-2-B4	B-K212	1237	1296	59	33.5	0	0.57	10	10	18.54	126.8	2.02	6.67	1.65
y3-4-A6	B-K211	1130	1166	36	14.9	14.3	0.41	7	7	17.93	67.29	1.46	2.73	0.86
y3-4-A6	B-K212	1166	1226	60	18.5	18.5	0.31	9	9	15.59	68.67	1.46	2.41	1.09
y7-1-B3	B-K211	1165	1200	35	17.6	6.6	0.5	6	6	15.57	68.01	1.3	2.86	0.67
y7-1-B3	B-K212	1200	1258	58	31.8	27.8	0.55	13	13	16.99	59.13	1.42	2.44	0.99
y9-2-B5	B-K211	1178	1216	38	24.7	20.7	0.65	10	10	18.43	50.15	1.84	6.48	1.4
y9-2-B5	B-K212	1216	1276	60	33.2	20.25	0.55	12	12	17.99	35.74	2.27	8.47	2.05
y7-6-A4	B-K211	1132	1165	33	13.4	12.7	0.41	6	6	18.67	90.81	1.48	3.52	0.91
y7-6-A4	B-K212	1165	1201	36	14.1	14.1	0.39	8	8	15.44	187.85	1.43	3.47	1.05
y1-1-B5	B-K211	1113	1145	32	8.1	4.9	0.25	5	5	14.31	42.26	1.6	2.39	0.78
y1-1-B5	B-K212	1145	1202	57	21.1	18.3	0.37	9	9	15.36	37.11	1.75	2.7	1
y7-1-B5	B-K211	1160	1190	30	18.1	7.2	0.6	6	6	15.79	134.4	2.3	7.44	2.06
y7-1-B5	B-K212	1190	1249	59	34.4	23.9	0.58	10	10	13.99	112.28	2.47	13.15	1.94
y5-4-A6	B-K211	1146	1185	39	15.6	15.6	0.4	7	7	10.95	109.26	1.37	1.75	0.45
y5-4-A6	B-K212	1185	1246	61	14.5	14.5	0.24	8	8	2.52	117.54	1.51	2.4	0.76
y9-2-B4	B-K211	1187	1225	38	13	11.3	0.34	7	7	11.38	46.87	1.58	2.76	0.74
y9-2-B4	B-K212	1225	1284	59	26.5	19.55	0.45	12	12	16.72	128.57	1.76	4.22	1.52
y1-1-B3	B-K211	1111	1144	33	10.8	6.65	0.33	4	4	16.75	65.24	2.21	7.66	1.46
y1-1-B3	B-K212	1144	1202	58	23.6	16	0.41	14	14	15.96	70.76	2.2	34.12	2.08
y7-6-A3	B-K211	1134	1165	31	17.6	14.85	0.57	5	5	14.85	23.03	1.98	4.94	1.19
y9-4-A6	B-K211	1180	1219	39	21.7	15.1	0.56	7	7	16.16	102.53	1.32	1.67	0.39
y9-4-A6	B-K212	1219	1282	63	23.8	20.6	0.38	12	12	15.59	84.74	1.67	3.97	1.31
y3-4-A5	B-K211	1129	1165	36	13.3	13.3	0.37	5	5	18.29	115.97	1.15	1.37	0.23
y3-4-A5	B-K212	1165	1226	61	20.4	19.05	0.33	11	11	18.44	92.54	1.77	4.71	1.41
y9-2-B3	B-K211	1179	1221	42	18.8	13.9	0.45	8	8	15.47	38.99	1.78	3.43	1.16
y9-2-B3	B-K212	1221	1283	62	29.2	23.95	0.47	12	12	16.64	53.48	2.39	4.9	2.08
y5-1-B5	B-K211	1159	1189	30	17.1	5.5	0.57	5	5	20.15	224.15	1.24	2.2	0.54
y5-1-B5	B-K212	1189	1246	57	28.7	18.6	0.5	14	14	17.93	138.88	2.17	49.35	2.34
y7-2-A6	B-K211	1173	1206	33	12.7	9	0.38	7	7	16.48	37.53	2.18	4.81	1.48
y7-2-A6	B-K212	1206	1265	59	33.6	18.55	0.57	10	10	16.72	44.55	1.52	3.74	1.05
y7-6-B3	B-K211	1133	1162	29	12	6	0.41	5	5	16.67	47.44	1.76	4.3	1.19
y5-4-A5	B-K211	1147	1185	38	18.4	15.85	0.48	7	7	11.68	33.82	1.56	2.43	0.71
y5-4-A5	B-K212	1185	1247	62	28.9	23.95	0.47	13	13	13.06	50.08	3.39	6.89	2.61
y9-2-B2	B-K211	1179	1225	46	16.9	14.75	0.37	8	8	21.87	97.65	1.78	7.13	1.22
y9-1-B4	B-K211	1172	1200	28	11	1.5	0.39	5	5	17.16	128.11	1.72	3.59	1.02
y9-1-B4	B-K212	1200	1257	57	27.9	11.85	0.49	11	11	16.11	113.01	1.83	8.74	1.57
y5-1-B3	B-K211	1158	1188	30	15.1	3.4	0.5	5	5	16.16	19.81	1.35	1.94	0.5
y5-1-B3	B-K212	1188	1245	57	27.4	15.15	0.48	14	14	11.96	13.52	1.45	2.42	0.81
y1-2-B4	B-K211	1106	1142	36	16.2	16.2	0.45	5	5	20.04	72.7	1.36	1.78	0.5
y1-2-B4	B-K212	1142	1198	56	21.5	20.6	0.38	11	11	19.82	41.68	1.88	3.83	1.24
y1-1-B2	B-K211	1110	1145	35	6.4	4.9	0.18	3	3	13.42	84.08	1.52	3.19	0.74
y13-6-A5	B-K211	1203	1216	13	5.1	0	0.39	2	2	14.81	37.68	1.35	2.07	0.49
y5-1-B2	B-K211	1158	1190	32	1.5	0	0.05	1	1	24.02	179.55	1	1	0
y3-4-B4	B-K211	1128	1166	38	18.3	18.3	0.48	6	6	16.59	125.34	1.18	1.39	0.3
y3-4-B4	B-K212	1166	1225	59	24.1	21.2	0.41	12	12	16.08	92.62	1.77	3.76	1.27
y3-2-B5	B-K211	1124	1159	35	17.5	14.3	0.5	8	8	13.71	41.68	2.21	210.06	1.6
y3-2-B5	B-K212	1159	1221	62	30	27	0.48	17	17	17.53	76.69	4.61	14.84	3.87
y5-4-B4	B-K211	1148	1187	39	18.1	17.4	0.46	9	9	13.86	72.16	1.48	5.04	1.07
y5-4-B4	B-K212	1187	1248	61	28.1	27.5	0.46	13	13	19.75	97.61	1.69	6.58	1.66
y7-6-B2	B-K211	1135	1165	30	0.7	0.35	0.02	1	1	17.96	31.12	1	1	0
y1-2-B3	B-K211	1106	1143	37	17.4	17.4	0.47	5	5	18.57	118.76	1.42	1.89	0.52
y1-2-B3	B-K212	1143	1200	57	25.1	23.4	0.44	10	10	15.84	72.13	1.43	3.38	1.12
y7-2-B5	B-K211	1174	1204	30	10.4	7.6	0.35	7	7	7.72	42.82	1.61	2.21	0.79
y7-2-B5	B-K212	1204	1267	63	34.1	25.55	0.54	11	11	12.21	52.71	2.16	3.6	1.45
y3-2-B3	B-K211	1124	1160	36	19	19	0.53	8	8	18.66	119.72	2.06	6.75	1.78
y3-2-B3	B-K212	1160	1221	61	29.5	27	0.48	15	15	17.09	90.62	1.72	17.73	1.67
y9-1-B3	B-K211	1163	1198	35	15.2	4.45	0.43	6	6	14.5	147.03	2.63	19.73	2.25
y9-1-B3	B-K212	1198	1251	53	29.1	14.75	0.55	10	10	14.9	108.05	2	18.3	1.92
y5-4-B3	B-K211	1147	1186	39	17.2	15.7	0.44	7	7	13.51	76.74	1.5	756.5	1.19
y5-4-B3	B-K212	1186	1246	60	30.9	28.5	0.52	12	12	16.89	93.23	2	84.36	2.06
y31-4-A6	B-K211	1192	1230	38	8.1	8.1	0.21	4	4	19.56	106.25	1.33	1.84	0.52
y31-4-A6	B-K212	1230	1292	62	30.3	22.25	0.49	18	18	18.7	81.65	1.7	3.97	1.55
y3-4-B2	B-K211	1126	1160	34	9	9	0.26	4	4	21	113.84	1.56	5.69	0.96
y7-2-B4	B-K211	1175	1207	32	14	10.95	0.44	8	8	16.85	94.58	2.12	7.08	1.61
y7-2-B4	B-K212	1207	1266	59	24.8	21.3	0.42	10	10	15.09	65.14	2.54	6.96	2.08
y1-2-B2	B-K211	1109	1140	31	5.8	5.8	0.19	2	2	21.47	95.98	1.14	1.32	0.2
y3-2-B2	B-K211	1125	1155	30	7.2	7.2	0.24	2	2	22.57	235.68	1.05	1.1	0.06
y5-6-A5	B-K211	1134	1200	66	26.1	20.2	0.4	9	9	18.76	134.71	1.81	8.51	1.52
y5-6-A5	B-K212	1200	1272	72	39.3	36.1	0.55	14	14	19.51	116.98	1.75	17.83	1.93
y13-2-A6	B-K211	1259	1296	37	12.4	0	0.34	3	3	15.51	148.55	1.49	2.13	0.61
y13-2-A6	B-K212	1296	1546	250	108.1	1.75	0.43	29	29	18.45	194.28	2.23	71.61	3.3
y11-4-A6	B-K211	1182	1224	42	23.5	6.5	0.56	7	7	12.74	114.04	1.45	8.06	1.04
y11-4-A6	B-K212	1224	1284	60	27.7	18	0.46	13	13	14.39	75.8	2.14	29.45	1.77
y7-4-A6	B-K211	1166	1206	40	20.8	16.2	0.52	8	8	18.01	146.32	1.56	11.34	1.18
y7-4-A6	B-K212	1206	1270	64	28.9	22.05	0.45	9	9	18.8	84.42	1.55	3.06	0.95
y5-4-B2	B-K211	1149	1180	31	4.7	3.85	0.15	3	3	6.58	65.9	1	1	0
y5-6-A3	B-K211	1134	1200	66	20.2	15.9	0.31	8	8	17.75	85.98	2.66	16.02	2.12
y5-6-A3	B-K212	1200	1272	72	37.8	33.8	0.53	14	14	13.61	60.9	2.63	5.92	2.21
y31-4-B4	B-K211	1188	1221	33	11.8	11.8	0.36	5	5	18.95	120.99	1.95	4.68	1.22
y31-4-B4	B-K212	1221	1291	70	29	24.5	0.41	15	15	16.42	90.51	2.25	13.13	2.04
y11-4-B4	B-K211	1179	1222	43	19.8	6.35	0.46	7	7	17.02	120.29	1.49	4.02	1.18
y11-4-B4	B-K212	1222	1278	56	27.5	18.65	0.49	9	9	17.29	83.93	1.79	6.38	1.15
y5-6-B2	B-K211	1140	1190	50	13.6	13.6	0.27	6	6	13.79	161.74	1.25	2.21	0.53
y7-4-B4	B-K211	1165	1205	40	20.4	10.2	0.51	4	4	17.71	289.3	1.26	1.72	0.37
y7-4-B4	B-K212	1205	1267	62	28.6	19.65	0.46	10	10	18.21	182.23	1.49	5.63	1.1
y3-4-B3	B-K211	1130	1166	36	17.2	17.2	0.48	5	5	16.07	58.36	1.21	1.65	0.42
y3-4-B3	B-K212	1166	1227	61	27.9	23.1	0.46	15	15	16.25	43.49	1.57	19.26	1.69
y7-2-B2	B-K211	1174	1210	36	12.1	6.7	0.34	4	4	10.69	15.21	1.39	3.79	0.82
y1-4-A5	B-K211	1124	1162	38	13.4	12	0.35	5	5	19.37	134.92	1.37	1.8	0.45
y1-4-A5	B-K212	1162	1222	60	23.3	18.8	0.39	9	9	17.6	89.77	1.48	4.12	0.88
y9-6-A3	B-K211	1192	1214	22	7.9	5	0.36	2	2	6.97	36.21	1.16	1.38	0.23
y5-2-B6	B-K211	1151	1184	33	17	15.7	0.52	6	6	16.49	138.12	1.21	1.6	0.45
y5-2-B6	B-K212	1184	1237	53	22.3	15.05	0.42	9	9	20.65	147.43	1.63	3.39	1.05
y11-4-A5	B-K211	1181	1223	42	15.3	4.7	0.36	9	9	20.08	168.9	1.68	3.62	1.16
y11-4-A5	B-K212	1223	1281	58	28.7	17.2	0.49	10	10	20.4	131.16	1.54	3.02	1.13
y1-4-B4	B-K211	1124	1162	38	14.2	12.9	0.37	5	5	14.5	147.38	1.27	1.88	0.46
y1-4-B4	B-K212	1162	1221	59	24	20.05	0.41	9	9	19.53	175.65	1.37	3.09	0.81
y7-4-B3	B-K211	1164	1205	41	22.8	15.15	0.56	7	7	18.14	65.33	1.33	5.81	0.9
y7-4-B3	B-K212	1205	1266	61	31.1	24.75	0.51	11	11	16.35	43.84	1.69	4.25	1.37
y9-4-A5	B-K211	1177	1217	40	20	13.15	0.5	8	8	14.56	129.04	1.65	4.06	1.11
y9-4-A5	B-K212	1217	1277	60	23.5	15.5	0.39	13	13	11.17	70.77	2.42	5.95	2.13
y5-2-B5	B-K211	1151	1184	33	30	30	0.91	12	12	19.45	223.53	1.6	2.97	1.29
y5-2-B5	B-K212	1184	1237	53	38.6	27.7	0.73	22	22	15.44	58.55	1.93	7.83	2.11
y9-6-A2	B-K211	1194	1216	22	8.7	8.7	0.4	4	4	18.66	107.19	1.54	3.14	0.83
y1-4-B3	B-K211	1130	1169	39	17.4	11.5	0.45	7	7	19.62	116.76	1.58	4.57	1.21
y1-4-B3	B-K212	1169	1225	56	27	19.95	0.48	9	9	18.38	92.93	1.86	10.3	1.94
y7-4-B2	B-K211	1163	1210	47	18	9.9	0.38	5	5	14.35	170.89	1.33	6.95	0.94
y33-2-B5	B-K211	1018	1072	54	22.4	13.15	0.41	9	9	21.34	155.56	1.49	4.21	1.14
y33-2-B5	B-K212	1072	1138	66	28.7	23.05	0.43	10	10	18.62	136.96	1.44	3.27	0.97
y5-2-B3	B-K211	1153	1187	34	16.8	14.7	0.49	6	6	14.78	191.17	1.67	9.34	1.17
y5-2-B3	B-K212	1187	1240	53	23.9	18.7	0.45	11	11	17.7	99.97	1.82	12.25	1.46
y31-2-A6	B-K211	1080	1119	39	21.4	21.4	0.55	6	6	23.89	122.58	1.3	1.62	0.4
y31-2-A6	B-K212	1119	1177	58	32	30.45	0.55	7	7	25.33	129.34	1.31	2	0.61
y33-4-A5	B-K211	1192	1228	36	11.6	9.4	0.32	5	5	19.14	81.34	1.87	3.58	1.05
y33-4-A5	B-K212	1228	1292	64	27	20.5	0.42	11	11	17.11	45.71	1.78	3.71	1.33
y31-2-B3	B-K211	1080	1121	41	16.9	16.45	0.41	9	9	20.95	125.56	1.62	7.31	1.18
y31-2-B3	B-K212	1121	1177	56	24.9	23.8	0.44	14	14	19.67	122.76	1.47	4.44	1.33
y31-2-B4	B-K211	1081	1121	40	25.3	22.9	0.63	8	8	10.21	126.14	1.26	1.53	0.35
y31-2-B4	B-K212	1121	1178	57	29.1	26.75	0.51	11	11	12.54	130.55	1.61	5.74	1.25
y9-4-B3	B-K211	1180	1219	39	20.2	14.1	0.52	8	8	17.51	117.06	1.39	2.42	0.58
y9-4-B3	B-K212	1219	1281	62	28.2	18.25	0.45	12	12	17.49	72.43	2.5	8.01	2.25
y3-1-B6	B-K212	810	872	62	39.4	1.75	0.64	14	14	20.06	143	1.95	6.21	2.15
y33-4-B4	B-K211	1188	1225	37	13.9	12	0.38	5	5	17.1	88.95	1.76	3.66	0.95
y33-4-B4	B-K212	1225	1288	63	26.4	19.55	0.42	13	13	19.77	84.72	3.01	5.22	2.2
y35-4-A6	B-K211	1140	1192	52	22.7	2.65	0.44	8	8	19.63	228.75	1.54	5.48	0.98
y35-4-A6	B-K212	1192	1260	68	22.3	0	0.33	6	6	18.53	145.06	1.34	1.69	0.48
y31-2-B2	B-K211	1078	1118	40	18.1	17.25	0.45	10	10	14.18	151.11	1.9	41.14	1.84
y31-2-B2	B-K212	1118	1130	12	0	0	0	0	0	0	0	0	0	0
y33-4-B3	B-K211	1182	1223	41	11.7	8.05	0.29	5	5	16.21	81.82	2	7.27	1.26
y33-4-B3	B-K212	1223	1286	63	28.2	20.9	0.45	9	9	18.44	59.87	2.04	4.31	1.43
y9-4-B2	B-K211	1175	1230	55	22.7	15.5	0.41	8	8	16.56	166.24	1.2	1.67	0.4
y32-2-A3	B-K211	1192	1236	44	22	14.8	0.5	8	8	15.47	52.45	1.87	11.75	1.66
y32-2-A3	B-K212	1236	1299	63	29.9	21.2	0.47	11	11	17.75	77.99	1.79	4.73	1.26
y33-4-B2	B-K211	1178	1215	37	12.3	6.7	0.33	4	4	20.01	146.23	2.19	45.05	1.82
y33-4-B2	B-K212	1215	1245	30	10.5	4.35	0.35	4	4	19.51	87.31	2.01	10.92	1.31
