井名	层名	顶深(md)	底深(md)	层厚（m）	砂岩厚度（m）	有效厚度（m）	砂地比
sha40	B-K35	1444	1507	63	38.4	28.55	0.61
sha40	B-K36	1507	1574	67	28.6	25.8	0.43
sha40	B-K37	1574	1642	68	34.2	26.5	0.5
sha45	B-K35	1510	1577	67	28.4	15.05	0.42
sha45	B-K36	1577	1654	77	13.7	2.85	0.18
sha45	B-K37	1654	1738	84	19.5	4.4	0.23
yd102	B-K35	1511	1581	70	28.6	21.6	0.41
yd102	B-K36	1581	1656	75	13.6	11.9	0.18
yd102	B-K37	1656	1740	84	25.5	21.35	0.3
yd103	B-K35	1260	1324	64	31.3	19.35	0.49
yd103	B-K36	1324	1390	66	28	28	0.42
yd103	B-K37	1390	1461	71	30.7	28.6	0.43
yd104	B-K35	1310	1378	68	40.5	21.8	0.6
yd104	B-K36	1378	1455	77	37.6	21.15	0.49
yd104	B-K37	1455	1511	56	27.5	12.35	0.49
yshi1-1	B-K35	1248	1316	68	16.1	12.75	0.24
yshi1-1	B-K36	1316	1406	90	0	0	0
yshi1-2	B-K35	1251	1319	68	11.7	11.7	0.17
yshi2-1	B-K35	1436	1498	62	20.9	16.65	0.34
yshi2-1	B-K36	1498	1562	64	11.5	9.4	0.18
yshi2-1	B-K37	1562	1629	67	14.2	14.2	0.21
yshi2-2	B-K35	1431	1498	67	23.7	17.6	0.35
yshi2-2	B-K36	1498	1567	69	20.6	11.95	0.3
yshi2-2	B-K37	1567	1632	65	17.1	10.35	0.26
yshi2-3	B-K35	1433	1501	68	25.3	23.9	0.37
yshi2-3	B-K36	1501	1568	67	11	10	0.16
yshi2-3	B-K37	1568	1643	75	24.4	9.3	0.33
yshi2-4	B-K35	1431	1490	59	15.5	12.1	0.26
yshi3-1	B-K35	1245	1314	69	25.1	4.35	0.36
yshi3-1	B-K36	1314	1390	76	31.6	23.6	0.42
yshi3-1	B-K37	1390	1472	82	22.3	20.35	0.27
yshi4-1	B-K35	1260	1355	95	41.3	33.65	0.43
yshi4-2	B-K35	1261	1361	100	32	15.5	0.32
yshi4-3	B-K35	1260	1370	110	31.5	13.05	0.29
yshi5-1	B-K35	1230	1307	77	17.2	12.95	0.22
yshi5-1	B-K36	1307	1384	77	14.7	12.1	0.19
yshi5-1	B-K37	1384	1446	62	13.9	5.05	0.22
yshi6-1	B-K35	1236	1308	72	20.7	13.75	0.29
yshi6-1	B-K36	1308	1385	77	15.4	14.45	0.2
yshi6-1	B-K37	1385	1539	154	27.6	14.8	0.18
yshi7-1	B-K35	1446	1510	64	16.5	16.5	0.26
yshi7-1	B-K36	1510	1577	67	18	18	0.27
yshi7-1	B-K37	1577	1643	66	16.8	12.05	0.25
yshi8-1	B-K35	1515	1579	64	20.4	17.8	0.32
yshi8-1	B-K36	1579	1667	88	18.2	12.15	0.21
yshi9-1	B-K35	1487	1570	83	23.8	20.75	0.29
yshi9-1	B-K36	1570	1635	65	9.8	6.9	0.15
yshi9-1	B-K37	1635	1703	68	16.4	9.1	0.24
yshi10-1	B-K35	1490	1556	66	33.7	24.3	0.51
yshi10-1	B-K36	1556	1629	73	40.8	15.9	0.56
yshi10-1	B-K37	1629	1705	76	17.1	9.75	0.23
yshi11-1	B-K35	1466	1530	64	18.5	11.65	0.29
yshi11-1	B-K36	1530	1592	62	21.6	7.5	0.35
yshi11-1	B-K37	1592	1725	133	35.2	10.65	0.26
yshi12-1	B-K35	1483	1625	142	43.1	31.45	0.3
yshi12-1	B-K37	1625	1734	109	19.9	4.1	0.18
yshi13-1	B-K35	1506	1571	65	27.1	27.1	0.42
yshi13-1	B-K36	1571	1652	81	21.4	21.4	0.26
yshi13-1	B-K37	1652	1720	68	7.6	3	0.11
yshi14-1	B-K35	1462	1537	75	23	17.4	0.31
yshi14-1	B-K36	1537	1602	65	25.5	11.15	0.39
yshi14-1	B-K37	1602	1670	68	18.3	7.25	0.27
yshi15-1	B-K35	1468	1536	68	29.9	13.55	0.44
yshi15-1	B-K36	1536	1612	76	35.1	17.55	0.46
yshi15-1	B-K37	1612	1660	48	12.1	0	0.25
yd112	B-K35	1515	1568	53	17.1	1.6	0.32
yd112	B-K36	1568	1640	72	28.4	4.4	0.39
yd112	B-K37	1640	1723	83	26.2	8.6	0.32
yd114	B-K35	1315	1383	68	19.8	9.55	0.29
yd114	B-K36	1383	1460	77	26.3	10.35	0.34
yd114	B-K37	1460	1540	80	24.5	16.05	0.31
yd116	B-K35	1449	1525	76	21.6	0	0.28
yd116	B-K36	1525	1598	73	3.1	0	0.04
y11-2	B-K35	1552	1622	70	16.6	9	0.24
y11-2	B-K36	1622	1738	116	21.4	16.5	0.18
y7-1-B6	B-K35	1507	1572	65	20.7	11.1	0.32
y7-1-B6	B-K36	1572	1652	80	18.9	17	0.24
y7-1-B6	B-K37	1652	1719	67	17.3	4	0.26
y9-2-A6	B-K35	1542	1608	66	18.9	10.4	0.29
y9-2-A6	B-K36	1608	1696	88	20.4	17.05	0.23
y9-2-A6	B-K37	1696	1782	86	24.8	8.8	0.29
y45-2-B6	B-K35	1282	1352	70	6	0	0.09
y45-2-B6	B-K36	1352	1425	73	13.9	1.45	0.19
y45-2-B6	B-K37	1425	1450	25	0	0	0
y11-2-B4	B-K35	1539	1611	72	30.5	21.5	0.42
y11-2-B4	B-K36	1611	1630	19	1.5	0	0.08
y3-3-B6	B-K35	1460	1532	72	24.6	19.1	0.34
y3-3-B6	B-K36	1532	1596	64	20.3	3.85	0.32
y3-3-B6	B-K37	1596	1661	65	5.5	2.75	0.08
y13-1-B6	B-K35	1529	1596	67	23.3	17	0.35
y13-1-B6	B-K36	1596	1654	58	13.9	10.45	0.24
y5-3-B6	B-K35	1483	1551	68	31.3	16.4	0.46
y3-4-A6	B-K35	1548	1590	42	12.4	10	0.3
y9-2-B5	B-K35	1542	1600	58	18.5	9.2	0.32
y1-1-B5	B-K35	1447	1482	35	8.5	4.85	0.24
y3-3-B5	B-K35	1460	1500	40	13.1	13.1	0.33
y7-1-B5	B-K35	1504	1535	31	11.4	9.3	0.37
y9-1-B5	B-K35	1553	1585	32	2.1	0	0.07
y13-1-B5	B-K35	1533	1560	27	5.7	1.2	0.21
y5-3-B5	B-K35	1482	1520	38	6.1	4.3	0.16
y3-4-A5	B-K35	1548	1580	32	2.5	1.25	0.08
y5-1-B5	B-K35	1489	1520	31	2.4	1.2	0.08
y7-2-A6	B-K35	1516	1580	64	13.4	8.45	0.21
y7-2-A6	B-K36	1580	1716	136	14.7	4.1	0.11
y3-2-B5	B-K35	1482	1515	33	7	4.4	0.21
y7-2-B5	B-K35	1519	1576	57	7.9	1.85	0.14
y9-3-B5	B-K35	1484	1530	46	13.4	12.85	0.29
y5-6-A5	B-K35	1576	1610	34	5.1	5.1	0.15
y11-1-B6	B-K35	1516	1598	82	30.1	13.85	0.37
y11-1-B5	B-K35	1514	1550	36	7.4	3.7	0.21
y7-3-B5	B-K35	1508	1570	62	22.1	11.25	0.36
y5-2-B6	B-K35	1515	1579	64	19.4	6.05	0.3
y5-2-B6	B-K36	1579	1670	91	18.9	9.3	0.21
y11-3-B6	B-K35	1512	1584	72	31.7	25.3	0.44
y11-3-B6	B-K36	1584	1660	76	14.9	10.8	0.2
y11-3-B6	B-K37	1660	1730	70	20.2	9.15	0.29
y5-2-B5	B-K35	1515	1565	50	35.8	31.1	0.72
y33-2-B5	B-K35	1456	1532	76	23.6	9.45	0.31
y33-2-B5	B-K36	1532	1580	48	14.1	1.75	0.29
y31-2-A6	B-K35	1438	1505	67	24.1	1	0.36
y31-2-A6	B-K36	1505	1576	71	19.6	0.95	0.28
y31-2-A6	B-K37	1576	1612	36	14	0	0.39
y9-5-B6	B-K35	1475	1544	69	29.5	6.6	0.43
y9-5-B6	B-K36	1544	1627	83	27	5	0.33
y9-5-B6	B-K37	1627	1701	74	24.6	12.95	0.33
y13-3-B6	B-K35	1492	1635	143	57.9	42.05	0.4
y13-3-B6	B-K37	1635	1670	35	16.7	0	0.48
y17-1-A6	B-K35	1595	1662	67	13.1	1.35	0.2
y17-1-A6	B-K36	1662	1740	78	20.4	0	0.26
y17-1-A6	B-K37	1740	1829	89	21	0	0.24
y23-1-A6	B-K35	1658	1724	66	12.5	0.55	0.19
y23-1-A6	B-K36	1724	1806	82	9.8	1.05	0.12
y23-1-A6	B-K37	1806	1896	90	18.8	8	0.21
y27-1	B-K35	1574	1642	68	25.5	12.9	0.38
y27-1	B-K36	1642	1739	97	18.1	0	0.19
y27-1	B-K37	1739	1808	69	24.4	10.55	0.35