井号	小层号	X	Y	补心海拔	顶深海拔	底深海拔	层厚	有效厚度	Por	Per	So
LFLN17-1	Ng-4-5	20563828.5	4140430.1	15.0	-1007.6	-1022.6	15.0	44.1	0.3	300.0	0.66
LFLN17-5	Ng-4-5	20563765.1	4140757.8	16.2	-1003.7	-1012.0	8.3	18.9	0.3	300.0	0.66
LFLN17-13	Ng-4-5	20563798.7	4141103.6	15.6	-1006.7	-1014.0	7.3	16.1	0.3	300.0	0.66
LFLN17-23	Ng-4-5	20563834.2	4141432.4	14.65	-1005.65	-1015.55	9.9	39.4	0.3	300.0	0.66
LFLN17-25	Ng-4-5	20564192.6	4141453.1	16.2	-1006.9	-1016.3	9.4	31.4	0.3	300.0	0.66
LFLN17-37	Ng-4-5	20564436.6	4141701.2	15.0	-1010.6	-1024.6	14.0	66.1	0.3	300.0	0.66
LFLN17-33	Ng-4-5	20563458.7	4141771.0	14.9	-1011.4	-1013.5	2.1	2.1	0.3	300.0	0.66
LFLN17-19	Ng-4-5	20563007.8	4141407.7	14.9	4.2	0.22	221.43	0.49
LFLN17-3	Ng-4-5	20563425.5	4140776.2	14.8	-1006.5	-1014.8	8.3	29.5	0.3	300.0	0.66
LFLN17-15	Ng-4-5	20564042.1	4141038.2	16.2	-1005.3	-1010.4	5.1	5.1	0.3	300.0	0.66
LFLN17-17	Ng-4-5	20564336.4	4140927.4	16.2	-1018.7	-1022.1	3.4	1.5	0.3	300.0	0.66
LFLN17-21	Ng-4-5	20563371.9	4141400.6	14.9	-1007.4	-1012.9	5.5	5.5	0.3	300.0	0.66
LFLN17-45	Ng-4-5	20564207.8	4142125.9	14.8	-1015.5	-1017.6	2.1	10.8	0.3	300.0	0.66
LFLN17-9	Ng-4-5	20562917.0	4141045.9	14.9	21.6	0.16	163.89	0.36
