方4-斜1	681	22.536	1.127
方4-斜1	682	14.673	1.051
方4-斜1	683	6.127	1.002
方4-斜1	684	357.309	0.986
方4-斜1	685	348.673	0.998
方4-斜1	686	340.127	1.032
方4-斜1	687	331.309	1.08
方4-斜1	688	322.764	1.124
方4-斜1	689	314.127	1.155
方4-斜1	690	305.4	1.179
方4-斜1	691	296.764	1.195
方4-斜1	692	288.127	1.206
方4-斜1	693	279.491	1.222
方4-斜1	694	270.855	1.234
方4-斜1	695	262.218	1.231
方4-斜1	696	253.491	1.208
方4-斜1	697	244.946	1.171
方4-斜1	698	236.309	1.136
方4-斜1	699	227.582	1.104
方4-斜1	700	218.946	1.077
方4-斜1	701	210.309	1.046
方4-斜1	702	201.991	1.007
方4-斜1	703	199.482	0.98
方4-斜1	704	201.836	0.97
方4-斜1	705	201.682	0.99
方4-斜1	706	202.664	1.036
方4-斜1	707	204.046	1.062
方4-斜1	708	202.573	1.068
方4-斜1	709	200.436	1.091
方4-斜1	710	199.473	1.109
方4-斜1	711	198.427	1.092
方4-斜1	712	196.764	1.062
方4-斜1	713	195.955	1.04
方4-斜1	714	195.7	1.029
方4-斜1	715	196.136	1.04
方4-斜1	716	197.4	1.053
方4-斜1	717	198.782	1.042
方4-斜1	718	198.582	1.004
方4-斜1	719	196.809	0.954
方4-斜1	720	194.7	0.906
方4-斜1	721	192.8	0.855
方4-斜1	722	191.818	0.813
方4-斜1	723	190.964	0.793
方4-斜1	724	188.6	0.785
方4-斜1	725	186	0.777
方4-斜1	726	183.627	0.78
方4-斜1	727	180.9	0.792
方4-斜1	728	179.809	0.79
方4-斜1	729	178.6	0.77
方4-斜1	730	176.091	0.742
方4-斜1	731	175.146	0.718
方4-斜1	732	175.018	0.699
方4-斜1	733	175.773	0.7
方4-斜1	734	176.864	0.718
方4-斜1	735	177.236	0.738
方4-斜1	736	177.218	0.748
方4-斜1	737	176.436	0.745
方4-斜1	738	174.618	0.741
方4-斜1	739	173.627	0.74
方4-斜1	740	173.127	0.735
方4-斜1	741	172.436	0.721
方4-斜1	742	171.582	0.714
方4-斜1	743	170.482	0.723
方4-斜1	744	170.373	0.728
方4-斜1	745	171.346	0.72
方4-斜1	746	171.564	0.704
方4-斜1	747	170.3	0.692
方4-斜1	748	169.5	0.69
方4-斜1	749	170.336	0.687
方4-斜1	750	171.518	0.675
方4-斜1	751	171.7	0.664
方4-斜1	752	170.864	0.669
方4-斜1	753	170.2	0.677
方4-斜1	754	171.236	0.679
方4-斜1	755	172.264	0.671
方4-斜1	756	172.218	0.649
方4-斜1	757	172.382	0.622
方4-斜1	758	171.409	0.604
方4-斜1	759	169.464	0.599
方4-斜1	760	169.373	0.589
方4-斜1	761	171.446	0.562
方4-斜1	762	173.4	0.534
方4-斜1	763	173.264	0.516
方4-斜1	764	172.7	0.513
方4-斜1	765	173.418	0.512
方4-斜1	766	176.755	0.5
方4-斜1	767	182.191	0.487
方4-斜1	768	186.809	0.497
方4-斜1	769	189.682	0.514
方4-斜1	770	191.391	0.518
方4-斜1	771	196.127	0.525
方4-斜1	772	201.836	0.541
方4-斜1	773	205.736	0.541
方4-斜1	774	208.909	0.526
方4-斜1	775	210.246	0.52
方4-斜1	776	210.682	0.521
方4-斜1	777	210.855	0.531
方4-斜1	778	210.7	0.555
方4-斜1	779	212.2	0.593
方4-斜1	780	215.127	0.632
方4-斜1	781	218.255	0.666
方4-斜1	782	220.346	0.697
方4-斜1	783	220.782	0.728
方4-斜1	784	220.327	0.749
方4-斜1	785	219.6	0.759
方4-斜1	786	219.4	0.769
方4-斜1	787	218.518	0.786
方4-斜1	788	216.118	0.811
方4-斜1	789	214.536	0.841
方4-斜1	790	214.5	0.845
方4-斜1	791	214.982	0.823
方4-斜1	792	216.255	0.798
方4-斜1	793	217.164	0.785
方4-斜1	794	216.173	0.79
方4-斜1	795	214.282	0.795
方4-斜1	796	211.227	0.787
方4-斜1	797	208.373	0.789
方4-斜1	798	206.982	0.802
方4-斜1	799	205.082	0.8
方4-斜1	800	202.318	0.779
方4-斜1	801	199.318	0.755
方4-斜1	802	196.255	0.731
方4-斜1	803	194.373	0.725
方4-斜1	804	193.564	0.725
方4-斜1	805	193.5	0.713
方4-斜1	806	193.527	0.705
方4-斜1	807	193.682	0.715
方4-斜1	808	192.636	0.712
方4-斜1	809	189.4	0.661
方4-斜1	810	185.273	0.586
方4-斜1	811	182.627	0.531
方4-斜1	812	180.736	0.509
方4-斜1	813	178.746	0.503
方4-斜1	814	177.682	0.509
方4-斜1	815	178.027	0.52
方4-斜1	816	178.218	0.531
方4-斜1	817	177.127	0.535
方4-斜1	818	176.491	0.516
方4-斜1	819	176.2	0.476
方4-斜1	820	176.473	0.421
方4-斜1	821	178.918	0.361
方4-斜1	822	185.827	0.298
方4-斜1	823	194.464	0.242
方4-斜1	824	203.009	0.191
方4-斜1	825	211.646	0.139
方4-斜1	826	219.836	0.096
方4-斜1	827	226.446	0.085
方4-斜1	828	233.873	0.087
方4-斜1	829	242.218	0.079
方4-斜1	830	248.064	0.069
方4-斜1	831	245.855	0.078
方4-斜1	832	244.682	0.097
方4-斜1	833	250.782	0.119
方4-斜1	834	258.382	0.142
方4-斜1	835	266.491	0.174
方4-斜1	836	273.155	0.207
方4-斜1	837	280.255	0.232
方4-斜1	838	288.582	0.249
方4-斜1	839	295.2	0.273
方4-斜1	840	299.446	0.304
方4-斜1	841	304.7	0.336
方4-斜1	842	308.736	0.363
方4-斜1	843	309.955	0.383
方4-斜1	844	311.318	0.384
方4-斜1	845	314.791	0.382
方4-斜1	846	318.682	0.387
方4-斜1	847	322.409	0.401
方4-斜1	848	323.936	0.432
方4-斜1	849	320.727	0.468
方4-斜1	850	314.291	0.501
方4-斜1	851	309.564	0.52
方4-斜1	852	304.564	0.517
方4-斜1	853	299.446	0.498
方4-斜1	854	296.018	0.464
方4-斜1	855	293.346	0.402
方4-斜1	856	290.727	0.309
方4-斜1	857	288.736	0.226
方4-斜1	858	288.473	0.177
方4-斜1	859	288.5	0.154
方4-斜1	860	282.955	0.141
方4-斜1	861	278.518	0.134
方4-斜1	862	279.046	0.129
方4-斜1	863	282.391	0.122
方4-斜1	864	284.773	0.118
方4-斜1	865	288.191	0.126
方4-斜1	866	296.055	0.136
方4-斜1	867	304.6	0.147
方4-斜1	868	313.146	0.155
方4-斜1	869	321.6	0.163
方4-斜1	870	330.146	0.159
方4-斜1	871	338.691	0.155
方4-斜1	872	346.482	0.17
方4-斜1	873	349.927	0.192
方4-斜1	874	346.627	0.2
方4-斜1	875	343.836	0.208
方4-斜1	876	348.091	0.232
方4-斜1	877	354.9	0.263
方4-斜1	878	228.836	0.296
方4-斜1	879	1.891	0.331
方4-斜1	880	1.764	0.358
方4-斜1	881	1.509	0.369
方4-斜1	882	1.5	0.37
方4-斜1	883	2.109	0.372
方4-斜1	884	3.764	0.381
方4-斜1	885	4.345	0.406
方4-斜1	886	3	0.445
方4-斜1	887	1.1	0.484
方4-斜1	888	359.418	0.52
方4-斜1	889	358.2	0.54
方4-斜1	890	356.946	0.556
方4-斜1	891	356.464	0.58
方4-斜1	892	355.491	0.612
方4-斜1	893	353.736	0.646
方4-斜1	894	351.146	0.679
方4-斜1	895	347.682	0.711
方4-斜1	896	345.336	0.738
方4-斜1	897	342.164	0.767
方4-斜1	898	338.082	0.792
方4-斜1	899	337.709	0.808
方4-斜1	900	339.536	0.82
方4-斜1	901	338.636	0.834
方4-斜1	902	335.827	0.839
方4-斜1	903	333.236	0.836
方4-斜1	904	332.164	0.824
方4-斜1	905	331.618	0.817
方4-斜1	906	332.036	0.831
方4-斜1	907	332.755	0.848
方4-斜1	908	333.273	0.864
方4-斜1	909	334.155	0.884
方4-斜1	910	334.882	0.906
方4-斜1	911	336.109	0.92
方4-斜1	912	337.146	0.929
方4-斜1	913	337.909	0.941
方4-斜1	914	339.3	0.955
方4-斜1	915	340.255	0.96
方4-斜1	916	340.527	0.959
方4-斜1	917	338.546	0.95
方4-斜1	918	335.473	0.935
方4-斜1	919	333.173	0.911
方4-斜1	920	330.309	0.874
方4-斜1	921	327.746	0.824
方4-斜1	922	326.618	0.779
方4-斜1	923	326.691	0.753
方4-斜1	924	327.027	0.732
方4-斜1	925	329.127	0.685
方4-斜1	926	331.536	0.633
方4-斜1	927	331.446	0.609
方4-斜1	928	330.364	0.604
方4-斜1	929	329.918	0.588
方4-斜1	930	331.218	0.558
方4-斜1	931	335.9	0.526
方4-斜1	932	341.782	0.507
方4-斜1	933	345.673	0.495
方4-斜1	934	347.682	0.495
方4-斜1	935	349.646	0.504
方4-斜1	936	350.246	0.514
方4-斜1	937	350.982	0.526
方4-斜1	938	352.4	0.553
方4-斜1	939	353.936	0.596
方4-斜1	940	355.655	0.658
方4-斜1	941	358.327	0.732
方4-斜1	942	0.582	0.808
方4-斜1	943	1.445	0.882
方4-斜1	944	0.4	0.956
方4-斜1	945	358.636	1.013
方4-斜1	946	357.836	1.053
方4-斜1	947	357.164	1.088
方4-斜1	948	356.082	1.123
方4-斜1	949	354.855	1.148
方4-斜1	950	354.136	1.155
方4-斜1	951	354.891	1.142
方4-斜1	952	355.936	1.125
方4-斜1	953	356.264	1.117
方4-斜1	954	356.682	1.112
方4-斜1	955	356.7	1.11
方4-斜1	956	356.255	1.11
方4-斜1	957	356.1	1.115
方4-斜1	958	355.818	1.132
方4-斜1	959	355.382	1.16
方4-斜1	960	354.646	1.189
方4-斜1	961	353.9	1.212
方4-斜1	962	352.973	1.234
方4-斜1	963	352.218	1.262
方4-斜1	964	351.855	1.294
方4-斜1	965	350.655	1.337
方4-斜1	966	347.6	1.383
方4-斜1	967	343.809	1.425
方4-斜1	968	341.4	1.461
方4-斜1	969	340.436	1.489
方4-斜1	970	339.627	1.507
方4-斜1	971	338.827	1.523
方4-斜1	972	338.264	1.53
方4-斜1	973	337.664	1.53
方4-斜1	974	337.282	1.535
方4-斜1	975	336.327	1.544
方4-斜1	976	335.309	1.546
方4-斜1	977	334.464	1.541
方4-斜1	978	333.973	1.533
方4-斜1	979	333.227	1.521
方4-斜1	980	333	1.505
方4-斜1	981	332.664	1.479
方4-斜1	982	331.591	1.448
方4-斜1	983	329.773	1.42
方4-斜1	984	328.946	1.394
方4-斜1	985	328.646	1.371
方4-斜1	986	328.718	1.35
方4-斜1	987	329.427	1.324
方4-斜1	988	331.155	1.29
方4-斜1	989	333.809	1.259
方4-斜1	990	336.109	1.244
方4-斜1	991	336.882	1.24
方4-斜1	992	336.9	1.24
方4-斜1	993	337.018	1.244
方4-斜1	994	337.718	1.255
方4-斜1	995	338.682	1.267
方4-斜1	996	340.1	1.289
方4-斜1	997	341.836	1.328
方4-斜1	998	343.864	1.383
方4-斜1	999	344.664	1.444
方4-斜1	1000	344.409	1.496
方4-斜1	1001	344.118	1.538
方4-斜1	1002	343.455	1.573
方4-斜1	1003	343.3	1.597
方4-斜1	1004	343.064	1.612
方4-斜1	1005	342.855	1.627
方4-斜1	1006	342.8	1.649
方4-斜1	1007	342.8	1.674
方4-斜1	1008	342.664	1.69
方4-斜1	1009	341.773	1.699
方4-斜1	1010	341.464	1.709
方4-斜1	1011	342	1.724
方4-斜1	1012	342.282	1.733
方4-斜1	1013	342.6	1.74
方4-斜1	1014	342.418	1.745
方4-斜1	1015	341.982	1.748
方4-斜1	1016	341.555	1.745
方4-斜1	1017	341.5	1.741
方4-斜1	1018	341.6	1.74
方4-斜1	1019	341.409	1.746
方4-斜1	1020	341.318	1.764
方4-斜1	1021	341.3	1.784
方4-斜1	1022	341.618	1.801
方4-斜1	1023	341.8	1.815
方4-斜1	1024	341.8	1.828
方4-斜1	1025	341.9	1.842
方4-斜1	1026	341.8	1.857
方4-斜1	1027	341.936	1.876
方4-斜1	1028	342.264	1.905
方4-斜1	1029	342.436	1.942
方4-斜1	1030	342.764	1.988
方4-斜1	1031	342.209	2.047
方4-斜1	1032	339.8	2.113
方4-斜1	1033	336.891	2.178
方4-斜1	1034	335.264	2.226
方4-斜1	1035	334.673	2.251
方4-斜1	1036	334.073	2.264
方4-斜1	1037	333.291	2.275
方4-斜1	1038	332.527	2.28
方4-斜1	1039	331.446	2.279
方4-斜1	1040	330.036	2.272
方4-斜1	1041	328.582	2.263
方4-斜1	1042	328.3	2.264
方4-斜1	1043	328.327	2.268
方4-斜1	1044	328.3	2.264
方4-斜1	1045	328.646	2.253
方4-斜1	1046	329.327	2.228
方4-斜1	1047	330.373	2.191
方4-斜1	1048	331.655	2.14
方4-斜1	1049	333.073	2.092
方4-斜1	1050	333.9	2.067
方4-斜1	1051	334.409	2.063
方4-斜1	1052	335.409	2.068
方4-斜1	1053	336.327	2.073
方4-斜1	1054	337.155	2.082
方4-斜1	1055	337.764	2.096
方4-斜1	1056	338.536	2.11
方4-斜1	1057	339.136	2.121
方4-斜1	1058	340.173	2.134
方4-斜1	1059	341.509	2.155
方4-斜1	1060	343.382	2.188
方4-斜1	1061	344.3	2.23
方4-斜1	1062	344.5	2.268
方4-斜1	1063	344.909	2.3
方4-斜1	1064	345.373	2.334
方4-斜1	1065	345.736	2.381
方4-斜1	1066	345.909	2.432
方4-斜1	1067	346.064	2.481
方4-斜1	1068	346.336	2.526
方4-斜1	1069	346.5	2.59
方4-斜1	1070	346	2.676
方4-斜1	1071	344.827	2.763
方4-斜1	1072	343.827	2.835
方4-斜1	1073	342.627	2.889
方4-斜1	1074	341.7	2.926
方4-斜1	1075	340.727	2.947
方4-斜1	1076	339.964	2.956
方4-斜1	1077	339.518	2.962
方4-斜1	1078	339.573	2.967
方4-斜1	1079	339.6	2.965
方4-斜1	1080	339.4	2.954
方4-斜1	1081	339.355	2.941
方4-斜1	1082	339.046	2.924
方4-斜1	1083	338.891	2.905
方4-斜1	1084	338.364	2.882
方4-斜1	1085	337.9	2.861
方4-斜1	1086	337.8	2.851
方4-斜1	1087	338.046	2.846
方4-斜1	1088	338.4	2.832
方4-斜1	1089	338.664	2.806
方4-斜1	1090	338.9	2.775
方4-斜1	1091	339.155	2.738
方4-斜1	1092	339.418	2.696
方4-斜1	1093	339.991	2.65
方4-斜1	1094	340.655	2.617
方4-斜1	1095	341.682	2.6
方4-斜1	1096	342.855	2.579
方4-斜1	1097	344.409	2.552
方4-斜1	1098	345.255	2.537
方4-斜1	1099	346.173	2.53
方4-斜1	1100	346.973	2.523
方4-斜1	1101	347.664	2.514
方4-斜1	1102	348.918	2.51
方4-斜1	1103	350.746	2.513
方4-斜1	1104	352.046	2.527
方4-斜1	1105	352.146	2.555
方4-斜1	1106	351.455	2.589
方4-斜1	1107	351.273	2.613
方4-斜1	1108	351.764	2.63
方4-斜1	1109	352.218	2.651
方4-斜1	1110	352.5	2.676
方4-斜1	1111	352.4	2.703
方4-斜1	1112	351.973	2.736
方4-斜1	1113	351.609	2.771
方4-斜1	1114	351.027	2.8
方4-斜1	1115	350.527	2.825
方4-斜1	1116	349.527	2.845
方4-斜1	1117	347.6	2.867
方4-斜1	1118	345.673	2.883
方4-斜1	1119	344.609	2.887
方4-斜1	1120	344.055	2.871
方4-斜1	1121	343.264	2.834
方4-斜1	1122	342.618	2.793
方4-斜1	1123	341.773	2.763
方4-斜1	1124	341.4	2.761
方4-斜1	1125	341.709	2.769
方4-斜1	1126	342.064	2.77
方4-斜1	1127	342.755	2.75
方4-斜1	1128	344.136	2.699
方4-斜1	1129	345.764	2.647
方4-斜1	1130	347.064	2.613
方4-斜1	1131	348.618	2.601
方4-斜1	1132	350.2	2.594
方4-斜1	1133	351.346	2.586
方4-斜1	1134	352.418	2.596
方4-斜1	1135	352.991	2.631
方4-斜1	1136	353.491	2.682
方4-斜1	1137	352.936	2.744
方4-斜1	1138	351.546	2.803
方4-斜1	1139	350.718	2.849
方4-斜1	1140	349.591	2.892
方4-斜1	1141	348.246	2.928
方4-斜1	1142	346.946	2.949
方4-斜1	1143	345.709	2.958
方4-斜1	1144	344.618	2.962
方4-斜1	1145	343.564	2.972
方4-斜1	1146	343	2.993
方4-斜1	1147	343.255	3.011
方4-斜1	1148	343.273	3
方4-斜1	1149	342.827	2.967
方4-斜1	1150	342.255	2.921
方4-斜1	1151	341.255	2.87
方4-斜1	1152	341.073	2.814
方4-斜1	1153	341.836	2.747
方4-斜1	1154	343.055	2.688
方4-斜1	1155	344.346	2.663
方4-斜1	1156	345.182	2.659
方4-斜1	1157	346	2.652
方4-斜1	1158	346.546	2.636
方4-斜1	1159	347.1	2.622
方4-斜1	1160	348.318	2.612
方4-斜1	1161	349.1	2.61
方4-斜1	1162	349.9	2.611
方4-斜1	1163	350.464	2.617
方4-斜1	1164	351.255	2.635
方4-斜1	1165	352.127	2.671
方4-斜1	1166	352.991	2.713
方4-斜1	1167	353.964	2.759
方4-斜1	1168	354.746	2.809
方4-斜1	1169	354.991	2.865
方4-斜1	1170	354.636	2.918
方4-斜1	1171	354.064	2.965
方4-斜1	1172	353.436	3
方4-斜1	1173	352.373	3.028
方4-斜1	1174	351.336	3.054
方4-斜1	1175	349.9	3.075
方4-斜1	1176	348.382	3.083
方4-斜1	1177	346.882	3.074
方4-斜1	1178	346.191	3.036
方4-斜1	1179	345.9	2.986
方4-斜1	1180	345.627	2.925
方4-斜1	1181	345.3	2.853
方4-斜1	1182	345.2	2.776
方4-斜1	1183	345.327	2.704
方4-斜1	1184	345.746	2.636
方4-斜1	1185	345.8	2.583
方4-斜1	1186	345.973	2.555
方4-斜1	1187	346.718	2.557
方4-斜1	1188	348.418	2.567
方4-斜1	1189	349.864	2.565
方4-斜1	1190	351.646	2.563
方4-斜1	1191	353.318	2.578
方4-斜1	1192	354.273	2.606
方4-斜1	1193	354.482	2.652
方4-斜1	1194	354.846	2.703
方4-斜1	1195	355.391	2.746
方4-斜1	1196	355.736	2.783
方4-斜1	1197	355.8	2.831
方4-斜1	1198	355.018	2.884
方4-斜1	1199	353.573	2.93
方4-斜1	1200	352.827	2.96
方4-斜1	1201	352.109	2.982
方4-斜1	1202	351.736	3
方4-斜1	1203	351.6	3.013
方4-斜1	1204	351.464	3.025
方4-斜1	1205	351.227	3.036
方4-斜1	1206	351.2	3.055
方4-斜1	1207	351.127	3.077
方4-斜1	1208	350.736	3.101
方4-斜1	1209	350.482	3.123
方4-斜1	1210	349.864	3.146
方4-斜1	1211	349.182	3.169
方4-斜1	1212	347.955	3.189
方4-斜1	1213	346.118	3.209
方4-斜1	1214	344.218	3.233
方4-斜1	1215	343.173	3.255
方4-斜1	1216	342.227	3.269
方4-斜1	1217	341.464	3.273
方4-斜1	1218	341.055	3.266
方4-斜1	1219	340.255	3.261
方4-斜1	1220	339.446	3.279
方4-斜1	1221	339.5	3.312
方4-斜1	1222	339.864	3.34
方4-斜1	1223	340.491	3.358
方4-斜1	1224	340.6	3.372
方4-斜1	1225	340.718	3.391
方4-斜1	1226	341.546	3.399
方4-斜1	1227	343.209	3.403
方4-斜1	1228	344.427	3.418
方4-斜1	1229	345.009	3.445
方4-斜1	1230	345.982	3.479
方4-斜1	1231	346.773	3.522
方4-斜1	1232	347.2	3.568
方4-斜1	1233	347.6	3.612
方4-斜1	1234	348.336	3.671
方4-斜1	1235	348.255	3.743
方4-斜1	1236	347.582	3.813
方4-斜1	1237	347.227	3.879
方4-斜1	1238	346.9	3.946
方4-斜1	1239	346.673	4.008
方4-斜1	1240	346.218	4.071
方4-斜1	1241	345.255	4.138
方4-斜1	1242	344.227	4.208
方4-斜1	1243	343.355	4.27
方4-斜1	1244	342.864	4.316
方4-斜1	1245	342.191	4.348
方4-斜1	1246	341.973	4.369
方4-斜1	1247	341.8	4.383
方4-斜1	1248	341.7	4.395
方4-斜1	1249	341.7	4.402
方4-斜1	1250	341.564	4.408
方4-斜1	1251	341.391	4.41
方4-斜1	1252	340.9	4.414
方4-斜1	1253	340.655	4.427
方4-斜1	1254	340.309	4.444
方4-斜1	1255	340.327	4.464
方4-斜1	1256	340.618	4.475
方4-斜1	1257	341.009	4.466
方4-斜1	1258	341.036	4.455
方4-斜1	1259	340.336	4.458
方4-斜1	1260	340	4.459
方4-斜1	1261	340.246	4.452
方4-斜1	1262	340.318	4.45
方4-斜1	1263	340.7	4.448
方4-斜1	1264	341.346	4.438
方4-斜1	1265	342.436	4.42
方4-斜1	1266	343.373	4.406
方4-斜1	1267	343.7	4.411
方4-斜1	1268	343.7	4.43
方4-斜1	1269	343.846	4.461
方4-斜1	1270	344.546	4.506
方4-斜1	1271	344.991	4.559
方4-斜1	1272	345.446	4.619
方4-斜1	1273	345.736	4.682
方4-斜1	1274	346.236	4.746
方4-斜1	1275	347.018	4.821
方4-斜1	1276	347.691	4.92
方4-斜1	1277	347.173	5.04
方4-斜1	1278	346.364	5.15
方4-斜1	1279	345.636	5.247
方4-斜1	1280	345.182	5.347
方4-斜1	1281	344.627	5.46
方4-斜1	1282	344.155	5.588
方4-斜1	1283	343.627	5.725
方4-斜1	1284	343.209	5.869
方4-斜1	1285	342.627	6.019
方4-斜1	1286	341.555	6.172
方4-斜1	1287	340.4	6.312
方4-斜1	1288	339.3	6.432
方4-斜1	1289	338.3	6.532
方4-斜1	1290	337.146	6.605
方4-斜1	1291	336.555	6.639
方4-斜1	1292	336.136	6.633
方4-斜1	1293	335.846	6.595
方4-斜1	1294	335.436	6.537
方4-斜1	1295	335.4	6.448
方4-斜1	1296	335.473	6.329
方4-斜1	1297	335.6	6.199
方4-斜1	1298	335.6	6.08
方4-斜1	1299	335.8	5.975
方4-斜1	1300	336.127	5.872
方4-斜1	1301	336.727	5.761
方4-斜1	1302	337.255	5.645
方4-斜1	1303	337.6	5.532
方4-斜1	1304	337.846	5.425
方4-斜1	1305	338	5.327
方4-斜1	1306	337.9	5.235
方4-斜1	1307	337.9	5.154
方4-斜1	1308	337.8	5.078
方4-斜1	1309	337.818	4.997
方4-斜1	1310	338.182	4.911
方4-斜1	1311	338.673	4.833
方4-斜1	1312	339.246	4.773
方4-斜1	1313	339.073	4.733
方4-斜1	1314	338.291	4.698
方4-斜1	1315	337.473	4.651
方4-斜1	1316	336.991	4.594
方4-斜1	1317	336.527	4.53
方4-斜1	1318	336.491	4.464
方4-斜1	1319	336.309	4.39
方4-斜1	1320	336.146	4.305
方4-斜1	1321	335.455	4.212
方4-斜1	1322	334.427	4.102
方4-斜1	1323	333.727	3.977
方4-斜1	1324	333.246	3.847
方4-斜1	1325	333.2	3.718
方4-斜1	1326	333.446	3.592
方4-斜1	1327	333.702	3.467
方4-斜1	1328	333.958	3.337
方4-斜1	1329	334.27	3.205
方4-斜1	1330	334.675	3.069
方4-斜1	1331	335.182	2.923
方4-斜1	1332	335.765	2.762
方4-斜1	1333	336.379	2.586
方4-斜1	1334	336.965	2.405
方4-斜1	1335	337.414	2.234
方4-斜1	1336	337.603	2.085
方4-斜1	1337	337.544	1.96
方4-斜1	1338	337.402	1.85
方4-斜1	1339	337.344	1.759
方4-斜1	1340	337.322	1.681
方4-斜1	1341	337.062	1.614
方4-斜1	1342	336.181	1.554
方4-斜1	1343	334.412	1.501
方4-斜1	1344	331.738	1.456
方4-斜1	1345	328.252	1.425
方4-斜1	1346	323.971	1.411
方4-斜1	1347	318.909	1.409
方4-斜1	1348	313.219	1.416
方4-斜1	1349	307.091	1.428
方4-斜1	1350	300.549	1.446
方4-斜1	1351	293.476	1.471
方4-斜1	1352	285.92	1.502
方4-斜1	1353	278.214	1.533
方4-斜1	1354	270.717	1.562
方4-斜1	1355	263.748	1.588
方4-斜1	1356	257.698	1.614
方4-斜1	1357	252.828	1.645
方4-斜1	1358	249.052	1.69
方4-斜1	1359	246.142	1.753
方4-斜1	1360	244.048	1.833
方4-斜1	1361	242.861	1.928
方4-斜1	1362	242.457	2.038
方4-斜1	1363	242.327	2.176
方4-斜1	1364	241.989	2.334
方4-斜1	1365	241.329	2.516
方4-斜1	1366	240.395	2.718
方4-斜1	1367	239.187	2.93
方4-斜1	1368	237.715	3.142
方4-斜1	1369	235.985	3.349
方4-斜1	1370	234.009	3.551
方4-斜1	1371	231.966	3.747
方4-斜1	1372	230.172	3.935
方4-斜1	1373	228.882	4.114
方4-斜1	1374	228.153	4.284
方4-斜1	1375	227.859	4.447
方4-斜1	1376	227.825	4.607
方4-斜1	1377	227.94	4.764
方4-斜1	1378	228.184	4.92
方4-斜1	1379	228.543	5.068
方4-斜1	1380	228.877	5.204
方4-斜1	1381	228.903	5.327
方4-斜1	1382	228.453	5.445
方4-斜1	1383	227.737	5.562
方4-斜1	1384	227.088	5.684
方4-斜1	1385	226.525	5.819
方4-斜1	1386	225.826	5.978
方4-斜1	1387	224.973	6.162
方4-斜1	1388	224.173	6.373
方4-斜1	1389	223.694	6.581
方4-斜1	1390	223.508	6.788
方4-斜1	1391	223.561	6.992
方4-斜1	1392	223.779	7.191
方4-斜1	1393	224.103	7.388
方4-斜1	1394	224.498	7.585
方4-斜1	1395	224.933	7.785
方4-斜1	1396	225.348	7.989
方4-斜1	1397	225.713	8.196
方4-斜1	1398	226.063	8.404
方4-斜1	1399	226.442	8.61
方4-斜1	1400	226.843	8.809
方4-斜1	1401	227.24	8.998
方4-斜1	1402	227.597	9.172
方4-斜1	1403	227.87	9.328
方4-斜1	1404	228.06	9.463
方4-斜1	1405	228.22	9.576
方4-斜1	1406	228.389	9.668
方4-斜1	1407	228.568	9.744
方4-斜1	1408	228.753	9.809
方4-斜1	1409	228.947	9.867
方4-斜1	1410	229.138	9.92
方4-斜1	1411	229.3	9.97
方4-斜1	1412	229.422	10.018
方4-斜1	1413	229.508	10.07
方4-斜1	1414	229.546	10.118
方4-斜1	1415	229.541	10.16
方4-斜1	1416	229.507	10.197
方4-斜1	1417	229.477	10.233
方4-斜1	1418	229.485	10.269
方4-斜1	1419	229.528	10.305
方4-斜1	1420	229.57	10.339
方4-斜1	1421	229.58	10.372
方4-斜1	1422	229.569	10.405
方4-斜1	1423	229.566	10.438
方4-斜1	1424	229.575	10.47
方4-斜1	1425	229.601	10.504
方4-斜1	1426	229.644	10.538
方4-斜1	1427	229.703	10.574
方4-斜1	1428	229.77	10.611
方4-斜1	1429	229.837	10.649
方4-斜1	1430	229.897	10.688
方4-斜1	1431	229.948	10.725
方4-斜1	1432	229.991	10.763
方4-斜1	1433	230.03	10.8
方4-斜1	1434	230.07	10.837
方4-斜1	1435	230.112	10.876
方4-斜1	1436	230.16	10.917
方4-斜1	1437	230.214	10.96
方4-斜1	1438	230.275	11.005
方4-斜1	1439	230.346	11.052
方4-斜1	1440	230.425	11.1
方4-斜1	1441	230.511	11.148
方4-斜1	1442	230.598	11.195
方4-斜1	1443	230.676	11.242
方4-斜1	1444	230.736	11.286
方4-斜1	1445	230.767	11.329
方4-斜1	1446	230.759	11.37
方4-斜1	1447	230.708	11.41
方4-斜1	1448	230.617	11.451
方4-斜1	1449	230.495	11.492
方4-斜1	1450	230.357	11.532
方4-斜1	1451	230.214	11.571
方4-斜1	1452	230.067	11.607
方4-斜1	1453	229.916	11.64
方4-斜1	1454	229.763	11.668
方4-斜1	1455	229.621	11.695
方4-斜1	1456	229.513	11.722
方4-斜1	1457	229.465	11.75
方4-斜1	1458	229.501	11.783
方4-斜1	1459	229.631	11.821
方4-斜1	1460	229.842	11.866
方4-斜1	1461	230.103	11.919
方4-斜1	1462	230.368	11.979
方4-斜1	1463	230.593	12.048
方4-斜1	1464	230.752	12.123
方4-斜1	1465	230.843	12.204
方4-斜1	1466	230.893	12.286
方4-斜1	1467	230.935	12.367
方4-斜1	1468	231.001	12.445
方4-斜1	1469	231.104	12.521
方4-斜1	1470	231.237	12.596
方4-斜1	1471	231.373	12.67
方4-斜1	1472	231.479	12.744
方4-斜1	1473	231.524	12.819
方4-斜1	1474	231.49	12.892
方4-斜1	1475	231.381	12.964
方4-斜1	1476	231.222	13.033
方4-斜1	1477	231.047	13.099
方4-斜1	1478	230.887	13.159
方4-斜1	1479	230.761	13.216
方4-斜1	1480	230.672	13.268
方4-斜1	1481	230.609	13.317
方4-斜1	1482	230.556	13.364
方4-斜1	1483	230.5	13.41
方4-斜1	1484	230.433	13.457
方4-斜1	1485	230.358	13.505
方4-斜1	1486	230.278	13.554
方4-斜1	1487	230.202	13.606
方4-斜1	1488	230.135	13.658
方4-斜1	1489	230.083	13.712
方4-斜1	1490	230.048	13.766
方4-斜1	1491	230.032	13.82
方4-斜1	1492	230.037	13.873
方4-斜1	1493	230.063	13.925
方4-斜1	1494	230.109	13.975
方4-斜1	1495	230.171	14.024
方4-斜1	1496	230.237	14.071
方4-斜1	1497	230.297	14.116
方4-斜1	1498	230.342	14.159
方4-斜1	1499	230.367	14.201
方4-斜1	1500	230.375	14.242
方4-斜1	1501	230.368	14.283
方4-斜1	1502	230.353	14.322
方4-斜1	1503	230.338	14.36
方4-斜1	1504	230.329	14.396
方4-斜1	1505	230.331	14.428
方4-斜1	1506	230.346	14.455
方4-斜1	1507	230.374	14.474
方4-斜1	1508	230.413	14.484
方4-斜1	1509	230.465	14.482
方4-斜1	1510	230.53	14.469
方4-斜1	1511	230.611	14.444
方4-斜1	1512	230.712	14.41
方4-斜1	1513	230.834	14.368
方4-斜1	1514	230.974	14.321
方4-斜1	1515	231.129	14.274
方4-斜1	1516	231.289	14.227
方4-斜1	1517	231.442	14.184
方4-斜1	1518	231.572	14.145
方4-斜1	1519	231.655	14.111
方4-斜1	1520	231.668	14.082
方4-斜1	1521	231.594	14.058
方4-斜1	1522	231.433	14.039
方4-斜1	1523	231.206	14.023
方4-斜1	1524	230.953	14.011
方4-斜1	1525	230.715	14.002
方4-斜1	1526	230.523	13.996
方4-斜1	1527	230.382	13.997
方4-斜1	1528	230.276	14.005
方4-斜1	1529	230.187	14.023
方4-斜1	1530	230.11	14.052
方4-斜1	1531	230.066	14.092
方4-斜1	1532	230.083	14.139
方4-斜1	1533	230.173	14.193
方4-斜1	1534	230.32	14.252
方4-斜1	1535	230.482	14.312
方4-斜1	1536	230.614	14.373
方4-斜1	1537	230.69	14.431
方4-斜1	1538	230.718	14.484
方4-斜1	1539	230.732	14.528
方4-斜1	1540	230.774	14.561
方4-斜1	1541	230.871	14.583
方4-斜1	1542	231.033	14.593
方4-斜1	1543	231.247	14.594
方4-斜1	1544	231.492	14.589
方4-斜1	1545	231.743	14.582
方4-斜1	1546	231.982	14.576
方4-斜1	1547	232.199	14.573
方4-斜1	1548	232.394	14.575
方4-斜1	1549	232.569	14.582
方4-斜1	1550	232.724	14.592
方4-斜1	1551	232.849	14.605
方4-斜1	1552	232.923	14.621
方4-斜1	1553	232.924	14.64
方4-斜1	1554	232.836	14.662
方4-斜1	1555	232.66	14.685
方4-斜1	1556	232.415	14.708
方4-斜1	1557	232.135	14.727
方4-斜1	1558	231.86	14.74
方4-斜1	1559	231.623	14.744
方4-斜1	1560	231.442	14.738
方4-斜1	1561	231.324	14.724
方4-斜1	1562	231.261	14.703
方4-斜1	1563	231.242	14.676
方4-斜1	1564	231.253	14.647
方4-斜1	1565	231.286	14.619
方4-斜1	1566	231.333	14.594
方4-斜1	1567	231.395	14.571
方4-斜1	1568	231.474	14.552
方4-斜1	1569	231.574	14.534
方4-斜1	1570	231.702	14.516
方4-斜1	1571	231.865	14.495
方4-斜1	1572	232.068	14.47
方4-斜1	1573	232.304	14.44
方4-斜1	1574	232.552	14.405
方4-斜1	1575	232.775	14.364
方4-斜1	1576	232.927	14.321
方4-斜1	1577	232.964	14.279
方4-斜1	1578	232.858	14.24
方4-斜1	1579	232.61	14.207
方4-斜1	1580	232.246	14.18
方4-斜1	1581	231.814	14.159
方4-斜1	1582	231.367	14.143
方4-斜1	1583	230.953	14.128
方4-斜1	1584	230.601	14.115
方4-斜1	1585	230.324	14.102
方4-斜1	1586	230.12	14.089
方4-斜1	1587	229.978	14.074
方4-斜1	1588	229.887	14.059
方4-斜1	1589	229.833	14.043
方4-斜1	1590	229.81	14.026
方4-斜1	1591	229.812	14.005
方4-斜1	1592	229.838	13.982
方4-斜1	1593	229.891	13.954
方4-斜1	1594	229.978	13.921
方4-斜1	1595	230.101	13.884
方4-斜1	1596	230.254	13.846
方4-斜1	1597	230.413	13.809
方4-斜1	1598	230.544	13.78
方4-斜1	1599	230.613	13.762
方4-斜1	1600	230.598	13.758
方4-斜1	1601	230.505	13.767
方4-斜1	1602	230.37	13.786
方4-斜1	1603	230.241	13.81
方4-斜1	1604	230.162	13.834
方4-斜1	1605	230.157	13.857
方4-斜1	1606	230.219	13.879
方4-斜1	1607	230.326	13.898
方4-斜1	1608	230.448	13.918
方4-斜1	1609	230.564	13.937
方4-斜1	1610	230.667	13.957
方4-斜1	1611	230.762	13.977
方4-斜1	1612	230.859	13.998
方4-斜1	1613	230.968	14.019
方4-斜1	1614	231.094	14.041
方4-斜1	1615	231.234	14.063
方4-斜1	1616	231.379	14.085
方4-斜1	1617	231.512	14.107
方4-斜1	1618	231.614	14.127
方4-斜1	1619	231.669	14.148
方4-斜1	1620	231.675	14.168
方4-斜1	1621	231.645	14.187
方4-斜1	1622	231.601	14.205
方4-斜1	1623	231.567	14.22
方4-斜1	1624	231.558	14.233
方4-斜1	1625	231.576	14.244
方4-斜1	1626	231.611	14.253
方4-斜1	1627	231.646	14.259
方4-斜1	1628	231.662	14.265
方4-斜1	1629	231.652	14.269
方4-斜1	1630	231.623	14.27
方4-斜1	1631	231.595	14.267
方4-斜1	1632	231.589	14.259
方4-斜1	1633	231.617	14.245
方4-斜1	1634	231.675	14.227
方4-斜1	1635	231.747	14.207
方4-斜1	1636	231.817	14.188
方4-斜1	1637	231.874	14.171
方4-斜1	1638	231.92	14.155
方4-斜1	1639	231.962	14.14
方4-斜1	1640	232.009	14.124
方4-斜1	1641	232.063	14.105
方4-斜1	1642	232.115	14.083
方4-斜1	1643	232.147	14.057
方4-斜1	1644	232.14	14.029
方4-斜1	1645	232.078	14
方4-斜1	1646	231.958	13.97
方4-斜1	1647	231.783	13.94
方4-斜1	1648	231.565	13.911
方4-斜1	1649	231.313	13.884
方4-斜1	1650	231.04	13.858
方4-斜1	1651	230.755	13.835
方4-斜1	1652	230.472	13.815
方4-斜1	1653	230.204	13.799
方4-斜1	1654	229.963	13.786
方4-斜1	1655	229.757	13.775
方4-斜1	1656	229.59	13.766
方4-斜1	1657	229.459	13.758
方4-斜1	1658	229.358	13.75
方4-斜1	1659	229.281	13.742
方4-斜1	1660	229.224	13.734
方4-斜1	1661	229.18	13.726
方4-斜1	1662	229.146	13.717
方4-斜1	1663	229.115	13.708
方4-斜1	1664	229.083	13.698
方4-斜1	1665	229.051	13.688
方4-斜1	1666	229.022	13.678
方4-斜1	1667	228.999	13.669
方4-斜1	1668	228.986	13.661
方4-斜1	1669	228.985	13.653
方4-斜1	1670	228.993	13.644
方4-斜1	1671	229.01	13.634
方4-斜1	1672	229.037	13.623
方4-斜1	1673	229.077	13.608
方4-斜1	1674	229.137	13.589
方4-斜1	1675	229.227	13.565
方4-斜1	1676	229.354	13.535
方4-斜1	1677	229.523	13.5
方4-斜1	1678	229.734	13.459
方4-斜1	1679	229.976	13.415
方4-斜1	1680	230.236	13.37
方4-斜1	1681	230.498	13.33
方4-斜1	1682	230.751	13.299
方4-斜1	1683	230.979	13.281
方4-斜1	1684	231.169	13.279
方4-斜1	1685	231.305	13.294
方4-斜1	1686	231.378	13.323
方4-斜1	1687	231.397	13.365
方4-斜1	1688	231.394	13.413
方4-斜1	1689	231.417	13.464
方4-斜1	1690	231.508	13.513
方4-斜1	1691	231.69	13.558
方4-斜1	1692	231.953	13.598
方4-斜1	1693	232.265	13.635
方4-斜1	1694	232.591	13.671
方4-斜1	1695	232.905	13.707
方4-斜1	1696	233.194	13.742
方4-斜1	1697	233.452	13.772
方4-斜1	1698	233.666	13.792
方4-斜1	1699	233.81	13.799
方4-斜1	1700	233.859	13.793
方4-斜1	1701	233.801	13.773
方4-斜1	1702	233.652	13.742
方4-斜1	1703	233.452	13.702
方4-斜1	1704	233.249	13.655
方4-斜1	1705	233.079	13.604
方4-斜1	1706	232.961	13.551
方4-斜1	1707	232.897	13.497
方4-斜1	1708	232.883	13.444
方4-斜1	1709	232.912	13.39
方4-斜1	1710	232.982	13.333
方4-斜1	1711	233.089	13.273
方4-斜1	1712	233.231	13.209
方4-斜1	1713	233.403	13.139
方4-斜1	1714	233.605	13.064
方4-斜1	1715	233.837	12.986
方4-斜1	1716	234.099	12.904
方4-斜1	1717	234.386	12.821
方4-斜1	1718	234.684	12.737
方4-斜1	1719	234.96	12.654
方4-斜1	1720	235.174	12.576
方4-斜1	1721	235.284	12.506
方4-斜1	1722	235.266	12.449
方4-斜1	1723	235.125	12.408
方4-斜1	1724	234.905	12.381
方4-斜1	1725	234.678	12.367
方4-斜1	1726	234.519	12.361
方4-斜1	1727	234.476	12.361
方4-斜1	1728	234.55	12.37
方4-斜1	1729	234.696	12.387
方4-斜1	1730	234.849	12.415
方4-斜1	1731	234.953	12.45
方4-斜1	1732	234.991	12.488
方4-斜1	1733	234.988	12.519
方4-斜1	1734	234.991	12.537
方4-斜1	1735	235.039	12.54
方4-斜1	1736	235.139	12.529
方4-斜1	1737	235.259	12.508
方4-斜1	1738	235.35	12.483
方4-斜1	1739	235.367	12.459
方4-斜1	1740	235.299	12.437
方4-斜1	1741	235.169	12.416
方4-斜1	1742	235.021	12.393
方4-斜1	1743	234.896	12.366
方4-斜1	1744	234.819	12.334
方4-斜1	1745	234.793	12.295
方4-斜1	1746	234.806	12.253
方4-斜1	1747	234.841	12.207
方4-斜1	1748	234.882	12.161
方4-斜1	1749	234.92	12.115
方4-斜1	1750	234.948	12.07
方4-斜1	1751	234.968	12.026
方4-斜1	1752	234.98	11.983
方4-斜1	1753	234.99	11.941
方4-斜1	1754	235.004	11.898
方4-斜1	1755	235.031	11.855
方4-斜1	1756	235.081	11.811
方4-斜1	1757	235.161	11.765
方4-斜1	1758	235.275	11.717
方4-斜1	1759	235.425	11.665
方4-斜1	1760	235.609	11.609
方4-斜1	1761	235.826	11.547
方4-斜1	1762	236.072	11.479
方4-斜1	1763	236.335	11.406
方4-斜1	1764	236.585	11.327
方4-斜1	1765	236.778	11.245
方4-斜1	1766	236.87	11.162
方4-斜1	1767	236.833	11.083
方4-斜1	1768	236.672	11.009
方4-斜1	1769	236.421	10.94
方4-斜1	1770	236.126	10.876
方4-斜1	1771	235.829	10.818
方4-斜1	1772	235.55	10.764
方4-斜1	1773	235.295	10.714
方4-斜1	1774	235.067	10.667
方4-斜1	1775	234.871	10.624
方4-斜1	1776	234.718	10.582
方4-斜1	1777	234.62	10.542
方4-斜1	1778	234.587	10.502
方4-斜1	1779	234.623	10.462
方4-斜1	1780	234.732	10.424
方4-斜1	1781	234.917	10.387
方4-斜1	1782	235.184	10.353
方4-斜1	1783	235.527	10.323
方4-斜1	1784	235.928	10.3
方4-斜1	1785	236.348	10.285
方4-斜1	1786	236.737	10.279
方4-斜1	1787	237.059	10.282
方4-斜1	1788	237.301	10.29
方4-斜1	1789	237.483	10.299
方4-斜1	1790	237.635	10.304
方4-斜1	1791	237.777	10.305
方4-斜1	1792	237.906	10.3
方4-斜1	1793	237.993	10.292
方4-斜1	1794	238.007	10.282
方4-斜1	1795	237.935	10.27
方4-斜1	1796	237.794	10.258
方4-斜1	1797	237.623	10.243
方4-斜1	1798	237.468	10.225
方4-斜1	1799	237.358	10.203
方4-斜1	1800	237.301	10.178
方4-斜1	1801	237.282	10.15
方4-斜1	1802	237.279	10.122
方4-斜1	1803	237.272	10.093
方4-斜1	1804	237.253	10.064
方4-斜1	1805	237.222	10.035
方4-斜1	1806	237.191	10.005
方4-斜1	1807	237.169	9.975
方4-斜1	1808	237.163	9.945
方4-斜1	1809	237.173	9.914
方4-斜1	1810	237.192	9.883
方4-斜1	1811	237.215	9.853
方4-斜1	1812	237.238	9.822
方4-斜1	1813	237.26	9.791
方4-斜1	1814	237.282	9.76
方4-斜1	1815	237.304	9.727
方4-斜1	1816	237.325	9.692
方4-斜1	1817	237.344	9.656
方4-斜1	1818	237.361	9.619
方4-斜1	1819	237.379	9.581
方4-斜1	1820	237.399	9.542
方4-斜1	1821	237.422	9.504
方4-斜1	1822	237.449	9.466
方4-斜1	1823	237.48	9.428
方4-斜1	1824	237.517	9.389
方4-斜1	1825	237.562	9.35
方4-斜1	1826	237.617	9.31
方4-斜1	1827	237.682	9.268
方4-斜1	1828	237.758	9.224
方4-斜1	1829	237.846	9.178
方4-斜1	1830	237.952	9.13
方4-斜1	1831	238.089	9.077
方4-斜1	1832	238.268	9.02
方4-斜1	1833	238.495	8.958
方4-斜1	1834	238.756	8.889
方4-斜1	1835	239.019	8.814
方4-斜1	1836	239.241	8.736
方4-斜1	1837	239.385	8.657
方4-斜1	1838	239.445	8.582
方4-斜1	1839	239.452	8.513
方4-斜1	1840	239.46	8.451
方4-斜1	1841	239.523	8.397
方4-斜1	1842	239.665	8.351
方4-斜1	1843	239.864	8.316
方4-斜1	1844	240.065	8.297
方4-斜1	1845	240.209	8.296
方4-斜1	1846	240.263	8.316
方4-斜1	1847	240.234	8.356
方4-斜1	1848	240.161	8.412
方4-斜1	1849	240.095	8.474
方4-斜1	1850	240.078	8.535
方4-斜1	1851	240.118	8.589
方4-斜1	1852	240.199	8.631
方4-斜1	1853	240.29	8.662
方4-斜1	1854	240.369	8.683
方4-斜1	1855	240.424	8.698
方4-斜1	1856	240.458	8.708
方4-斜1	1857	240.472	8.715
方4-斜1	1858	240.459	8.721
方4-斜1	1859	240.409	8.726
方4-斜1	1860	240.318	8.727
方4-斜1	1861	240.197	8.725
方4-斜1	1862	240.067	8.717
方4-斜1	1863	239.958	8.704
方4-斜1	1864	239.892	8.685
方4-斜1	1865	239.884	8.658
方4-斜1	1866	239.937	8.625
方4-斜1	1867	240.048	8.585
方4-斜1	1868	240.212	8.538
方4-斜1	1869	240.426	8.485
方4-斜1	1870	240.692	8.425
方4-斜1	1871	241.019	8.36
方4-斜1	1872	241.419	8.289
方4-斜1	1873	241.902	8.212
方4-斜1	1874	242.463	8.129
方4-斜1	1875	243.069	8.041
方4-斜1	1876	243.66	7.953
方4-斜1	1877	244.156	7.87
方4-斜1	1878	244.481	7.799
方4-斜1	1879	244.596	7.747
方4-斜1	1880	244.52	7.717
方4-斜1	1881	244.324	7.709
方4-斜1	1882	244.102	7.721
方4-斜1	1883	243.934	7.746
方4-斜1	1884	243.86	7.779
方4-斜1	1885	243.879	7.816
方4-斜1	1886	243.962	7.849
方4-斜1	1887	244.074	7.876
方4-斜1	1888	244.18	7.892
方4-斜1	1889	244.253	7.899
方4-斜1	1890	244.275	7.897
方4-斜1	1891	244.245	7.886
方4-斜1	1892	244.183	7.868
方4-斜1	1893	244.131	7.843
方4-斜1	1894	244.132	7.81
方4-斜1	1895	244.223	7.766
方4-斜1	1896	244.414	7.714
方4-斜1	1897	244.684	7.653
方4-斜1	1898	244.992	7.587
方4-斜1	1899	245.295	7.52
方4-斜1	1900	245.563	7.458
方4-斜1	1901	245.787	7.406
方4-斜1	1902	245.976	7.37
方4-斜1	1903	246.147	7.352
方4-斜1	1904	246.316	7.352
方4-斜1	1905	246.487	7.369
方4-斜1	1906	246.656	7.397
方4-斜1	1907	246.813	7.43
方4-斜1	1908	246.942	7.463
方4-斜1	1909	247.035	7.491
方4-斜1	1910	247.084	7.508
方4-斜1	1911	247.082	7.512
方4-斜1	1912	247.006	7.502
方4-斜1	1913	246.83	7.48
方4-斜1	1914	246.53	7.449
方4-斜1	1915	246.11	7.414
方4-斜1	1916	245.611	7.38
方4-斜1	1917	245.103	7.349
方4-斜1	1918	244.664	7.322
方4-斜1	1919	244.353	7.298
方4-斜1	1920	244.2	7.28
方4-斜1	1921	244.201	7.267
方4-斜1	1922	244.327	7.261
方4-斜1	1923	244.54	7.262
方4-斜1	1924	244.798	7.269
方4-斜1	1925	245.07	7.281
方4-斜1	1926	245.334	7.296
方4-斜1	1927	245.578	7.31
方4-斜1	1928	245.798	7.324
方4-斜1	1929	245.983	7.336
方4-斜1	1930	246.124	7.347
方4-斜1	1931	246.217	7.358
方4-斜1	1932	246.27	7.367
方4-斜1	1933	246.312	7.372
方4-斜1	1934	246.376	7.367
方4-斜1	1935	246.485	7.351
方4-斜1	1936	246.635	7.321
方4-斜1	1937	246.794	7.279
方4-斜1	1938	246.914	7.227
方4-斜1	1939	246.952	7.169
方4-斜1	1940	246.887	7.109
方4-斜1	1941	246.731	7.05
方4-斜1	1942	246.518	6.996
方4-斜1	1943	246.296	6.95
方4-斜1	1944	246.109	6.914
方4-斜1	1945	245.986	6.89
方4-斜1	1946	245.936	6.877
方4-斜1	1947	245.947	6.876
方4-斜1	1948	245.997	6.882
方4-斜1	1949	246.069	6.895
方4-斜1	1950	246.16	6.909
方4-斜1	1951	246.282	6.922
方4-斜1	1952	246.45	6.933
方4-斜1	1953	246.669	6.94
方4-斜1	1954	246.925	6.943
方4-斜1	1955	247.19	6.945
方4-斜1	1956	247.435	6.945
方4-斜1	1957	247.652	6.94
方4-斜1	1958	247.845	6.93
方4-斜1	1959	248.032	6.909
方4-斜1	1960	248.22	6.878
方4-斜1	1961	248.401	6.837
方4-斜1	1962	248.55	6.792
方4-斜1	1963	248.641	6.747
方4-斜1	1964	248.658	6.708
方4-斜1	1965	248.618	6.678
方4-斜1	1966	248.563	6.658
方4-斜1	1967	248.547	6.646
方4-斜1	1968	248.617	6.644
方4-斜1	1969	248.785	6.651
方4-斜1	1970	249.034	6.668
方4-斜1	1971	249.325	6.694
方4-斜1	1972	249.615	6.726
方4-斜1	1973	249.87	6.76
方4-斜1	1974	250.071	6.787
方4-斜1	1975	250.208	6.804
方4-斜1	1976	250.286	6.807
方4-斜1	1977	250.317	6.794
方4-斜1	1978	250.32	6.765
方4-斜1	1979	250.308	6.725
方4-斜1	1980	250.29	6.679
方4-斜1	1981	250.264	6.635
方4-斜1	1982	250.223	6.6
方4-斜1	1983	250.16	6.581
方4-斜1	1984	250.072	6.581
方4-斜1	1985	249.963	6.601
方4-斜1	1986	249.839	6.638
方4-斜1	1987	249.701	6.686
方4-斜1	1988	249.546	6.738
方4-斜1	1989	249.359	6.787
方4-斜1	1990	249.122	6.826
方4-斜1	1991	248.824	6.851
方4-斜1	1992	248.468	6.859
方4-斜1	1993	248.066	6.853
方4-斜1	1994	247.635	6.836
方4-斜1	1995	247.19	6.813
方4-斜1	1996	246.74	6.792
方4-斜1	1997	246.303	6.78
方4-斜1	1998	245.902	6.78
方4-斜1	1999	245.569	6.795
方4-斜1	2000	245.331	6.825
方4-斜1	2001	245.197	6.867
方4-斜1	2002	245.149	6.918
方4-斜1	2003	245.145	6.972
方4-斜1	2004	245.132	7.023
方4-斜1	2005	245.061	7.065
方4-斜1	2006	244.901	7.094
方4-斜1	2007	244.647	7.108
方4-斜1	2008	244.307	7.111
方4-斜1	2009	243.905	7.107
方4-斜1	2010	243.471	7.101
方4-斜1	2011	243.045	7.098
方4-斜1	2012	242.671	7.101
方4-斜1	2013	242.385	7.109
方4-斜1	2014	242.21	7.123
方4-斜1	2015	242.139	7.144
方4-斜1	2016	242.138	7.174
方4-斜1	2017	242.154	7.214
方4-斜1	2018	242.129	7.264
方4-斜1	2019	242.015	7.323
方4-斜1	2020	241.791	7.391
方4-斜1	2021	241.466	7.465
方4-斜1	2022	241.08	7.541
方4-斜1	2023	240.689	7.615
方4-斜1	2024	240.356	7.682
方4-斜1	2025	240.137	7.74
方4-斜1	2026	240.069	7.784
方4-斜1	2027	240.163	7.812
方4-斜1	2028	240.393	7.826
方4-斜1	2029	240.698	7.825
方4-斜1	2030	241.001	7.813
方4-斜1	2031	241.23	7.795
方4-斜1	2032	241.346	7.776
方4-斜1	2033	241.355	7.761
方4-斜1	2034	241.302	7.755
方4-斜1	2035	241.247	7.759
方4-斜1	2036	241.243	7.775
方4-斜1	2037	241.315	7.805
方4-斜1	2038	241.466	7.846
方4-斜1	2039	241.679	7.897
方4-斜1	2040	241.926	7.953
方4-斜1	2041	242.17	8.01
方4-斜1	2042	242.368	8.061
方4-斜1	2043	242.472	8.104
方4-斜1	2044	242.436	8.136
方4-斜1	2045	242.234	8.157
方4-斜1	2046	241.875	8.17
方4-斜1	2047	241.407	8.18
方4-斜1	2048	240.916	8.191
方4-斜1	2049	240.494	8.205
方4-斜1	2050	240.208	8.226
方4-斜1	2051	240.08	8.254
方4-斜1	2052	240.086	8.29
方4-斜1	2053	240.172	8.333
方4-斜1	2054	240.29	8.382
方4-斜1	2055	240.404	8.436
方4-斜1	2056	240.492	8.492
方4-斜1	2057	240.532	8.547
方4-斜1	2058	240.507	8.598
方4-斜1	2059	240.404	8.638
方4-斜1	2060	240.228	8.667
方4-斜1	2061	239.994	8.681
方4-斜1	2062	239.72	8.682
方4-斜1	2063	239.418	8.677
方4-斜1	2064	239.096	8.67
方4-斜1	2065	238.767	8.672
方4-斜1	2066	238.451	8.687
方4-斜1	2067	238.172	8.719
方4-斜1	2068	237.946	8.769
方4-斜1	2069	237.776	8.836
方4-斜1	2070	237.647	8.915
方4-斜1	2071	237.534	9.002
方4-斜1	2072	237.41	9.092
方4-斜1	2073	237.253	9.18
方4-斜1	2074	237.06	9.261
方4-斜1	2075	236.844	9.332
方4-斜1	2076	236.63	9.389
方4-斜1	2077	236.429	9.431
方4-斜1	2078	236.225	9.459
方4-斜1	2079	235.972	9.478
方4-斜1	2080	235.615	9.496
方4-斜1	2081	235.114	9.518
方4-斜1	2082	234.466	9.549
方4-斜1	2083	233.71	9.592
方4-斜1	2084	232.913	9.644
方4-斜1	2085	232.159	9.701
方4-斜1	2086	231.53	9.759
方4-斜1	2087	231.091	9.815
方4-斜1	2088	230.886	9.867
方4-斜1	2089	230.929	9.916
方4-斜1	2090	231.204	9.965
方4-斜1	2091	231.667	10.017
方4-斜1	2092	232.244	10.075
方4-斜1	2093	232.852	10.141
方4-斜1	2094	233.413	10.216
方4-斜1	2095	233.87	10.297
方4-斜1	2096	234.2	10.379
方4-斜1	2097	234.408	10.457
方4-斜1	2098	234.518	10.524
方4-斜1	2099	234.56	10.575
方4-斜1	2100	234.559	10.608
方4-斜1	2101	234.527	10.626
方4-斜1	2102	234.464	10.635
方4-斜1	2103	234.367	10.643
方4-斜1	2104	234.244	10.656
方4-斜1	2105	234.117	10.677
方4-斜1	2106	234.014	10.705
方4-斜1	2107	233.948	10.738
方4-斜1	2108	233.906	10.771
方4-斜1	2109	233.853	10.806
方4-斜1	2110	233.756	10.843
方4-斜1	2111	233.609	10.886
方4-斜1	2112	233.436	10.935
方4-斜1	2113	233.286	10.99
方4-斜1	2114	233.204	11.049
方4-斜1	2115	233.21	11.113
方4-斜1	2116	233.296	11.18
方4-斜1	2117	233.424	11.251
方4-斜1	2118	233.554	11.326
方4-斜1	2119	233.659	11.4
方4-斜1	2120	233.732	11.472
方4-斜1	2121	233.775	11.539
方4-斜1	2122	233.792	11.601
方4-斜1	2123	233.779	11.658
方4-斜1	2124	233.739	11.71
方4-斜1	2125	233.692	11.753
方4-斜1	2126	233.659	11.782
方4-斜1	2127	233.642	11.794
方4-斜1	2128	233.607	11.79
方4-斜1	2129	233.497	11.775
方4-斜1	2130	233.263	11.757
方4-斜1	2131	232.899	11.743
方4-斜1	2132	232.453	11.737
方4-斜1	2133	232.015	11.741
方4-斜1	2134	231.683	11.757
方4-斜1	2135	231.527	11.784
方4-斜1	2136	231.564	11.823
方4-斜1	2137	231.757	11.876
方4-斜1	2138	232.026	11.944
方4-斜1	2139	232.279	12.027
方4-斜1	2140	232.44	12.122
方4-斜1	2141	232.468	12.224
方4-斜1	2142	232.366	12.325
方4-斜1	2143	232.176	12.419
方4-斜1	2144	231.961	12.502
方4-斜1	2145	231.792	12.569
方4-斜1	2146	231.721	12.62
方4-斜1	2147	231.769	12.657
方4-斜1	2148	231.91	12.682
方4-斜1	2149	232.086	12.695
方4-斜1	2150	232.219	12.7
方4-斜1	2151	232.244	12.7
方4-斜1	2152	232.126	12.698
方4-斜1	2153	231.87	12.695
方4-斜1	2154	231.506	12.693
方4-斜1	2155	231.081	12.692
方4-斜1	2156	230.644	12.692
方4-斜1	2157	230.246	12.693
方4-斜1	2158	229.938	12.696
方4-斜1	2159	229.76	12.702
方4-斜1	2160	229.735	12.715
方4-斜1	2161	229.854	12.737
方4-斜1	2162	230.091	12.772
方4-斜1	2163	230.405	12.82
方4-斜1	2164	230.767	12.882
方4-斜1	2165	231.165	12.958
方4-斜1	2166	231.598	13.044
方4-斜1	2167	232.069	13.139
方4-斜1	2168	232.572	13.236
方4-斜1	2169	233.08	13.331
方4-斜1	2170	233.55	13.419
方4-斜1	2171	233.93	13.493
方4-斜1	2172	234.164	13.55
方4-斜1	2173	234.204	13.588
方4-斜1	2174	234.018	13.611
方4-斜1	2175	233.603	13.625
方4-斜1	2176	232.992	13.636
方4-斜1	2177	232.256	13.651
方4-斜1	2178	231.493	13.67
方4-斜1	2179	230.807	13.694
方4-斜1	2180	230.284	13.718
方4-斜1	2181	229.978	13.742
方4-斜1	2182	229.899	13.764
方4-斜1	2183	230.02	13.785
方4-斜1	2184	230.292	13.809
方4-斜1	2185	230.655	13.838
方4-斜1	2186	231.053	13.874
方4-斜1	2187	231.444	13.92
方4-斜1	2188	231.796	13.973
方4-斜1	2189	232.085	14.032
方4-斜1	2190	232.29	14.091
方4-斜1	2191	232.4	14.144
方4-斜1	2192	232.421	14.185
方4-斜1	2193	232.379	14.207
方4-斜1	2194	232.307	14.206
方4-斜1	2195	232.24	14.18
方4-斜1	2196	232.189	14.131
方4-斜1	2197	232.141	14.067
方4-斜1	2198	232.055	13.996
方4-斜1	2199	231.883	13.929
方4-斜1	2200	231.598	13.877
方4-斜1	2201	231.212	13.846
方4-斜1	2202	230.78	13.841
方4-斜1	2203	230.383	13.86
方4-斜1	2204	230.096	13.896
方4-斜1	2205	229.956	13.944
方4-斜1	2206	229.958	13.996
方4-斜1	2207	230.071	14.048
方4-斜1	2208	230.26	14.097
方4-斜1	2209	230.508	14.141
方4-斜1	2210	230.817	14.177
方4-斜1	2211	231.192	14.203
方4-斜1	2212	231.621	14.218
方4-斜1	2213	232.067	14.221
方4-斜1	2214	232.474	14.213
方4-斜1	2215	232.79	14.196
方4-斜1	2216	232.984	14.171
方4-斜1	2217	233.055	14.14
方4-斜1	2218	233.02	14.104
方4-斜1	2219	232.898	14.065
方4-斜1	2220	232.694	14.027
方4-斜1	2221	232.399	13.998
方4-斜1	2222	232	13.981
方4-斜1	2223	231.506	13.98
方4-斜1	2224	230.953	13.994
方4-斜1	2225	230.409	14.021
方4-斜1	2226	229.957	14.054
方4-斜1	2227	229.671	14.089
方4-斜1	2228	229.588	14.122
方4-斜1	2229	229.694	14.153
方4-斜1	2230	229.925	14.185
方4-斜1	2231	230.194	14.219
方4-斜1	2232	230.427	14.256
方4-斜1	2233	230.582	14.297
方4-斜1	2234	230.666	14.338
方4-斜1	2235	230.709	14.378
方4-斜1	2236	230.756	14.413
方4-斜1	2237	230.843	14.442
方4-斜1	2238	230.995	14.465
方4-斜1	2239	231.216	14.483
方4-斜1	2240	231.491	14.497
方4-斜1	2241	231.781	14.51
方4-斜1	2242	232.037	14.523
方4-斜1	2243	232.218	14.536
方4-斜1	2244	232.319	14.548
方4-斜1	2245	232.369	14.554
方4-斜1	2246	232.42	14.552
方4-斜1	2247	232.512	14.538
方4-斜1	2248	232.648	14.514
方4-斜1	2249	232.784	14.48
方4-斜1	2250	232.843	14.441
方4-斜1	2251	232.754	14.403
方4-斜1	2252	232.485	14.37
方4-斜1	2253	232.055	14.345
方4-斜1	2254	231.53	14.327
方4-斜1	2255	230.986	14.315
方4-斜1	2256	230.485	14.306
方4-斜1	2257	230.065	14.3
方4-斜1	2258	229.749	14.294
方4-斜1	2259	229.558	14.29
方4-斜1	2260	229.518	14.288
方4-斜1	2261	229.645	14.288
方4-斜1	2262	229.939	14.293
方4-斜1	2263	230.369	14.306
方4-斜1	2264	230.878	14.329
方4-斜1	2265	231.395	14.364
方4-斜1	2266	231.856	14.411
方4-斜1	2267	232.214	14.468
方4-斜1	2268	232.451	14.529
方4-斜1	2269	232.568	14.59
方4-斜1	2270	232.574	14.647
方4-斜1	2271	232.486	14.697
方4-斜1	2272	232.326	14.738
方4-斜1	2273	232.129	14.769
方4-斜1	2274	231.939	14.79
方4-斜1	2275	231.804	14.8
方4-斜1	2276	231.766	14.798
方4-斜1	2277	231.854	14.781
方4-斜1	2278	232.072	14.749
方4-斜1	2279	232.395	14.7
方4-斜1	2280	232.769	14.635
方4-斜1	2281	233.116	14.558
方4-斜1	2282	233.349	14.474
方4-斜1	2283	233.401	14.395
方4-斜1	2284	233.245	14.33
方4-斜1	2285	232.906	14.286
方4-斜1	2286	232.464	14.268
方4-斜1	2287	232.022	14.275
方4-斜1	2288	231.683	14.304
方4-斜1	2289	231.517	14.349
方4-斜1	2290	231.541	14.407
方4-斜1	2291	231.73	14.473
方4-斜1	2292	232.02	14.544
方4-斜1	2293	232.333	14.616
方4-斜1	2294	232.595	14.685
方4-斜1	2295	232.751	14.75
方4-斜1	2296	232.769	14.808
方4-斜1	2297	232.654	14.859
方4-斜1	2298	232.439	14.902
方4-斜1	2299	232.185	14.935
方4-斜1	2300	231.957	14.955
方4-斜1	2301	231.808	14.962
方4-斜1	2302	231.776	14.955
方4-斜1	2303	231.871	14.933
方4-斜1	2304	232.083	14.896
方4-斜1	2305	232.37	14.844
方4-斜1	2306	232.667	14.78
方4-斜1	2307	232.898	14.711
方4-斜1	2308	233	14.646
方4-斜1	2309	232.946	14.594
方4-斜1	2310	232.757	14.562
方4-斜1	2311	232.492	14.553
方4-斜1	2312	232.219	14.566
方4-斜1	2313	231.984	14.6
方4-斜1	2314	231.803	14.649
方4-斜1	2315	231.669	14.71
方4-斜1	2316	231.564	14.78
方4-斜1	2317	231.483	14.853
方4-斜1	2318	231.439	14.924
方4-斜1	2319	231.453	14.987
方4-斜1	2320	231.534	15.038
方4-斜1	2321	231.668	15.078
方4-斜1	2322	231.82	15.107
方4-斜1	2323	231.951	15.128
方4-斜1	2324	232.042	15.139
方4-斜1	2325	232.106	15.142
方4-斜1	2326	232.175	15.133
方4-斜1	2327	232.278	15.112
方4-斜1	2328	232.421	15.08
方4-斜1	2329	232.586	15.038
方4-斜1	2330	232.743	14.989
方4-斜1	2331	232.86	14.937
方4-斜1	2332	232.911	14.886
方4-斜1	2333	232.874	14.84
方4-斜1	2334	232.727	14.805
方4-斜1	2335	232.452	14.784
方4-斜1	2336	232.039	14.778
方4-斜1	2337	231.505	14.788
方4-斜1	2338	230.889	14.808
方4-斜1	2339	230.252	14.835
方4-斜1	2340	229.657	14.864
方4-斜1	2341	229.154	14.895
方4-斜1	2342	228.774	14.925
方4-斜1	2343	228.531	14.956
方4-斜1	2344	228.423	14.987
方4-斜1	2345	228.434	15.014
方4-斜1	2346	228.536	15.037
方4-斜1	2347	228.688	15.052
方4-斜1	2348	228.85	15.058
方4-斜1	2349	228.989	15.054
方4-斜1	2350	229.091	15.039
方4-斜1	2351	229.164	15.015
方4-斜1	2352	229.232	14.989
方4-斜1	2353	229.332	14.967
方4-斜1	2354	229.504	14.959
方4-斜1	2355	229.783	14.969
方4-斜1	2356	230.188	14.993
方4-斜1	2357	230.71	15.024
方4-斜1	2358	231.31	15.053
方4-斜1	2359	231.914	15.075
方4-斜1	2360	232.437	15.093
方4-斜1	2361	232.811	15.117
方4-斜1	2362	233.011	15.153
方4-斜1	2363	233.072	15.202
方4-斜1	2364	233.075	15.256
方4-斜1	2365	233.109	15.303
方4-斜1	2366	233.224	15.328
方4-斜1	2367	233.398	15.329
方4-斜1	2368	233.543	15.308
方4-斜1	2369	233.537	15.276
方4-斜1	2370	233.291	15.244
方4-斜1	2371	232.793	15.221
方4-斜1	2372	232.12	15.209
方4-斜1	2373	231.403	15.204
方4-斜1	2374	230.776	15.204
方4-斜1	2375	230.333	15.204
方4-斜1	2376	230.114	15.203
方4-斜1	2377	230.11	15.204
方4-斜1	2378	230.284	15.206
方4-斜1	2379	230.593	15.214
方4-斜1	2380	230.993	15.228
方4-斜1	2381	231.447	15.252
方4-斜1	2382	231.923	15.285
方4-斜1	2383	232.393	15.33
方4-斜1	2384	232.825	15.385
方4-斜1	2385	233.191	15.449
方4-斜1	2386	233.462	15.519
方4-斜1	2387	233.623	15.592
方4-斜1	2388	233.67	15.662
方4-斜1	2389	233.619	15.723
方4-斜1	2390	233.501	15.772
方4-斜1	2391	233.36	15.806
方4-斜1	2392	233.245	15.823
方4-斜1	2393	233.197	15.821
方4-斜1	2394	233.233	15.802
方4-斜1	2395	233.337	15.766
方4-斜1	2396	233.454	15.714
方4-斜1	2397	233.5	15.651
方4-斜1	2398	233.393	15.586
方4-斜1	2399	233.081	15.525
方4-斜1	2400	232.562	15.477
方4-斜1	2401	231.886	15.447
方4-斜1	2402	231.146	15.433
方4-斜1	2403	230.439	15.433
方4-斜1	2404	229.841	15.442
方4-斜1	2405	229.39	15.456
方4-斜1	2406	229.082	15.472
方4-斜1	2407	228.888	15.489
方4-斜1	2408	228.773	15.505
方4-斜1	2409	228.703	15.521
方4-斜1	2410	228.66	15.536
方4-斜1	2411	228.635	15.549
方4-斜1	2412	228.627	15.559
方4-斜1	2413	228.637	15.568
方4-斜1	2414	228.672	15.574
方4-斜1	2415	228.742	15.578
方4-斜1	2416	228.86	15.579
方4-斜1	2417	229.041	15.577
方4-斜1	2418	229.297	15.57
方4-斜1	2419	229.632	15.56
方4-斜1	2420	230.035	15.549
方4-斜1	2421	230.48	15.542
方4-斜1	2422	230.932	15.54
方4-斜1	2423	231.355	15.548
方4-斜1	2424	231.725	15.565
方4-斜1	2425	232.031	15.59
方4-斜1	2426	232.269	15.621
方4-斜1	2427	232.44	15.657
方4-斜1	2428	232.54	15.698
方4-斜1	2429	232.577	15.74
方4-斜1	2430	232.576	15.783
方4-斜1	2431	232.575	15.825
方4-斜1	2432	232.615	15.863
方4-斜1	2433	232.714	15.897
方4-斜1	2434	232.861	15.928
方4-斜1	2435	233.022	15.957
方4-斜1	2436	233.159	15.983
方4-斜1	2437	233.25	16.007
方4-斜1	2438	233.304	16.026
方4-斜1	2439	233.355	16.041
方4-斜1	2440	233.439	16.047
方4-斜1	2441	233.578	16.043
方4-斜1	2442	233.76	16.027
方4-斜1	2443	233.937	15.998
方4-斜1	2444	234.045	15.957
方4-斜1	2445	234.027	15.908
方4-斜1	2446	233.85	15.858
方4-斜1	2447	233.521	15.812
方4-斜1	2448	233.081	15.773
方4-斜1	2449	232.597	15.744
方4-斜1	2450	232.137	15.724
方4-斜1	2451	231.759	15.713
方4-斜1	2452	231.498	15.71
方4-斜1	2453	231.372	15.714
方4-斜1	2454	231.382	15.725
方4-斜1	2455	231.52	15.743
方4-斜1	2456	231.766	15.767
方4-斜1	2457	232.095	15.796
方4-斜1	2458	232.473	15.83
方4-斜1	2459	232.866	15.87
方4-斜1	2460	233.242	15.917
方4-斜1	2461	233.575	15.968
方4-斜1	2462	233.849	16.021
方4-斜1	2463	234.058	16.073
方4-斜1	2464	234.206	16.118
方4-斜1	2465	234.3	16.153
方4-斜1	2466	234.353	16.175
方4-斜1	2467	234.376	16.183
方4-斜1	2468	234.387	16.174
方4-斜1	2469	234.401	16.149
方4-斜1	2470	234.42	16.108
方4-斜1	2471	234.422	16.055
方4-斜1	2472	234.367	15.993
方4-斜1	2473	234.207	15.928
方4-斜1	2474	233.914	15.869
方4-斜1	2475	233.504	15.818
方4-斜1	2476	233.039	15.781
方4-斜1	2477	232.615	15.756
方4-斜1	2478	232.321	15.742
方4-斜1	2479	232.21	15.736
方4-斜1	2480	232.283	15.739
方4-斜1	2481	232.501	15.751
方4-斜1	2482	232.801	15.777
方4-斜1	2483	233.133	15.819
方4-斜1	2484	233.459	15.878
方4-斜1	2485	233.765	15.949
方4-斜1	2486	234.043	16.026
方4-斜1	2487	234.288	16.1
方4-斜1	2488	234.492	16.163
方4-斜1	2489	234.638	16.21
方4-斜1	2490	234.715	16.24
方4-斜1	2491	234.718	16.255
方4-斜1	2492	234.664	16.259
方4-斜1	2493	234.589	16.254
方4-斜1	2494	234.539	16.241
方4-斜1	2495	234.557	16.218
方4-斜1	2496	234.667	16.185
方4-斜1	2497	234.862	16.14
方4-斜1	2498	235.103	16.085
方4-斜1	2499	235.332	16.02
方4-斜1	2500	235.483	15.953
方4-斜1	2501	235.507	15.889
方4-斜1	2502	235.386	15.835
方4-斜1	2503	235.142	15.796
方4-斜1	2504	234.828	15.773
方4-斜1	2505	234.507	15.767
方4-斜1	2506	234.235	15.774
方4-斜1	2507	234.043	15.792
方4-斜1	2508	233.942	15.818
方4-斜1	2509	233.929	15.849
方4-斜1	2510	233.996	15.883
方4-斜1	2511	234.132	15.916
方4-斜1	2512	234.316	15.946
方4-斜1	2513	234.513	15.975
方4-斜1	2514	234.681	16.001
方4-斜1	2515	234.786	16.027
方4-斜1	2516	234.824	16.05
方4-斜1	2517	234.821	16.07
方4-斜1	2518	234.825	16.084
方4-斜1	2519	234.879	16.092
方4-斜1	2520	235.002	16.094
方4-斜1	2521	235.186	16.091
方4-斜1	2522	235.41	16.082
方4-斜1	2523	235.655	16.067
方4-斜1	2524	235.913	16.044
方4-斜1	2525	236.193	16.012
方4-斜1	2526	236.506	15.971
方4-斜1	2527	236.858	15.921
方4-斜1	2528	237.237	15.87
方4-斜1	2529	237.612	15.822
方4-斜1	2530	237.944	15.788
方4-斜1	2531	238.199	15.773
方4-斜1	2532	238.366	15.777
方4-斜1	2533	238.467	15.795
方4-斜1	2534	238.543	15.818
方4-斜1	2535	238.647	15.834
方4-斜1	2536	238.816	15.837
方4-斜1	2537	239.062	15.823
方4-斜1	2538	239.368	15.792
方4-斜1	2539	239.682	15.75
方4-斜1	2540	239.935	15.699
方4-斜1	2541	240.057	15.649
方4-斜1	2542	240.003	15.603
方4-斜1	2543	239.777	15.567
方4-斜1	2544	239.424	15.542
方4-斜1	2545	239.021	15.527
方4-斜1	2546	238.647	15.521
方4-斜1	2547	238.363	15.521
方4-斜1	2548	238.2	15.527
方4-斜1	2549	238.165	15.538
方4-斜1	2550	238.244	15.552
方4-斜1	2551	238.413	15.566
方4-斜1	2552	238.648	15.579
方4-斜1	2553	238.924	15.589
方4-斜1	2554	239.218	15.596
方4-斜1	2555	239.515	15.603
方4-斜1	2556	239.808	15.613
方4-斜1	2557	240.1	15.63
方4-斜1	2558	240.397	15.654
方4-斜1	2559	240.703	15.684
方4-斜1	2560	241.021	15.714
方4-斜1	2561	241.357	15.739
方4-斜1	2562	241.717	15.756
方4-斜1	2563	242.104	15.763
方4-斜1	2564	242.507	15.762
方4-斜1	2565	242.901	15.754
方4-斜1	2566	243.247	15.747
方4-斜1	2567	243.513	15.742
方4-斜1	2568	243.693	15.742
方4-斜1	2569	243.812	15.743
方4-斜1	2570	243.923	15.739
方4-斜1	2571	244.072	15.723
方4-斜1	2572	244.278	15.688
方4-斜1	2573	244.516	15.634
方4-斜1	2574	244.73	15.565
方4-斜1	2575	244.864	15.492
方4-斜1	2576	244.882	15.423
方4-斜1	2577	244.787	15.364
方4-斜1	2578	244.612	15.32
方4-斜1	2579	244.399	15.291
方4-斜1	2580	244.189	15.279
方4-斜1	2581	244.008	15.283
方4-斜1	2582	243.871	15.307
方4-斜1	2583	243.787	15.35
方4-斜1	2584	243.756	15.407
方4-斜1	2585	243.781	15.469
方4-斜1	2586	243.87	15.524
方4-斜1	2587	244.038	15.563
方4-斜1	2588	244.296	15.582
方4-斜1	2589	244.631	15.584
方4-斜1	2590	245.009	15.576
方4-斜1	2591	245.374	15.566
方4-斜1	2592	245.678	15.559
方4-斜1	2593	245.901	15.551
方4-斜1	2594	246.055	15.538
方4-斜1	2595	246.177	15.514
方4-斜1	2596	246.298	15.478
方4-斜1	2597	246.416	15.436
方4-斜1	2598	246.495	15.395
方4-斜1	2599	246.48	15.362
方4-斜1	2600	246.33	15.341
方4-斜1	2601	246.045	15.33
方4-斜1	2602	245.673	15.326
方4-斜1	2603	245.286	15.324
方4-斜1	2604	244.956	15.322
方4-斜1	2605	244.729	15.319
方4-斜1	2606	244.631	15.317
方4-斜1	2607	244.664	15.317
方4-斜1	2608	244.816	15.32
方4-斜1	2609	245.067	15.329
方4-斜1	2610	245.388	15.344
方4-斜1	2611	245.752	15.36
方4-斜1	2612	246.14	15.374
方4-斜1	2613	246.545	15.376
方4-斜1	2614	246.966	15.361
方4-斜1	2615	247.394	15.326
方4-斜1	2616	247.796	15.274
方4-斜1	2617	248.122	15.212
方4-斜1	2618	248.323	15.149
方4-斜1	2619	248.372	15.094
方4-斜1	2620	248.277	15.052
方4-斜1	2621	248.08	15.023
方4-斜1	2622	247.85	15.004
方4-斜1	2623	247.657	14.989
方4-斜1	2624	247.56	14.976
方4-斜1	2625	247.586	14.966
方4-斜1	2626	247.726	14.962
方4-斜1	2627	247.932	14.971
方4-斜1	2628	248.131	14.996
方4-斜1	2629	248.252	15.035
方4-斜1	2630	248.257	15.081
方4-斜1	2631	248.161	15.126
方4-斜1	2632	248.026	15.158
方4-斜1	2633	247.936	15.174
方4-斜1	2634	247.952	15.171
方4-斜1	2635	248.075	15.153
方4-斜1	2636	248.243	15.128
方4-斜1	2637	248.353	15.102
方4-斜1	2638	248.313	15.08
方4-斜1	2639	248.082	15.064
方4-斜1	2640	247.688	15.053
方4-斜1	2641	247.207	15.043
方4-斜1	2642	246.741	15.032
方4-斜1	2643	246.38	15.018
方4-斜1	2644	246.184	15.001
方4-斜1	2645	246.178	14.981
方4-斜1	2646	246.354	14.96
方4-斜1	2647	246.674	14.941
方4-斜1	2648	247.077	14.928
方4-斜1	2649	247.485	14.925
方4-斜1	2650	247.826	14.935
方4-斜1	2651	248.05	14.957
方4-斜1	2652	248.147	14.988
方4-斜1	2653	248.149	15.024
方4-斜1	2654	248.12	15.06
方4-斜1	2655	248.141	15.09
方4-斜1	2656	248.286	15.11
方4-斜1	2657	248.603	15.114
方4-斜1	2658	249.09	15.101
方4-斜1	2659	249.691	15.075
方4-斜1	2660	250.307	15.038
方4-斜1	2661	250.828	14.998
方4-斜1	2662	251.163	14.959
方4-斜1	2663	251.273	14.926
方4-斜1	2664	251.176	14.9
方4-斜1	2665	250.937	14.882
方4-斜1	2666	250.648	14.87
方4-斜1	2667	250.399	14.863
方4-斜1	2668	250.254	14.858
方4-斜1	2669	250.243	14.856
方4-斜1	2670	250.354	14.86
方4-斜1	2671	250.55	14.872
方4-斜1	2672	250.791	14.893
方4-斜1	2673	251.06	14.92
方4-斜1	2674	251.36	14.947
方4-斜1	2675	251.705	14.967
方4-斜1	2676	252.097	14.973
方4-斜1	2677	252.513	14.962
方4-斜1	2678	252.919	14.932
方4-斜1	2679	253.275	14.887
方4-斜1	2680	253.551	14.832
方4-斜1	2681	253.727	14.777
方4-斜1	2682	253.804	14.731
方4-斜1	2683	253.806	14.701
方4-斜1	2684	253.77	14.688
方4-斜1	2685	253.737	14.69
方4-斜1	2686	253.73	14.699
方4-斜1	2687	253.748	14.712
方4-斜1	2688	253.779	14.726
方4-斜1	2689	253.807	14.741
方4-斜1	2690	253.828	14.755
方4-斜1	2691	253.852	14.767
方4-斜1	2692	253.897	14.771
方4-斜1	2693	253.971	14.762
方4-斜1	2694	254.06	14.74
方4-斜1	2695	254.12	14.711
方4-斜1	2696	254.102	14.684
方4-斜1	2697	253.98	14.667
方4-斜1	2698	253.777	14.664
方4-斜1	2699	253.559	14.675
方4-斜1	2700	253.408	14.696
方4-斜1	2701	253.389	14.722
方4-斜1	2702	253.523	14.753
方4-斜1	2703	253.79	14.788
方4-斜1	2704	254.145	14.827
方4-斜1	2705	254.537	14.866
方4-斜1	2706	254.928	14.895
方4-斜1	2707	255.29	14.907
方4-斜1	2708	255.605	14.897
方4-斜1	2709	255.852	14.865
方4-斜1	2710	256.017	14.819
方4-斜1	2711	256.098	14.772
方4-斜1	2712	256.113	14.731
方4-斜1	2713	256.098	14.703
方4-斜1	2714	256.095	14.69
方4-斜1	2715	256.146	14.693
方4-斜1	2716	256.275	14.709
方4-斜1	2717	256.484	14.733
方4-斜1	2718	256.756	14.756
方4-斜1	2719	257.061	14.768
方4-斜1	2720	257.36	14.762
方4-斜1	2721	257.607	14.733
方4-斜1	2722	257.76	14.686
方4-斜1	2723	257.78	14.63
方4-斜1	2724	257.645	14.578
方4-斜1	2725	257.361	14.541
方4-斜1	2726	256.974	14.524
方4-斜1	2727	256.563	14.526
方4-斜1	2728	256.224	14.545
方4-斜1	2729	256.026	14.577
方4-斜1	2730	255.994	14.619
方4-斜1	2731	256.102	14.672
方4-斜1	2732	256.295	14.73
方4-斜1	2733	256.514	14.788
方4-斜1	2734	256.711	14.835
方4-斜1	2735	256.856	14.868
方4-斜1	2736	256.94	14.886
方4-斜1	2737	256.975	14.896
方4-斜1	2738	256.996	14.904
方4-斜1	2739	257.054	14.916
方4-斜1	2740	257.193	14.931
方4-斜1	2741	257.42	14.947
方4-斜1	2742	257.699	14.959
方4-斜1	2743	257.953	14.966
方4-斜1	2744	258.105	14.969
方4-斜1	2745	258.106	14.967
方4-斜1	2746	257.954	14.962
方4-斜1	2747	257.687	14.954
方4-斜1	2748	257.36	14.944
方4-斜1	2749	257.023	14.93
方4-斜1	2750	256.719	14.916
方4-斜1	2751	256.475	14.904
方4-斜1	2752	256.309	14.896
方4-斜1	2753	256.226	14.894
方4-斜1	2754	256.216	14.898
方4-斜1	2755	256.261	14.906
方4-斜1	2756	256.344	14.916
方4-斜1	2757	256.452	14.924
方4-斜1	2758	256.577	14.929
方4-斜1	2759	256.709	14.929
方4-斜1	2760	256.823	14.927
方4-斜1	2761	256.883	14.922
方4-斜1	2762	256.855	14.916
方4-斜1	2763	256.73	14.911
方4-斜1	2764	256.54	14.907
方4-斜1	2765	256.347	14.905
方4-斜1	2766	256.221	14.907
方4-斜1	2767	256.214	14.913
方4-斜1	2768	256.342	14.927
方4-斜1	2769	256.592	14.95
方4-斜1	2770	256.929	14.985
方4-斜1	2771	257.318	15.029
方4-斜1	2772	257.729	15.081
方4-斜1	2773	258.144	15.137
方4-斜1	2774	258.549	15.192
方4-斜1	2775	258.923	15.244
方4-斜1	2776	259.243	15.284
方4-斜1	2777	259.498	15.308
方4-斜1	2778	259.696	15.312
方4-斜1	2779	259.857	15.298
方4-斜1	2780	260.002	15.27
方4-斜1	2781	260.139	15.236
方4-斜1	2782	260.268	15.2
方4-斜1	2783	260.385	15.162
方4-斜1	2784	260.478	15.124
方4-斜1	2785	260.527	15.086
方4-斜1	2786	260.512	15.051
方4-斜1	2787	260.419	15.023
方4-斜1	2788	260.251	15.004
方4-斜1	2789	260.021	14.994
方4-斜1	2790	259.743	14.993
方4-斜1	2791	259.433	15
方4-斜1	2792	259.12	15.014
方4-斜1	2793	258.84	15.033
方4-斜1	2794	258.635	15.055
方4-斜1	2795	258.53	15.079
方4-斜1	2796	258.531	15.103
方4-斜1	2797	258.633	15.128
方4-斜1	2798	258.829	15.157
方4-斜1	2799	259.116	15.192
方4-斜1	2800	259.489	15.235
方4-斜1	2801	259.93	15.285
方4-斜1	2802	260.4	15.34
方4-斜1	2803	260.841	15.396
方4-斜1	2804	261.197	15.446
方4-斜1	2805	261.438	15.483
方4-斜1	2806	261.572	15.503
方4-斜1	2807	261.639	15.505
方4-斜1	2808	261.691	15.493
方4-斜1	2809	261.772	15.47
方4-斜1	2810	261.9	15.442
方4-斜1	2811	262.073	15.411
方4-斜1	2812	262.264	15.38
方4-斜1	2813	262.442	15.35
方4-斜1	2814	262.584	15.322
方4-斜1	2815	262.689	15.298
方4-斜1	2816	262.772	15.277
方4-斜1	2817	262.854	15.26
方4-斜1	2818	262.94	15.245
方4-斜1	2819	263.024	15.229
方4-斜1	2820	263.096	15.21
方4-斜1	2821	263.155	15.184
方4-斜1	2822	263.2	15.153
方4-斜1	2823	263.22	15.119
方4-斜1	2824	263.184	15.088
方4-斜1	2825	263.062	15.065
方4-斜1	2826	262.846	15.053
方4-斜1	2827	262.578	15.05
方4-斜1	2828	262.332	15.054
方4-斜1	2829	262.182	15.059
方4-斜1	2830	262.169	15.064
方4-斜1	2831	262.285	15.072
方4-斜1	2832	262.489	15.087
方4-斜1	2833	262.738	15.115
方4-斜1	2834	263.009	15.158
方4-斜1	2835	263.299	15.215
方4-斜1	2836	263.607	15.278
方4-斜1	2837	263.918	15.339
方4-斜1	2838	264.201	15.39
方4-斜1	2839	264.418	15.426
方4-斜1	2840	264.554	15.449
方4-斜1	2841	264.625	15.461
方4-斜1	2842	264.678	15.465
方4-斜1	2843	264.768	15.46
方4-斜1	2844	264.937	15.447
方4-斜1	2845	265.186	15.422
方4-斜1	2846	265.478	15.388
方4-斜1	2847	265.754	15.346
方4-斜1	2848	265.964	15.304
方4-斜1	2849	266.088	15.266
方4-斜1	2850	266.144	15.231
方4-斜1	2851	266.166	15.196
方4-斜1	2852	266.184	15.158
方4-斜1	2853	266.214	15.116
方4-斜1	2854	266.255	15.07
方4-斜1	2855	266.3	15.027
方4-斜1	2856	266.338	14.991
方4-斜1	2857	266.348	14.968
方4-斜1	2858	266.299	14.96
方4-斜1	2859	266.159	14.968
方4-斜1	2860	265.911	14.99
方4-斜1	2861	265.572	15.025
方4-斜1	2862	265.201	15.068
方4-斜1	2863	264.882	15.115
方4-斜1	2864	264.706	15.161
方4-斜1	2865	264.729	15.204
方4-斜1	2866	264.954	15.246
方4-斜1	2867	265.331	15.288
方4-斜1	2868	265.774	15.33
方4-斜1	2869	266.193	15.369
方4-斜1	2870	266.522	15.398
方4-斜1	2871	266.741	15.409
方4-斜1	2872	266.868	15.402
方4-斜1	2873	266.94	15.378
方4-斜1	2874	266.985	15.346
方4-斜1	2875	267.019	15.314
方4-斜1	2876	267.05	15.29
方4-斜1	2877	267.084	15.276
方4-斜1	2878	267.129	15.27
方4-斜1	2879	267.19	15.267
方4-斜1	2880	267.263	15.261
方4-斜1	2881	267.345	15.249
方4-斜1	2882	267.432	15.23
方4-斜1	2883	267.528	15.204
方4-斜1	2884	267.635	15.177
方4-斜1	2885	267.747	15.154
方4-斜1	2886	267.859	15.137
方4-斜1	2887	267.962	15.131
方4-斜1	2888	268.05	15.134
方4-斜1	2889	268.114	15.147
方4-斜1	2890	268.144	15.166
方4-斜1	2891	268.134	15.189
方4-斜1	2892	268.09	15.218
方4-斜1	2893	268.038	15.254
方4-斜1	2894	268.017	15.296
方4-斜1	2895	268.058	15.341
方4-斜1	2896	268.169	15.385
方4-斜1	2897	268.328	15.423
方4-斜1	2898	268.488	15.456
方4-斜1	2899	268.605	15.485
方4-斜1	2900	268.653	15.516
方4-斜1	2901	268.639	15.554
方4-斜1	2902	268.596	15.6
方4-斜1	2903	268.559	15.652
方4-斜1	2904	268.548	15.705
方4-斜1	2905	268.553	15.753
方4-斜1	2906	268.56	15.794
方4-斜1	2907	268.565	15.829
方4-斜1	2908	268.585	15.862
方4-斜1	2909	268.639	15.893
方4-斜1	2910	268.73	15.921
方4-斜1	2911	268.842	15.943
方4-斜1	2912	268.944	15.959
方4-斜1	2913	269.017	15.968
方4-斜1	2914	269.06	15.972
方4-斜1	2915	269.089	15.97
方4-斜1	2916	269.126	15.963
方4-斜1	2917	269.182	15.952
方4-斜1	2918	269.249	15.939
方4-斜1	2919	269.296	15.924
方4-斜1	2920	269.289	15.91
方4-斜1	2921	269.21	15.901
方4-斜1	2922	269.069	15.898
方4-斜1	2923	268.891	15.904
方4-斜1	2924	268.697	15.919
方4-斜1	2925	268.492	15.938
方4-斜1	2926	268.274	15.961
方4-斜1	2927	268.05	15.986
方4-斜1	2928	267.834	16.013
方4-斜1	2929	267.638	16.044
方4-斜1	2930	267.463	16.079
方4-斜1	2931	267.307	16.117
方4-斜1	2932	267.165	16.156
方4-斜1	2933	267.035	16.198
方4-斜1	2934	266.913	16.247
方4-斜1	2935	266.788	16.305
方4-斜1	2936	266.651	16.376
方4-斜1	2937	266.493	16.458
方4-斜1	2938	266.313	16.548
方4-斜1	2939	266.11	16.642
方4-斜1	2940	265.882	16.737
方4-斜1	2941	265.627	16.83
方4-斜1	2942	265.35	16.92
方4-斜1	2943	265.062	17.005
方4-斜1	2944	264.78	17.086
方4-斜1	2945	264.522	17.164
方4-斜1	2946	264.294	17.246
方4-斜1	2947	264.099	17.334
方4-斜1	2948	263.934	17.429
方4-斜1	2949	263.792	17.531
方4-斜1	2950	263.664	17.639
方4-斜1	2951	263.539	17.751
方4-斜1	2952	263.407	17.867
方4-斜1	2953	263.263	17.984
方4-斜1	2954	263.109	18.102
方4-斜1	2955	262.951	18.219
方4-斜1	2956	262.794	18.337
方4-斜1	2957	262.636	18.456
方4-斜1	2958	262.472	18.577
方4-斜1	2959	262.297	18.7
方4-斜1	2960	262.11	18.825
方4-斜1	2961	261.921	18.952
方4-斜1	2962	261.74	19.078
方4-斜1	2963	261.576	19.203
方4-斜1	2964	261.436	19.327
方4-斜1	2965	261.323	19.449
方4-斜1	2966	261.235	19.569
方4-斜1	2967	261.164	19.685
方4-斜1	2968	261.087	19.794
方4-斜1	2969	260.978	19.89
方4-斜1	2970	260.809	19.969
方4-斜1	2971	260.57	20.032
方4-斜1	2972	260.275	20.085
方4-斜1	2973	259.955	20.138
方4-斜1	2974	259.65	20.199
方4-斜1	2975	259.383	20.269
方4-斜1	2976	259.152	20.345
方4-斜1	2977	258.938	20.417
方4-斜1	2978	258.731	20.481
方4-斜1	2979	258.543	20.539
方4-斜1	2980	258.4	20.595
方4-斜1	2981	258.323	20.658
方4-斜1	2982	258.306	20.732
方4-斜1	2983	258.319	20.815
方4-斜1	2984	258.32	20.904
方4-斜1	2985	258.27	20.99
方4-斜1	2986	258.146	21.071
方4-斜1	2987	257.948	21.145
方4-斜1	2988	257.705	21.215
方4-斜1	2989	257.463	21.284
方4-斜1	2990	257.266	21.352
方4-斜1	2991	257.132	21.421
方4-斜1	2992	257.045	21.488
方4-斜1	2993	256.968	21.553
方4-斜1	2994	256.862	21.613
方4-斜1	2995	256.704	21.666
方4-斜1	2996	256.492	21.709
方4-斜1	2997	256.232	21.742
方4-斜1	2998	255.939	21.766
方4-斜1	2999	255.623	21.785
方4-斜1	3000	255.301	21.798
方4-斜1	3001	254.993	21.807
方4-斜1	3002	254.716	21.814
方4-斜1	3003	254.472	21.826
方4-斜1	3004	254.252	21.848
方4-斜1	3005	254.043	21.888
方4-斜1	3006	253.847	21.947
方4-斜1	3007	253.687	22.02
方4-斜1	3008	253.583	22.098
方4-斜1	3009	253.537	22.172
方4-斜1	3010	253.527	22.234
方4-斜1	3011	253.519	22.282
方4-斜1	3012	253.488	22.319
方4-斜1	3013	253.432	22.357
方4-斜1	3014	253.358	22.408
方4-斜1	3015	253.279	22.481
方4-斜1	3016	253.201	22.58
方4-斜1	3017	253.12	22.705
方4-斜1	3018	253.023	22.848
方4-斜1	3019	252.884	23.001
方4-斜1	3020	252.691	23.156
方4-斜1	3021	252.45	23.308
方4-斜1	3022	252.196	23.452
方4-斜1	3023	251.968	23.588
方4-斜1	3024	251.796	23.716
方4-斜1	3025	251.68	23.837
方4-斜1	3026	251.599	23.95
方4-斜1	3027	251.522	24.055
方4-斜1	3028	251.425	24.151
方4-斜1	3029	251.298	24.237
方4-斜1	3030	251.14	24.317
方4-斜1	3031	250.959	24.394
方4-斜1	3032	250.768	24.469
方4-斜1	3033	250.585	24.546
方4-斜1	3034	250.425	24.624
方4-斜1	3035	250.294	24.702
方4-斜1	3036	250.193	24.779
方4-斜1	3037	250.116	24.853
方4-斜1	3038	250.051	24.925
方4-斜1	3039	249.984	24.995
方4-斜1	3040	249.902	25.061
方4-斜1	3041	249.798	25.121
方4-斜1	3042	249.668	25.175
方4-斜1	3043	249.513	25.224
方4-斜1	3044	249.34	25.268
方4-斜1	3045	249.157	25.313
方4-斜1	3046	248.982	25.368
方4-斜1	3047	248.836	25.428
方4-斜1	3048	248.735	25.491
方4-斜1	3049	248.678	25.556
方4-斜1	3050	248.641	25.621
方4-斜1	3051	248.587	25.683
方4-斜1	3052	248.485	25.743
方4-斜1	3053	248.325	25.8
方4-斜1	3054	248.118	25.856
方4-斜1	3055	247.891	25.913
方4-斜1	3056	247.67	25.973
方4-斜1	3057	247.474	26.035
方4-斜1	3058	247.31	26.098
方4-斜1	3059	247.181	26.159
方4-斜1	3060	247.081	26.217
方4-斜1	3061	246.999	26.27
方4-斜1	3062	246.911	26.316
方4-斜1	3063	246.789	26.356
方4-斜1	3064	246.621	26.391
方4-斜1	3065	246.426	26.425
方4-斜1	3066	246.242	26.463
方4-斜1	3067	246.106	26.507
方4-斜1	3068	246.026	26.56
方4-斜1	3069	245.98	26.621
方4-斜1	3070	245.94	26.688
方4-斜1	3071	245.891	26.759
方4-斜1	3072	245.841	26.832
方4-斜1	3073	245.81	26.903
方4-斜1	3074	245.802	26.971
方4-斜1	3075	245.794	27.034
方4-斜1	3076	245.739	27.091
方4-斜1	3077	245.591	27.141
方4-斜1	3078	245.331	27.184
方4-斜1	3079	244.978	27.219
方4-斜1	3080	244.579	27.249
方4-斜1	3081	244.18	27.278
方4-斜1	3082	243.8	27.315
方4-斜1	3083	243.425	27.367
方4-斜1	3084	243.023	27.428
方4-斜1	3085	242.572	27.469
方4-斜1	3086	242.071	27.465
方4-斜1	3087	241.541	27.411
方4-斜1	3088	241.021	27.331
方4-斜1	3089	240.553	27.251
方4-斜1	3090	240.173	27.192
方4-斜1	3091	239.891	27.164
方4-斜1	3092	239.685	27.166
方4-斜1	3093	239.514	27.193
方4-斜1	3094	239.333	27.238
方4-斜1	3095	239.12	27.295
方4-斜1	3096	238.884	27.359
方4-斜1	3097	238.651	27.426
方4-斜1	3098	238.444	27.493
方4-斜1	3099	238.269	27.558
方4-斜1	3100	238.127	27.619
方4-斜1	3101	238.03	27.678
方4-斜1	3102	238.003	27.738
方4-斜1	3103	238.071	27.802
方4-斜1	3104	238.229	27.877
方4-斜1	3105	238.434	27.965
方4-斜1	3106	238.617	28.064
方4-斜1	3107	238.707	28.165
方4-斜1	3108	238.648	28.249
方4-斜1	3109	238.418	28.299
方4-斜1	3110	238.027	28.318
方4-斜1	3111	237.513	28.329
方4-斜1	3112	236.935	28.352
方4-斜1	3113	236.355	28.392
方4-斜1	3114	235.815	28.439
方4-斜1	3115	235.323	28.484
方4-斜1	3116	234.842	28.527
方4-斜1	3117	234.308	28.575
方4-斜1	3118	233.66	28.632
方4-斜1	3119	232.879	28.702
方4-斜1	3120	232.004	28.784
方4-斜1	3121	231.12	28.873
方4-斜1	3122	230.311	28.964
方4-斜1	3123	229.62	29.051
方4-斜1	3124	229.036	29.133
方4-斜1	3125	228.522	29.211
方4-斜1	3126	228.056	29.288
方4-斜1	3127	227.643	29.365
方4-斜1	3128	227.308	29.443
方4-斜1	3129	227.056	29.518
方4-斜1	3130	226.856	29.588
方4-斜1	3131	226.644	29.65
方4-斜1	3132	226.351	29.704
方4-斜1	3133	225.938	29.746
方4-斜1	3134	225.419	29.778
方4-斜1	3135	224.855	29.799
方4-斜1	3136	224.325	29.809
方4-斜1	3137	223.893	29.81
方4-斜1	3138	223.589	29.804
方4-斜1	3139	223.418	29.794
方4-斜1	3140	223.376	29.785
方4-斜1	3141	223.448	29.782
方4-斜1	3142	223.611	29.788
方4-斜1	3143	223.824	29.802
方4-斜1	3144	224.035	29.823
方4-斜1	3145	224.197	29.87
方4-斜1	3146	224.279	29.922
方4-斜1	3147	224.268	29.976
方4-斜1	3148	224.154	30.032
方4-斜1	3149	223.914	30.091
方4-斜1	3150	223.518	30.151
方4-斜1	3151	222.95	30.207
方4-斜1	3152	222.236	30.251
方4-斜1	3153	221.45	30.275
方4-斜1	3154	220.69	30.27
方4-斜1	3155	220.024	30.236
方4-斜1	3156	219.474	30.179
方4-斜1	3157	219.024	30.114
方4-斜1	3158	218.651	30.058
方4-斜1	3159	218.342	30.026
方4-斜1	3160	218.076	30.026
方4-斜1	3161	217.822	30.057
方4-斜1	3162	217.542	30.109
方4-斜1	3163	217.216	30.169
方4-斜1	3164	216.854	30.221
方4-斜1	3165	216.492	30.259
方4-斜1	3166	216.164	30.28
方4-斜1	3167	215.892	30.288
方4-斜1	3168	215.669	30.287
方4-斜1	3169	215.469	30.282
方4-斜1	3170	215.261	30.278
方4-斜1	3171	215.025	30.277
方4-斜1	3172	214.762	30.282
方4-斜1	3173	214.486	30.294
方4-斜1	3174	214.214	30.309
方4-斜1	3175	213.946	30.324
方4-斜1	3176	213.66	30.335
方4-斜1	3177	213.321	30.338
方4-斜1	3178	212.91	30.332
方4-斜1	3179	212.444	30.317
方4-斜1	3180	211.974	30.295
方4-斜1	3181	211.565	30.269
方4-斜1	3182	211.254	30.244
方4-斜1	3183	211.036	30.224
方4-斜1	3184	210.856	30.21
方4-斜1	3185	210.639	30.201
方4-斜1	3186	210.319	30.19
方4-斜1	3187	209.875	30.17
方4-斜1	3188	209.349	30.138
方4-斜1	3189	208.832	30.103
方4-斜1	3190	208.424	30.083
方4-斜1	3191	208.182	30.096
方4-斜1	3192	208.101	30.148
方4-斜1	3193	208.126	30.232
方4-斜1	3194	208.176	30.329
方4-斜1	3195	208.178	30.42
方4-斜1	3196	208.077	30.49
方4-斜1	3197	207.853	30.533
方4-斜1	3198	207.521	30.548
方4-斜1	3199	207.122	30.54
方4-斜1	3200	206.703	30.518
方4-斜1	3201	206.302	30.491
方4-斜1	3202	205.939	30.466
方4-斜1	3203	205.62	30.449
方4-斜1	3204	205.336	30.441
方4-斜1	3205	205.066	30.439
方4-斜1	3206	204.788	30.442
方4-斜1	3207	204.489	30.445
方4-斜1	3208	204.165	30.446
方4-斜1	3209	203.822	30.442
方4-斜1	3210	203.471	30.432
方4-斜1	3211	203.122	30.416
方4-斜1	3212	202.781	30.392
方4-斜1	3213	202.446	30.358
方4-斜1	3214	202.108	30.314
方4-斜1	3215	201.754	30.259
方4-斜1	3216	201.373	30.196
方4-斜1	3217	200.963	30.13
方4-斜1	3218	200.533	30.068
方4-斜1	3219	200.093	30.012
方4-斜1	3220	199.653	29.964
方4-斜1	3221	199.22	29.927
方4-斜1	3222	198.798	29.901
方4-斜1	3223	198.395	29.887
方4-斜1	3224	198.016	29.888
方4-斜1	3225	197.667	29.908
方4-斜1	3226	197.342	29.949
方4-斜1	3227	197.031	30.009
方4-斜1	3228	196.724	30.083
方4-斜1	3229	196.417	30.161
方4-斜1	3230	196.114	30.238
方4-斜1	3231	195.816	30.311
方4-斜1	3232	195.516	30.38
方4-斜1	3233	195.196	30.445
方4-斜1	3234	194.845	30.506
方4-斜1	3235	194.464	30.56
方4-斜1	3236	194.07	30.603
方4-斜1	3237	193.69	30.635
方4-斜1	3238	193.344	30.661
方4-斜1	3239	193.038	30.685
方4-斜1	3240	192.756	30.713
方4-斜1	3241	192.469	30.744
方4-斜1	3242	192.15	30.774
方4-斜1	3243	191.786	30.799
方4-斜1	3244	191.39	30.818
方4-斜1	3245	190.998	30.835
方4-斜1	3246	190.65	30.854
方4-斜1	3247	190.376	30.882
方4-斜1	3248	190.178	30.92
方4-斜1	3249	190.023	30.967
方4-斜1	3250	189.858	31.017
方4-斜1	3251	189.634	31.064
方4-斜1	3252	189.334	31.108
方4-斜1	3253	188.983	31.151
方4-斜1	3254	188.634	31.203
方4-斜1	3255	188.329	31.264
方4-斜1	3256	188.09	31.332
方4-斜1	3257	187.909	31.398
方4-斜1	3258	187.771	31.455
方4-斜1	3259	187.664	31.501
方4-斜1	3260	187.581	31.54
方4-斜1	3261	187.511	31.577
方4-斜1	3262	187.441	31.616
方4-斜1	3263	187.354	31.656
方4-斜1	3264	187.241	31.692
方4-斜1	3265	187.106	31.721
方4-斜1	3266	186.961	31.737
方4-斜1	3267	186.818	31.74
方4-斜1	3268	186.679	31.729
方4-斜1	3269	186.537	31.707
方4-斜1	3270	186.387	31.676
方4-斜1	3271	186.24	31.635
方4-斜1	3272	186.12	31.583
方4-斜1	3273	186.045	31.516
方4-斜1	3274	186.01	31.435
方4-斜1	3275	185.994	31.347
方4-斜1	3276	185.968	31.265
方4-斜1	3277	185.918	31.197
方4-斜1	3278	185.848	31.149
方4-斜1	3279	185.763	31.118
方4-斜1	3280	185.65	31.094
方4-斜1	3281	185.48	31.064
方4-斜1	3282	185.238	31.016
方4-斜1	3283	184.943	30.945
方4-斜1	3284	184.658	30.853
方4-斜1	3285	184.459	30.746
方4-斜1	3286	184.397	30.63
方4-斜1	3287	184.488	30.51
方4-斜1	3288	184.737	30.39
方4-斜1	3289	185.147	30.273
方4-斜1	3290	185.708	30.166
方4-斜1	3291	186.353	30.074
方4-斜1	3292	186.949	29.998
方4-斜1	3293	187.335	29.937
方4-斜1	3294	187.397	29.886
方4-斜1	3295	187.129	29.839
方4-斜1	3296	186.632	29.793
方4-斜1	3297	186.068	29.748
方4-斜1	3298	185.582	29.708
方4-斜1	3299	185.255	29.678
方4-斜1	3300	185.081	29.657
方4-斜1	3301	185.007	29.643
方4-斜1	3302	184.981	29.629
方4-斜1	3303	184.978	29.607
方4-斜1	3304	184.997	29.569
方4-斜1	3305	185.026	29.511
方4-斜1	3306	185.035	29.434
方4-斜1	3307	184.994	29.342
方4-斜1	3308	184.898	29.245
方4-斜1	3309	184.77	29.153
方4-斜1	3310	184.648	29.072
方4-斜1	3311	184.555	29.004
方4-斜1	3312	184.493	28.948
方4-斜1	3313	184.441	28.902
方4-斜1	3314	184.38	28.861
方4-斜1	3315	184.31	28.821
方4-斜1	3316	184.255	28.78
方4-斜1	3317	184.25	28.737
方4-斜1	3318	184.319	28.691
方4-斜1	3319	184.456	28.645
方4-斜1	3320	184.624	28.596
方4-斜1	3321	184.767	28.544
方4-斜1	3322	184.843	28.488
方4-斜1	3323	184.848	28.427
方4-斜1	3324	184.817	28.361
方4-斜1	3325	184.8	28.291
方4-斜1	3326	184.833	28.219
方4-斜1	3327	184.915	28.148
方4-斜1	3328	185.017	28.078
方4-斜1	3329	185.106	28.012
方4-斜1	3330	185.168	27.95
方4-斜1	3331	185.214	27.892
方4-斜1	3332	185.266	27.838
方4-斜1	3333	185.333	27.789
方4-斜1	3334	185.402	27.746
方4-斜1	3335	185.438	27.709
方4-斜1	3336	185.415	27.675
方4-斜1	3337	185.327	27.64
方4-斜1	3338	185.191	27.599
方4-斜1	3339	185.036	27.553
方4-斜1	3340	184.891	27.502
方4-斜1	3341	184.776	27.45
方4-斜1	3342	184.702	27.398
方4-斜1	3343	184.672	27.346
方4-斜1	3344	184.686	27.292
方4-斜1	3345	184.742	27.232
方4-斜1	3346	184.837	27.168
方4-斜1	3347	184.962	27.102
方4-斜1	3348	185.107	27.035
方4-斜1	3349	185.268	26.968
方4-斜1	3350	185.459	26.9
方4-斜1	3351	185.701	26.832
方4-斜1	3352	185.993	26.768
方4-斜1	3353	186.288	26.705
方4-斜1	3354	186.504	26.638
方4-斜1	3355	186.57	26.556
方4-斜1	3356	186.467	26.448
方4-斜1	3357	186.241	26.313
方4-斜1	3358	185.973	26.158
方4-斜1	3359	185.734	26
方4-斜1	3360	185.569	25.854
方4-斜1	3361	185.495	25.736
方4-斜1	3362	185.519	25.651
方4-斜1	3363	185.65	25.601
方4-斜1	3364	185.898	25.579
方4-斜1	3365	186.266	25.576
方4-斜1	3366	186.733	25.578
方4-斜1	3367	187.237	25.572
方4-斜1	3368	187.667	25.548
方4-斜1	3369	187.894	25.503
方4-斜1	3370	187.831	25.438
方4-斜1	3371	187.491	25.352
方4-斜1	3372	186.98	25.248
方4-斜1	3373	186.432	25.122
方4-斜1	3374	185.936	24.978
方4-斜1	3375	185.523	24.823
方4-斜1	3376	185.184	24.667
方4-斜1	3377	184.903	24.521
方4-斜1	3378	184.675	24.392
方4-斜1	3379	184.504	24.282
方4-斜1	3380	184.413	24.188
方4-斜1	3381	184.439	24.106
方4-斜1	3382	184.602	24.037
方4-斜1	3383	184.867	23.98
方4-斜1	3384	185.146	23.935
方4-斜1	3385	185.344	23.896
方4-斜1	3386	185.421	23.858
方4-斜1	3387	185.409	23.815
方4-斜1	3388	185.361	23.768
方4-斜1	3389	185.307	23.72
方4-斜1	3390	185.232	23.672
方4-斜1	3391	185.117	23.62
方4-斜1	3392	184.964	23.558
方4-斜1	3393	184.8	23.481
方4-斜1	3394	184.652	23.387
方4-斜1	3395	184.53	23.282
方4-斜1	3396	184.422	23.17
方4-斜1	3397	184.319	23.059
方4-斜1	3398	184.224	22.959
方4-斜1	3399	184.154	22.875
方4-斜1	3400	184.133	22.808
方4-斜1	3401	184.173	22.756
方4-斜1	3402	184.269	22.709
方4-斜1	3403	184.396	22.659
方4-斜1	3404	184.52	22.596
方4-斜1	3405	184.611	22.513
方4-斜1	3406	184.657	22.41
方4-斜1	3407	184.666	22.298
方4-斜1	3408	184.655	22.195
方4-斜1	3409	184.634	22.116
方4-斜1	3410	184.606	22.068
方4-斜1	3411	184.568	22.04
方4-斜1	3412	184.526	22.013
方4-斜1	3413	184.494	21.97
方4-斜1	3414	184.49	21.904
方4-斜1	3415	184.528	21.82
方4-斜1	3416	184.605	21.73
方4-斜1	3417	184.698	21.644
方4-斜1	3418	184.778	21.567
方4-斜1	3419	184.828	21.499
方4-斜1	3420	184.855	21.435
方4-斜1	3421	184.891	21.367
方4-斜1	3422	184.981	21.293
方4-斜1	3423	185.163	21.215
方4-斜1	3424	185.46	21.14
方4-斜1	3425	185.865	21.076
方4-斜1	3426	186.352	21.025
方4-斜1	3427	186.884	20.984
方4-斜1	3428	187.425	20.948
方4-斜1	3429	187.938	20.909
方4-斜1	3430	188.37	20.863
方4-斜1	3431	188.657	20.807
方4-斜1	3432	188.754	20.742
方4-斜1	3433	188.668	20.666
方4-斜1	3434	188.462	20.577
方4-斜1	3435	188.198	20.472
方4-斜1	3436	187.881	20.351
方4-斜1	3437	187.459	20.222
方4-斜1	3438	186.884	20.097
方4-斜1	3439	186.181	19.988
方4-斜1	3440	185.459	19.901
方4-斜1	3441	184.85	19.834
方4-斜1	3442	184.441	19.775
方4-斜1	3443	184.242	19.71
方4-斜1	3444	184.208	19.633
方4-斜1	3445	184.279	19.543
方4-斜1	3446	184.408	19.448
方4-斜1	3447	184.56	19.359
方4-斜1	3448	184.71	19.281
方4-斜1	3449	184.836	19.217
方4-斜1	3450	184.934	19.164
方4-斜1	3451	185.026	19.12
方4-斜1	3452	185.162	19.082
方4-斜1	3453	185.39	19.053
方4-斜1	3454	185.724	19.034
方4-斜1	3455	186.13	19.023
方4-斜1	3456	186.541	19.013
方4-斜1	3457	186.895	18.996
方4-斜1	3458	187.167	18.965
方4-斜1	3459	187.361	18.916
方4-斜1	3460	187.491	18.851
方4-斜1	3461	187.562	18.772
方4-斜1	3462	187.576	18.682
方4-斜1	3463	187.547	18.588
方4-斜1	3464	187.512	18.499
方4-斜1	3465	187.516	18.424
方4-斜1	3466	187.589	18.369
方4-斜1	3467	187.736	18.328
方4-斜1	3468	187.944	18.294
方4-斜1	3469	188.2	18.256
方4-斜1	3470	188.488	18.21
方4-斜1	3471	188.771	18.158
方4-斜1	3472	188.975	18.102
方4-斜1	3473	189.007	18.042
方4-斜1	3474	188.807	17.977
方4-斜1	3475	188.383	17.908
方4-斜1	3476	187.803	17.835
方4-斜1	3477	187.143	17.76
方4-斜1	3478	186.875	17.635
方4-斜1	3479	186.838	17.38
方4-斜1	3480	186.869	17.176
方4-斜1	3481	187.242	17.134
方4-斜1	3482	186.86	17.154
方4-斜1	3483	186.151	17.095
方4-斜1	3484	186.1	16.986
方4-斜1	3485	186.128	16.911