方4-斜3	660.95	0.002	0.002
方4-斜3	661.95	0.002	0.002
方4-斜3	662.95	0.002	0.002
方4-斜3	663.95	0.002	0.002
方4-斜3	664.95	0.002	0.002
方4-斜3	665.95	0.002	0.002
方4-斜3	666.95	0.002	0.002
方4-斜3	667.95	0.002	0.002
方4-斜3	668.95	0.002	0.002
方4-斜3	669.95	0.002	0.002
方4-斜3	670.95	230.422	0.549
方4-斜3	671.95	239.405	0.525
方4-斜3	672.95	248.063	0.499
方4-斜3	673.95	255.786	0.474
方4-斜3	674.95	262.506	0.449
方4-斜3	675.95	269.199	0.429
方4-斜3	676.95	276.285	0.418
方4-斜3	677.95	281.879	0.421
方4-斜3	678.95	283.089	0.438
方4-斜3	679.95	279.267	0.466
方4-斜3	680.95	273.093	0.496
方4-斜3	681.95	268.337	0.52
方4-斜3	682.95	267.308	0.539
方4-斜3	683.95	269.669	0.554
方4-斜3	684.95	272.232	0.568
方4-斜3	685.95	272.983	0.586
方4-斜3	686.95	272.486	0.603
方4-斜3	687.95	271.866	0.614
方4-斜3	688.95	271.449	0.615
方4-斜3	689.95	271.349	0.606
方4-斜3	690.95	271.728	0.593
方4-斜3	691.95	273.654	0.582
方4-斜3	692.95	278.324	0.577
方4-斜3	693.95	285.569	0.578
方4-斜3	694.95	293.567	0.578
方4-斜3	695.95	300.295	0.577
方4-斜3	696.95	304.644	0.576
方4-斜3	697.95	307	0.577
方4-斜3	698.95	308.418	0.584
方4-斜3	699.95	309.391	0.596
方4-斜3	700.95	310.143	0.611
方4-斜3	701.95	311.302	0.624
方4-斜3	702.95	313.237	0.633
方4-斜3	703.95	315.42	0.636
方4-斜3	704.95	317.193	0.638
方4-斜3	705.95	318.705	0.64
方4-斜3	706.95	320.687	0.641
方4-斜3	707.95	323.393	0.638
方4-斜3	708.95	326.309	0.634
方4-斜3	709.95	328.268	0.634
方4-斜3	710.95	328.909	0.643
方4-斜3	711.95	328.295	0.656
方4-斜3	712.95	327.248	0.669
方4-斜3	713.95	326.663	0.681
方4-斜3	714.95	326.705	0.692
方4-斜3	715.95	327.052	0.703
方4-斜3	716.95	327.437	0.715
方4-斜3	717.95	327.795	0.726
方4-斜3	718.95	328.282	0.736
方4-斜3	719.95	328.886	0.745
方4-斜3	720.95	329.439	0.753
方4-斜3	721.95	329.933	0.76
方4-斜3	722.95	330.421	0.766
方4-斜3	723.95	330.89	0.769
方4-斜3	724.95	331.574	0.769
方4-斜3	725.95	332.883	0.766
方4-斜3	726.95	334.794	0.763
方4-斜3	727.95	336.744	0.762
方4-斜3	728.95	338.23	0.765
方4-斜3	729.95	339.129	0.769
方4-斜3	730.95	339.51	0.774
方4-斜3	731.95	339.561	0.778
方4-斜3	732.95	339.636	0.779
方4-斜3	733.95	340.391	0.778
方4-斜3	734.95	341.4	0.775
方4-斜3	735.95	342.655	0.771
方4-斜3	736.95	344.545	0.768
方4-斜3	737.95	347.691	0.765
方4-斜3	738.95	350.109	0.762
方4-斜3	739.95	351.845	0.759
方4-斜3	740.95	353.2	0.755
方4-斜3	741.95	354.845	0.75
方4-斜3	742.95	356.327	0.747
方4-斜3	743.95	357.5	0.746
方4-斜3	744.95	358.2	0.747
方4-斜3	745.95	358.473	0.748
方4-斜3	746.95	359.282	0.749
方4-斜3	747.95	163.6	0.75
方4-斜3	748.95	0.791	0.75
方4-斜3	749.95	1.936	0.751
方4-斜3	750.95	3.764	0.752
方4-斜3	751.95	6.091	0.752
方4-斜3	752.95	7.818	0.749
方4-斜3	753.95	8.955	0.744
方4-斜3	754.95	9.902	0.739
方4-斜3	755.95	10.978	0.736
方4-斜3	756.95	12.452	0.735
方4-斜3	757.95	13.997	0.735
方4-斜3	758.95	14.718	0.735
方4-斜3	759.95	14.434	0.735
方4-斜3	760.95	14.016	0.737
方4-斜3	761.95	14.202	0.74
方4-斜3	762.95	14.896	0.744
方4-斜3	763.95	15.398	0.751
方4-斜3	764.95	15.324	0.762
方4-斜3	765.95	14.698	0.775
方4-斜3	766.95	13.972	0.789
方4-斜3	767.95	13.543	0.801
方4-斜3	768.95	13.329	0.811
方4-斜3	769.95	13.03	0.819
方4-斜3	770.95	12.497	0.829
方4-斜3	771.95	11.829	0.842
方4-斜3	772.95	11.391	0.862
方4-斜3	773.95	11.394	0.884
方4-斜3	774.95	11.377	0.906
方4-斜3	775.95	10.889	0.923
方4-斜3	776.95	10.112	0.935
方4-斜3	777.95	9.294	0.944
方4-斜3	778.95	8.498	0.951
方4-斜3	779.95	7.961	0.955
方4-斜3	780.95	7.751	0.957
方4-斜3	781.95	7.522	0.957
方4-斜3	782.95	6.998	0.957
方4-斜3	783.95	6.156	0.957
方4-斜3	784.95	5.249	0.958
方4-斜3	785.95	4.506	0.959
方4-斜3	786.95	4.104	0.96
方4-斜3	787.95	4.035	0.96
方4-斜3	788.95	4.254	0.96
方4-斜3	789.95	4.665	0.959
方4-斜3	790.95	5.17	0.956
方4-斜3	791.95	5.784	0.95
方4-斜3	792.95	6.347	0.943
方4-斜3	793.95	6.708	0.937
方4-斜3	794.95	6.789	0.934
方4-斜3	795.95	6.914	0.934
方4-斜3	796.95	7.395	0.934
方4-斜3	797.95	7.933	0.934
方4-斜3	798.95	8.137	0.933
方4-斜3	799.95	8.075	0.933
方4-斜3	800.95	8.019	0.933
方4-斜3	801.95	8.072	0.935
方4-斜3	802.95	8.138	0.938
方4-斜3	803.95	8.144	0.939
方4-斜3	804.95	8.062	0.939
方4-斜3	805.95	7.889	0.938
方4-斜3	806.95	7.842	0.936
方4-斜3	807.95	8.022	0.934
方4-斜3	808.95	8.069	0.933
方4-斜3	809.95	7.807	0.934
方4-斜3	810.95	7.506	0.937
方4-斜3	811.95	7.388	0.941
方4-斜3	812.95	7.386	0.945
方4-斜3	813.95	7.371	0.947
方4-斜3	814.95	7.561	0.946
方4-斜3	815.95	8.253	0.943
方4-斜3	816.95	9.194	0.937
方4-斜3	817.95	9.92	0.93
方4-斜3	818.95	10.408	0.922
方4-斜3	819.95	10.787	0.917
方4-斜3	820.95	11.046	0.912
方4-斜3	821.95	11.197	0.91
方4-斜3	822.95	11.422	0.908
方4-斜3	823.95	11.749	0.908
方4-斜3	824.95	11.917	0.911
方4-斜3	825.95	11.888	0.916
方4-斜3	826.95	11.888	0.924
方4-斜3	827.95	11.987	0.931
方4-斜3	828.95	12.011	0.937
方4-斜3	829.95	11.836	0.94
方4-斜3	830.95	11.68	0.939
方4-斜3	831.95	11.805	0.935
方4-斜3	832.95	12.098	0.93
方4-斜3	833.95	12.262	0.927
方4-斜3	834.95	12.274	0.926
方4-斜3	835.95	12.332	0.926
方4-斜3	836.95	12.465	0.926
方4-斜3	837.95	12.647	0.927
方4-斜3	838.95	12.931	0.928
方4-斜3	839.95	13.265	0.929
方4-斜3	840.95	13.462	0.931
方4-斜3	841.95	13.488	0.932
方4-斜3	842.95	13.7	0.933
方4-斜3	843.95	14.193	0.932
方4-斜3	844.95	14.58	0.93
方4-斜3	845.95	14.734	0.928
方4-斜3	846.95	14.849	0.925
方4-斜3	847.95	14.861	0.923
方4-斜3	848.95	14.338	0.922
方4-斜3	849.95	13.231	0.924
方4-斜3	850.95	12.352	0.928
方4-斜3	851.95	12.447	0.933
方4-斜3	852.95	13.172	0.938
方4-斜3	853.95	13.767	0.941
方4-斜3	854.95	14.075	0.945
方4-斜3	855.95	14.319	0.951
方4-斜3	856.95	14.612	0.962
方4-斜3	857.95	14.741	0.977
方4-斜3	858.95	14.239	0.991
方4-斜3	859.95	12.914	0.995
方4-斜3	860.95	11.178	0.984
方4-斜3	861.95	9.989	0.963
方4-斜3	862.95	9.717	0.942
方4-斜3	863.95	9.819	0.928
方4-斜3	864.95	9.809	0.919
方4-斜3	865.95	9.751	0.911
方4-斜3	866.95	10.084	0.904
方4-斜3	867.95	10.853	0.898
方4-斜3	868.95	11.597	0.895
方4-斜3	869.95	11.951	0.895
方4-斜3	870.95	12.1	0.895
方4-斜3	871.95	12.325	0.894
方4-斜3	872.95	12.409	0.893
方4-斜3	873.95	11.948	0.894
方4-斜3	874.95	10.968	0.898
方4-斜3	875.95	9.83	0.903
方4-斜3	876.95	8.776	0.908
方4-斜3	877.95	7.952	0.914
方4-斜3	878.95	7.566	0.921
方4-斜3	879.95	7.602	0.927
方4-斜3	880.95	7.699	0.933
方4-斜3	881.95	7.468	0.937
方4-斜3	882.95	6.682	0.939
方4-斜3	883.95	5.736	0.94
方4-斜3	884.95	5.609	0.94
方4-斜3	885.95	5.473	0.94
方4-斜3	886.95	5.1	0.94
方4-斜3	887.95	5.082	0.941
方4-斜3	888.95	4.527	0.942
方4-斜3	889.95	3.991	0.943
方4-斜3	890.95	3.509	0.942
方4-斜3	891.95	2.891	0.938
方4-斜3	892.95	2.1	0.933
方4-斜3	893.95	1.582	0.925
方4-斜3	894.95	0.636	0.915
方4-斜3	895.95	358.618	0.903
方4-斜3	896.95	357.609	0.896
方4-斜3	897.95	357.5	0.895
方4-斜3	898.95	357.445	0.898
方4-斜3	899.95	357.064	0.9
方4-斜3	900.95	356.455	0.9
方4-斜3	901.95	355.827	0.898
方4-斜3	902.95	354.955	0.896
方4-斜3	903.95	354.509	0.895
方4-斜3	904.95	354.5	0.894
方4-斜3	905.95	354.5	0.894
方4-斜3	906.95	354.218	0.897
方4-斜3	907.95	354.455	0.904
方4-斜3	908.95	355.064	0.918
方4-斜3	909.95	355.745	0.934
方4-斜3	910.95	357.236	0.948
方4-斜3	911.95	359.236	0.955
方4-斜3	912.95	0.645	0.952
方4-斜3	913.95	0.245	0.941
方4-斜3	914.95	359.609	0.929
方4-斜3	915.95	359.864	0.922
方4-斜3	916.95	359.536	0.919
方4-斜3	917.95	358.591	0.918
方4-斜3	918.95	358.127	0.92
方4-斜3	919.95	357.991	0.922
方4-斜3	920.95	357.545	0.922
方4-斜3	921.95	356.645	0.918
方4-斜3	922.95	355.136	0.907
方4-斜3	923.95	354.209	0.896
方4-斜3	924.95	353.227	0.886
方4-斜3	925.95	352.8	0.88
方4-斜3	926.95	353.273	0.878
方4-斜3	927.95	353.527	0.877
方4-斜3	928.95	353.945	0.878
方4-斜3	929.95	355.827	0.877
方4-斜3	930.95	357.7	0.873
方4-斜3	931.95	359.227	0.868
方4-斜3	932.95	0.182	0.864
方4-斜3	933.95	0.9	0.866
方4-斜3	934.95	1.773	0.872
方4-斜3	935.95	2.991	0.877
方4-斜3	936.95	3.591	0.879
方4-斜3	937.95	3.6	0.878
方4-斜3	938.95	3.7	0.876
方4-斜3	939.95	3.664	0.876
方4-斜3	940.95	2.982	0.877
方4-斜3	941.95	2.264	0.878
方4-斜3	942.95	1.727	0.877
方4-斜3	943.95	1.773	0.876
方4-斜3	944.95	2	0.876
方4-斜3	945.95	2.1	0.877
方4-斜3	946.95	2.2	0.879
方4-斜3	947.95	1.755	0.882
方4-斜3	948.95	1.291	0.885
方4-斜3	949.95	0.691	0.888
方4-斜3	950.95	0.227	0.89
方4-斜3	951.95	359.809	0.894
方4-斜3	952.95	359.755	0.898
方4-斜3	953.95	359.482	0.902
方4-斜3	954.95	359.2	0.907
方4-斜3	955.95	359.373	0.912
方4-斜3	956.95	359.7	0.916
方4-斜3	957.95	359.809	0.917
方4-斜3	958.95	0.218	0.917
方4-斜3	959.95	0.5	0.916
方4-斜3	960.95	0.345	0.916
方4-斜3	961.95	0.2	0.917
方4-斜3	962.95	0.155	0.918
方4-斜3	963.95	359.564	0.92
方4-斜3	964.95	358.8	0.921
方4-斜3	965.95	358.845	0.923
方4-斜3	966.95	359.1	0.926
方4-斜3	967.95	358.9	0.93
方4-斜3	968.95	359.082	0.934
方4-斜3	969.95	359.118	0.938
方4-斜3	970.95	358.273	0.942
方4-斜3	971.95	358.145	0.945
方4-斜3	972.95	359.482	0.949
方4-斜3	973.95	0.5	0.953
方4-斜3	974.95	1.418	0.957
方4-斜3	975.95	1.673	0.96
方4-斜3	976.95	1.173	0.963
方4-斜3	977.95	0.827	0.966
方4-斜3	978.95	0.6	0.968
方4-斜3	979.95	0.664	0.971
方4-斜3	980.95	1	0.974
方4-斜3	981.95	1.191	0.979
方4-斜3	982.95	1.264	0.983
方4-斜3	983.95	1.591	0.989
方4-斜3	984.95	1.664	0.994
方4-斜3	985.95	1.6	0.999
方4-斜3	986.95	1.6	1.004
方4-斜3	987.95	1.782	1.007
方4-斜3	988.95	1.936	1.009
方4-斜3	989.95	2.355	1.01
方4-斜3	990.95	2.709	1.012
方4-斜3	991.95	2.9	1.014
方4-斜3	992.95	3.336	1.017
方4-斜3	993.95	3.4	1.019
方4-斜3	994.95	3.6	1.021
方4-斜3	995.95	3.673	1.025
方4-斜3	996.95	3.6	1.031
方4-斜3	997.95	3.6	1.04
方4-斜3	998.95	3.682	1.048
方4-斜3	999.95	3.918	1.054
方4-斜3	1000.95	4.2	1.058
方4-斜3	1001.95	4.382	1.059
方4-斜3	1002.95	4.855	1.06
方4-斜3	1003.95	5.6	1.06
方4-斜3	1004.95	5.864	1.059
方4-斜3	1005.95	6.445	1.058
方4-斜3	1006.95	6.864	1.058
方4-斜3	1007.95	6.8	1.06
方4-斜3	1008.95	6.491	1.065
方4-斜3	1009.95	6.3	1.071
方4-斜3	1010.95	6.064	1.078
方4-斜3	1011.95	5.645	1.083
方4-斜3	1012.95	5.091	1.086
方4-斜3	1013.95	5.118	1.087
方4-斜3	1014.95	5.536	1.086
方4-斜3	1015.95	5.736	1.083
方4-斜3	1016.95	6.018	1.079
方4-斜3	1017.95	6.627	1.077
方4-斜3	1018.95	6.995	1.076
方4-斜3	1019.95	7.428	1.077
方4-斜3	1020.95	7.847	1.079
方4-斜3	1021.95	8.227	1.08
方4-斜3	1022.95	8.568	1.081
方4-斜3	1023.95	8.967	1.083
方4-斜3	1024.95	9.582	1.086
方4-斜3	1025.95	10.435	1.088
方4-斜3	1026.95	11.319	1.089
方4-斜3	1027.95	11.94	1.09
方4-斜3	1028.95	12.151	1.09
方4-斜3	1029.95	12.033	1.09
方4-斜3	1030.95	11.85	1.09
方4-斜3	1031.95	11.901	1.092
方4-斜3	1032.95	12.318	1.093
方4-斜3	1033.95	13.05	1.096
方4-斜3	1034.95	13.805	1.099
方4-斜3	1035.95	14.468	1.101
方4-斜3	1036.95	15.113	1.103
方4-斜3	1037.95	15.837	1.104
方4-斜3	1038.95	16.542	1.104
方4-斜3	1039.95	17.125	1.103
方4-斜3	1040.95	17.625	1.103
方4-斜3	1041.95	18.142	1.104
方4-斜3	1042.95	18.639	1.106
方4-斜3	1043.95	19.05	1.108
方4-斜3	1044.95	19.262	1.109
方4-斜3	1045.95	19.299	1.11
方4-斜3	1046.95	19.363	1.11
方4-斜3	1047.95	19.642	1.109
方4-斜3	1048.95	20.082	1.109
方4-斜3	1049.95	20.447	1.111
方4-斜3	1050.95	20.631	1.116
方4-斜3	1051.95	20.773	1.125
方4-斜3	1052.95	21.061	1.135
方4-斜3	1053.95	21.571	1.144
方4-斜3	1054.95	22.202	1.154
方4-斜3	1055.95	22.625	1.163
方4-斜3	1056.95	22.599	1.17
方4-斜3	1057.95	22.436	1.175
方4-斜3	1058.95	22.781	1.175
方4-斜3	1059.95	23.896	1.169
方4-斜3	1060.95	25.497	1.16
方4-斜3	1061.95	26.848	1.15
方4-斜3	1062.95	27.481	1.137
方4-斜3	1063.95	27.87	1.116
方4-斜3	1064.95	28.711	1.087
方4-斜3	1065.95	29.813	1.057
方4-斜3	1066.95	30.506	1.031
方4-斜3	1067.95	30.592	1.013
方4-斜3	1068.95	30.488	0.999
方4-斜3	1069.95	30.45	0.984
方4-斜3	1070.95	30.529	0.97
方4-斜3	1071.95	30.71	0.956
方4-斜3	1072.95	30.927	0.945
方4-斜3	1073.95	31.147	0.934
方4-斜3	1074.95	31.481	0.926
方4-斜3	1075.95	32.079	0.922
方4-斜3	1076.95	32.885	0.925
方4-斜3	1077.95	33.619	0.934
方4-斜3	1078.95	34.095	0.948
方4-斜3	1079.95	34.383	0.966
方4-斜3	1080.95	34.554	0.987
方4-斜3	1081.95	34.527	1.006
方4-斜3	1082.95	34.283	1.022
方4-斜3	1083.95	33.95	1.033
方4-斜3	1084.95	33.711	1.034
方4-斜3	1085.95	33.646	1.027
方4-斜3	1086.95	33.8	1.014
方4-斜3	1087.95	34.024	1
方4-斜3	1088.95	34.094	0.99
方4-斜3	1089.95	34.035	0.988
方4-斜3	1090.95	34.099	0.991
方4-斜3	1091.95	34.488	0.997
方4-斜3	1092.95	35.069	1.002
方4-斜3	1093.95	35.545	1.004
方4-斜3	1094.95	35.731	1.003
方4-斜3	1095.95	35.789	0.999
方4-斜3	1096.95	35.957	0.991
方4-斜3	1097.95	36.265	0.98
方4-斜3	1098.95	36.664	0.967
方4-斜3	1099.95	37.184	0.952
方4-斜3	1100.95	37.834	0.937
方4-斜3	1101.95	38.5	0.923
方4-斜3	1102.95	39.056	0.913
方4-斜3	1103.95	39.502	0.906
方4-斜3	1104.95	39.902	0.903
方4-斜3	1105.95	40.261	0.904
方4-斜3	1106.95	40.506	0.907
方4-斜3	1107.95	40.588	0.912
方4-斜3	1108.95	40.608	0.916
方4-斜3	1109.95	40.72	0.919
方4-斜3	1110.95	40.935	0.922
方4-斜3	1111.95	41.148	0.926
方4-斜3	1112.95	41.246	0.933
方4-斜3	1113.95	41.083	0.944
方4-斜3	1114.95	40.496	0.957
方4-斜3	1115.95	39.616	0.971
方4-斜3	1116.95	39.041	0.983
方4-斜3	1117.95	39.169	0.991
方4-斜3	1118.95	39.499	0.998
方4-斜3	1119.95	39.583	1.006
方4-斜3	1120.95	39.539	1.013
方4-斜3	1121.95	39.647	1.021
方4-斜3	1122.95	39.907	1.029
方4-斜3	1123.95	40.075	1.04
方4-斜3	1124.95	39.981	1.052
方4-斜3	1125.95	39.763	1.064
方4-斜3	1126.95	39.67	1.077
方4-斜3	1127.95	39.748	1.091
方4-斜3	1128.95	39.776	1.107
方4-斜3	1129.95	39.428	1.124
方4-斜3	1130.95	38.607	1.142
方4-斜3	1131.95	37.516	1.161
方4-斜3	1132.95	36.571	1.176
方4-斜3	1133.95	35.82	1.189
方4-斜3	1134.95	35.298	1.199
方4-斜3	1135.95	35.045	1.207
方4-斜3	1136.95	34.948	1.215
方4-斜3	1137.95	34.784	1.223
方4-斜3	1138.95	34.474	1.231
方4-斜3	1139.95	34.002	1.24
方4-斜3	1140.95	33.376	1.248
方4-斜3	1141.95	32.727	1.254
方4-斜3	1142.95	32.263	1.258
方4-斜3	1143.95	32.102	1.26
方4-斜3	1144.95	32.259	1.262
方4-斜3	1145.95	32.633	1.264
方4-斜3	1146.95	33.022	1.264
方4-斜3	1147.95	33.181	1.263
方4-斜3	1148.95	33.077	1.261
方4-斜3	1149.95	32.934	1.257
方4-斜3	1150.95	32.964	1.251
方4-斜3	1151.95	33.177	1.241
方4-斜3	1152.95	33.439	1.229
方4-斜3	1153.95	33.584	1.219
方4-斜3	1154.95	33.538	1.215
方4-斜3	1155.95	33.554	1.216
方4-斜3	1156.95	34.039	1.221
方4-斜3	1157.95	34.955	1.225
方4-斜3	1158.95	35.829	1.226
方4-斜3	1159.95	36.271	1.225
方4-斜3	1160.95	36.484	1.223
方4-斜3	1161.95	36.631	1.222
方4-斜3	1162.95	36.643	1.221
方4-斜3	1163.95	36.467	1.223
方4-斜3	1164.95	36.225	1.225
方4-斜3	1165.95	36.081	1.228
方4-斜3	1166.95	36.138	1.231
方4-斜3	1167.95	36.41	1.231
方4-斜3	1168.95	36.696	1.228
方4-斜3	1169.95	36.713	1.224
方4-斜3	1170.95	36.459	1.22
方4-斜3	1171.95	36.138	1.215
方4-斜3	1172.95	35.865	1.206
方4-斜3	1173.95	35.767	1.193
方4-斜3	1174.95	36.153	1.18
方4-斜3	1175.95	37.211	1.17
方4-斜3	1176.95	38.581	1.165
方4-斜3	1177.95	39.559	1.163
方4-斜3	1178.95	39.893	1.16
方4-斜3	1179.95	40.03	1.156
方4-斜3	1180.95	40.495	1.15
方4-斜3	1181.95	41.292	1.144
方4-斜3	1182.95	41.954	1.138
方4-斜3	1183.95	42.158	1.134
方4-斜3	1184.95	42.069	1.132
方4-斜3	1185.95	42.044	1.13
方4-斜3	1186.95	42.173	1.128
方4-斜3	1187.95	42.304	1.126
方4-斜3	1188.95	42.331	1.121
方4-斜3	1189.95	42.321	1.115
方4-斜3	1190.95	42.341	1.109
方4-斜3	1191.95	42.406	1.103
方4-斜3	1192.95	42.461	1.098
方4-斜3	1193.95	42.433	1.093
方4-斜3	1194.95	42.398	1.089
方4-斜3	1195.95	42.507	1.088
方4-斜3	1196.95	42.761	1.088
方4-斜3	1197.95	43.126	1.087
方4-斜3	1198.95	43.55	1.086
方4-斜3	1199.95	43.789	1.084
方4-斜3	1200.95	43.604	1.084
方4-斜3	1201.95	43.096	1.086
方4-斜3	1202.95	42.601	1.09
方4-斜3	1203.95	42.321	1.095
方4-斜3	1204.95	42.238	1.1
方4-斜3	1205.95	42.28	1.105
方4-斜3	1206.95	42.361	1.11
方4-斜3	1207.95	42.294	1.116
方4-斜3	1208.95	41.902	1.121
方4-斜3	1209.95	41.292	1.126
方4-斜3	1210.95	40.597	1.131
方4-斜3	1211.95	39.869	1.136
方4-斜3	1212.95	39.173	1.141
方4-斜3	1213.95	39.345	1.146
方4-斜3	1214.95	39.691	1.151
方4-斜3	1215.95	37.991	1.156
方4-斜3	1216.95	35.5	1.161
方4-斜3	1217.95	33.536	1.165
方4-斜3	1218.95	32.309	1.166
方4-斜3	1219.95	31.218	1.165
方4-斜3	1220.95	29.073	1.163
方4-斜3	1221.95	25.455	1.161
方4-斜3	1222.95	22.573	1.16
方4-斜3	1223.95	21.282	1.159
方4-斜3	1224.95	20.8	1.154
方4-斜3	1225.95	20.009	1.143
方4-斜3	1226.95	18.882	1.126
方4-斜3	1227.95	17.709	1.104
方4-斜3	1228.95	16.464	1.077
方4-斜3	1229.95	15.791	1.047
方4-斜3	1230.95	14.482	1.015
方4-斜3	1231.95	13.073	0.988
方4-斜3	1232.95	11.818	0.965
方4-斜3	1233.95	10.5	0.947
方4-斜3	1234.95	8.955	0.929
方4-斜3	1235.95	7.427	0.904
方4-斜3	1236.95	5.918	0.87
方4-斜3	1237.95	4.136	0.83
方4-斜3	1238.95	2.518	0.794
方4-斜3	1239.95	0.6	0.767
方4-斜3	1240.95	359.527	0.747
方4-斜3	1241.95	358.873	0.729
方4-斜3	1242.95	359.164	0.714
方4-斜3	1243.95	65.473	0.704
方4-斜3	1244.95	359.673	0.702
方4-斜3	1245.95	359.282	0.706
方4-斜3	1246.95	358.282	0.713
方4-斜3	1247.95	358.364	0.718
方4-斜3	1248.95	130.9	0.719
方4-斜3	1249.95	0.382	0.717
方4-斜3	1250.95	0.236	0.712
方4-斜3	1251.95	1.209	0.704
方4-斜3	1252.95	2.791	0.696
方4-斜3	1253.95	3.882	0.69
方4-斜3	1254.95	3.273	0.686
方4-斜3	1255.95	3.736	0.682
方4-斜3	1256.95	4.036	0.677
方4-斜3	1257.95	3.136	0.67
方4-斜3	1258.95	4.5	0.665
方4-斜3	1259.95	6.164	0.667
方4-斜3	1260.95	5.973	0.679
方4-斜3	1261.95	4.5	0.705
方4-斜3	1262.95	1.118	0.741
方4-斜3	1263.95	358.018	0.775
方4-斜3	1264.95	357.755	0.802
方4-斜3	1265.95	358.5	0.816
方4-斜3	1266.95	358.6	0.818
方4-斜3	1267.95	358.464	0.811
方4-斜3	1268.95	358.118	0.797
方4-斜3	1269.95	358.418	0.778
方4-斜3	1270.95	359.6	0.757
方4-斜3	1271.95	1.173	0.738
方4-斜3	1272.95	2.145	0.723
方4-斜3	1273.95	2.155	0.713
方4-斜3	1274.95	1.518	0.706
方4-斜3	1275.95	0.345	0.701
方4-斜3	1276.95	294.464	0.698
方4-斜3	1277.95	294.464	0.699
方4-斜3	1278.95	0.636	0.705
方4-斜3	1279.95	0.818	0.716
方4-斜3	1280.95	326.518	0.732
方4-斜3	1281.95	357.591	0.748
方4-斜3	1282.95	358.227	0.763
方4-斜3	1283.95	0.327	0.78
方4-斜3	1284.95	0.364	0.802
方4-斜3	1285.95	358.873	0.835
方4-斜3	1286.95	356.1	0.873
方4-斜3	1287.95	354.009	0.908
方4-斜3	1288.95	354.718	0.933
方4-斜3	1289.95	356.073	0.945
方4-斜3	1290.95	356.455	0.948
方4-斜3	1291.95	357.155	0.944
方4-斜3	1292.95	357.564	0.934
方4-斜3	1293.95	358.236	0.917
方4-斜3	1294.95	359.018	0.892
方4-斜3	1295.95	359.845	0.865
方4-斜3	1296.95	359.864	0.841
方4-斜3	1297.95	359.636	0.821
方4-斜3	1298.95	0.155	0.806
方4-斜3	1299.95	1.109	0.793
方4-斜3	1300.95	2.509	0.782
方4-斜3	1301.95	3.664	0.771
方4-斜3	1302.95	4.673	0.76
方4-斜3	1303.95	5.009	0.752
方4-斜3	1304.95	5.373	0.746
方4-斜3	1305.95	5.691	0.744
方4-斜3	1306.95	6.1	0.744
方4-斜3	1307.95	6.782	0.746
方4-斜3	1308.95	7.055	0.746
方4-斜3	1309.95	7.2	0.744
方4-斜3	1310.95	7.2	0.738
方4-斜3	1311.95	7.3	0.731
方4-斜3	1312.95	7.509	0.723
方4-斜3	1313.95	7.909	0.713
方4-斜3	1314.95	8.882	0.702
方4-斜3	1315.95	9.709	0.69
方4-斜3	1316.95	10.3	0.677
方4-斜3	1317.95	10.282	0.667
方4-斜3	1318.95	10	0.657
方4-斜3	1319.95	10.191	0.648
方4-斜3	1320.95	11.018	0.636
方4-斜3	1321.95	12.709	0.624
方4-斜3	1322.95	15.091	0.611
方4-斜3	1323.95	17.627	0.6
方4-斜3	1324.95	19.918	0.592
方4-斜3	1325.95	22.455	0.588
方4-斜3	1326.95	24.991	0.59
方4-斜3	1327.95	27.773	0.598
方4-斜3	1328.95	30.327	0.608
方4-斜3	1329.95	32.745	0.62
方4-斜3	1330.95	34.009	0.632
方4-斜3	1331.95	34.673	0.644
方4-斜3	1332.95	35.164	0.657
方4-斜3	1333.95	35.918	0.671
方4-斜3	1334.95	36.845	0.684
方4-斜3	1335.95	36.764	0.69
方4-斜3	1336.95	36.018	0.688
方4-斜3	1337.95	36.191	0.681
方4-斜3	1338.95	36.4	0.676
方4-斜3	1339.95	36.745	0.675
方4-斜3	1340.95	36.882	0.675
方4-斜3	1341.95	35.973	0.671
方4-斜3	1342.95	35.5	0.664
方4-斜3	1343.95	35.391	0.66
方4-斜3	1344.95	35.209	0.663
方4-斜3	1345.95	36.536	0.675
方4-斜3	1346.95	38.091	0.696
方4-斜3	1347.95	38.945	0.723
方4-斜3	1348.95	39.082	0.755
方4-斜3	1349.95	38.755	0.791
方4-斜3	1350.95	38.791	0.83
方4-斜3	1351.95	38.536	0.866
方4-斜3	1352.95	36.836	0.894
方4-斜3	1353.95	36.091	0.917
方4-斜3	1354.95	36.845	0.94
方4-斜3	1355.95	36.727	0.969
方4-斜3	1356.95	35.355	1.002
方4-斜3	1357.95	33.282	1.036
方4-斜3	1358.95	32.1	1.066
方4-斜3	1359.95	31.1	1.09
方4-斜3	1360.95	30.573	1.112
方4-斜3	1361.95	29.636	1.135
方4-斜3	1362.95	29.182	1.16
方4-斜3	1363.95	28.291	1.188
方4-斜3	1364.95	25.755	1.215
方4-斜3	1365.95	23.2	1.239
方4-斜3	1366.95	21.436	1.26
方4-斜3	1367.95	20.2	1.276
方4-斜3	1368.95	18.927	1.289
方4-斜3	1369.95	17.9	1.299
方4-斜3	1370.95	16.964	1.305
方4-斜3	1371.95	16.455	1.308
方4-斜3	1372.95	15.945	1.309
方4-斜3	1373.95	15.536	1.308
方4-斜3	1374.95	14.8	1.306
方4-斜3	1375.95	13.973	1.301
方4-斜3	1376.95	13.245	1.294
方4-斜3	1377.95	12	1.285
方4-斜3	1378.95	10.782	1.274
方4-斜3	1379.95	9.227	1.263
方4-斜3	1380.95	8.036	1.254
方4-斜3	1381.95	7.545	1.249
方4-斜3	1382.95	6.927	1.245
方4-斜3	1383.95	5.973	1.243
方4-斜3	1384.95	5.355	1.242
方4-斜3	1385.95	4.755	1.242
方4-斜3	1386.95	3.991	1.239
方4-斜3	1387.95	3.545	1.232
方4-斜3	1388.95	2.809	1.221
方4-斜3	1389.95	2.1	1.208
方4-斜3	1390.95	1.027	1.193
方4-斜3	1391.95	163.564	1.173
方4-斜3	1392.95	359.055	1.151
方4-斜3	1393.95	358.445	1.127
方4-斜3	1394.95	358.127	1.101
方4-斜3	1395.95	357.464	1.078
方4-斜3	1396.95	357.109	1.057
方4-斜3	1397.95	356.945	1.039
方4-斜3	1398.95	356.973	1.026
方4-斜3	1399.95	357.191	1.018
方4-斜3	1400.95	356.873	1.013
方4-斜3	1401.95	356.855	1.008
方4-斜3	1402.95	357.418	1
方4-斜3	1403.95	357.118	0.991
方4-斜3	1404.95	356.045	0.982
方4-斜3	1405.95	355.745	0.974
方4-斜3	1406.95	355.8	0.966
方4-斜3	1407.95	356.418	0.957
方4-斜3	1408.95	357.764	0.951
方4-斜3	1409.95	358.018	0.95
方4-斜3	1410.95	356.873	0.953
方4-斜3	1411.95	355.773	0.957
方4-斜3	1412.95	355.436	0.957
方4-斜3	1413.95	355.582	0.949
方4-斜3	1414.95	355.936	0.931
方4-斜3	1415.95	356.3	0.904
方4-斜3	1416.95	358.573	0.871
方4-斜3	1417.95	1.418	0.842
方4-斜3	1418.95	3.464	0.823
方4-斜3	1419.95	4.6	0.812
方4-斜3	1420.95	4.118	0.804
方4-斜3	1421.95	3.809	0.794
方4-斜3	1422.95	4.2	0.781
方4-斜3	1423.95	4.227	0.765
方4-斜3	1424.95	4.091	0.752
方4-斜3	1425.95	5.182	0.743
方4-斜3	1426.95	6.355	0.739
方4-斜3	1427.95	7.309	0.737
方4-斜3	1428.95	7.6	0.734
方4-斜3	1429.95	7.709	0.727
方4-斜3	1430.95	8.918	0.719
方4-斜3	1431.95	10.182	0.712
方4-斜3	1432.95	9.873	0.705
方4-斜3	1433.95	9.255	0.7
方4-斜3	1434.95	8.927	0.695
方4-斜3	1435.95	9.055	0.692
方4-斜3	1436.95	9.809	0.689
方4-斜3	1437.95	10.491	0.686
方4-斜3	1438.95	11.182	0.682
方4-斜3	1439.95	11.6	0.678
方4-斜3	1440.95	12.136	0.673
方4-斜3	1441.95	12.509	0.665
方4-斜3	1442.95	13.336	0.657
方4-斜3	1443.95	14.791	0.649
方4-斜3	1444.95	16.573	0.645
方4-斜3	1445.95	18.145	0.644
方4-斜3	1446.95	19.7	0.645
方4-斜3	1447.95	21.509	0.649
方4-斜3	1448.95	22.455	0.653
方4-斜3	1449.95	23.073	0.656
方4-斜3	1450.95	23.191	0.656
方4-斜3	1451.95	22.909	0.654
方4-斜3	1452.95	22.091	0.651
方4-斜3	1453.95	21.864	0.649
方4-斜3	1454.95	23.027	0.648
方4-斜3	1455.95	24.027	0.65
方4-斜3	1456.95	24.755	0.653
方4-斜3	1457.95	25.255	0.658
方4-斜3	1458.95	26.164	0.665
方4-斜3	1459.95	27.373	0.671
方4-斜3	1460.95	28.773	0.674
方4-斜3	1461.95	29.473	0.67
方4-斜3	1462.95	29.927	0.661
方4-斜3	1463.95	30.427	0.654
方4-斜3	1464.95	31.4	0.65
方4-斜3	1465.95	31.109	0.647
方4-斜3	1466.95	30.527	0.64
方4-斜3	1467.95	30.891	0.632
方4-斜3	1468.95	30.445	0.625
方4-斜3	1469.95	30.027	0.627
方4-斜3	1470.95	31.473	0.638
方4-斜3	1471.95	34.082	0.655
方4-斜3	1472.95	33.3	0.671
方4-斜3	1473.95	30.073	0.68
方4-斜3	1474.95	28.555	0.682
方4-斜3	1475.95	28.036	0.682
方4-斜3	1476.95	26.864	0.682
方4-斜3	1477.95	26.827	0.685
方4-斜3	1478.95	27.691	0.687
方4-斜3	1479.95	28.782	0.688
方4-斜3	1480.95	30.164	0.687
方4-斜3	1481.95	30.882	0.682
方4-斜3	1482.95	31.1	0.675
方4-斜3	1483.95	31.391	0.667
方4-斜3	1484.95	32.518	0.665
方4-斜3	1485.95	33.3	0.673
方4-斜3	1486.95	32.873	0.69
方4-斜3	1487.95	33.136	0.712
方4-斜3	1488.95	34.145	0.736
方4-斜3	1489.95	34.1	0.757
方4-斜3	1490.95	33.955	0.775
方4-斜3	1491.95	34.373	0.79
方4-斜3	1492.95	34.036	0.8
方4-斜3	1493.95	33.7	0.806
方4-斜3	1494.95	33.964	0.809
方4-斜3	1495.95	34.282	0.81
方4-斜3	1496.95	34.5	0.811
方4-斜3	1497.95	34.5	0.812
方4-斜3	1498.95	34.382	0.815
方4-斜3	1499.95	33.927	0.819
方4-斜3	1500.95	33.727	0.825
方4-斜3	1501.95	34	0.832
方4-斜3	1502.95	33.755	0.839
方4-斜3	1503.95	33.527	0.845
方4-斜3	1504.95	33.482	0.849
方4-斜3	1505.95	32.918	0.853
方4-斜3	1506.95	32.8	0.856
方4-斜3	1507.95	32.8	0.859
方4-斜3	1508.95	32.9	0.862
方4-斜3	1509.95	32.682	0.864
方4-斜3	1510.95	32.236	0.867
方4-斜3	1511.95	32.318	0.869
方4-斜3	1512.95	32.6	0.87
方4-斜3	1513.95	32.745	0.87
方4-斜3	1514.95	32.9	0.87
方4-斜3	1515.95	32.8	0.871
方4-斜3	1516.95	32.8	0.872
方4-斜3	1517.95	32.8	0.876
方4-斜3	1518.95	32.6	0.881
方4-斜3	1519.95	32.491	0.887
方4-斜3	1520.95	32.255	0.893
方4-斜3	1521.95	32.227	0.896
方4-斜3	1522.95	32.291	0.897
方4-斜3	1523.95	32.2	0.897
方4-斜3	1524.95	32.1	0.897
方4-斜3	1525.95	32.082	0.9
方4-斜3	1526.95	31.8	0.907
方4-斜3	1527.95	31.8	0.92
方4-斜3	1528.95	31.291	0.939
方4-斜3	1529.95	30.364	0.961
方4-斜3	1530.95	29.836	0.984
方4-斜3	1531.95	29.209	1.007
方4-斜3	1532.95	28.355	1.029
方4-斜3	1533.95	27.8	1.051
方4-斜3	1534.95	27.727	1.068
方4-斜3	1535.95	27.855	1.08
方4-斜3	1536.95	28.2	1.086
方4-斜3	1537.95	27.755	1.085
方4-斜3	1538.95	27.409	1.081
方4-斜3	1539.95	27.936	1.076
方4-斜3	1540.95	28.155	1.071
方4-斜3	1541.95	27.527	1.069
方4-斜3	1542.95	27.764	1.072
方4-斜3	1543.95	27.664	1.081
方4-斜3	1544.95	25.936	1.093
方4-斜3	1545.95	24.809	1.105
方4-斜3	1546.95	24.727	1.115
方4-斜3	1547.95	24.882	1.121
方4-斜3	1548.95	24.982	1.126
方4-斜3	1549.95	25.282	1.131
方4-斜3	1550.95	24.5	1.14
方4-斜3	1551.95	21.918	1.15
方4-斜3	1552.95	19.364	1.16
方4-斜3	1553.95	17.882	1.165
方4-斜3	1554.95	16.764	1.167
方4-斜3	1555.95	15.7	1.167
方4-斜3	1556.95	14.664	1.166
方4-斜3	1557.95	13.5	1.164
方4-斜3	1558.95	11.818	1.16
方4-斜3	1559.95	10.136	1.153
方4-斜3	1560.95	8.355	1.142
方4-斜3	1561.95	6.927	1.129
方4-斜3	1562.95	5.609	1.116
方4-斜3	1563.95	4.973	1.106
方4-斜3	1564.95	5.082	1.103
方4-斜3	1565.95	5.445	1.108
方4-斜3	1566.95	3.236	1.122
方4-斜3	1567.95	0.8	1.137
方4-斜3	1568.95	1.009	1.146
方4-斜3	1569.95	0.945	1.147
方4-斜3	1570.95	326.9	1.145
方4-斜3	1571.95	357.936	1.147
方4-斜3	1572.95	357.091	1.149
方4-斜3	1573.95	356.764	1.146
方4-斜3	1574.95	356.145	1.132
方4-斜3	1575.95	355.155	1.106
方4-斜3	1576.95	353.609	1.069
方4-斜3	1577.95	352.491	1.022
方4-斜3	1578.95	351.182	0.97
方4-斜3	1579.95	350.282	0.919
方4-斜3	1580.95	349.9	0.877
方4-斜3	1581.95	349.991	0.842
方4-斜3	1582.95	350.464	0.813
方4-斜3	1583.95	350.4	0.782
方4-斜3	1584.95	350.836	0.753
方4-斜3	1585.95	353.127	0.725
方4-斜3	1586.95	354.191	0.704
方4-斜3	1587.95	353.518	0.692
方4-斜3	1588.95	352.927	0.688
方4-斜3	1589.95	352.864	0.686
方4-斜3	1590.95	353.009	0.681
方4-斜3	1591.95	354.309	0.669
方4-斜3	1592.95	357.691	0.654
方4-斜3	1593.95	326.982	0.638
方4-斜3	1594.95	1.264	0.624
方4-斜3	1595.95	3.818	0.611
方4-斜3	1596.95	6.691	0.599
方4-斜3	1597.95	10.036	0.589
方4-斜3	1598.95	14.191	0.582
方4-斜3	1599.95	18.736	0.58
方4-斜3	1600.95	22.173	0.582
方4-斜3	1601.95	24.391	0.587
方4-斜3	1602.95	25	0.596
方4-斜3	1603.95	25.173	0.609
方4-斜3	1604.95	24.527	0.625
方4-斜3	1605.95	22.9	0.646
方4-斜3	1606.95	20.782	0.677
方4-斜3	1607.95	22.036	0.72
方4-斜3	1608.95	26.482	0.778
方4-斜3	1609.95	27.427	0.84
方4-斜3	1610.95	25.664	0.906
方4-斜3	1611.95	23.073	0.971
方4-斜3	1612.95	20.073	1.031
方4-斜3	1613.95	17.773	1.081
方4-斜3	1614.95	15.582	1.116
方4-斜3	1615.95	13.882	1.139
方4-斜3	1616.95	12.564	1.155
方4-斜3	1617.95	11.682	1.166
方4-斜3	1618.95	11.6	1.176
方4-斜3	1619.95	11.645	1.187
方4-斜3	1620.95	10.755	1.196
方4-斜3	1621.95	8.436	1.2
方4-斜3	1622.95	6.291	1.192
方4-斜3	1623.95	4.855	1.168
方4-斜3	1624.95	99.1	1.128
方4-斜3	1625.95	355.991	1.084
方4-斜3	1626.95	353.273	1.048
方4-斜3	1627.95	353.809	1.032
方4-斜3	1628.95	353.236	1.037
方4-斜3	1629.95	351.636	1.054
方4-斜3	1630.95	351.436	1.073
方4-斜3	1631.95	352.018	1.088
方4-斜3	1632.95	352.364	1.098
方4-斜3	1633.95	352.436	1.108
方4-斜3	1634.95	352.4	1.119
方4-斜3	1635.95	352.818	1.128
方4-斜3	1636.95	352.855	1.132
方4-斜3	1637.95	352.2	1.126
方4-斜3	1638.95	351.709	1.113
方4-斜3	1639.95	351.673	1.096
方4-斜3	1640.95	351.7	1.081
方4-斜3	1641.95	351.8	1.068
方4-斜3	1642.95	351.6	1.056
方4-斜3	1643.95	351.391	1.041
方4-斜3	1644.95	351.055	1.022
方4-斜3	1645.95	351.164	0.993
方4-斜3	1646.95	351.409	0.953
方4-斜3	1647.95	351.791	0.905
方4-斜3	1648.95	352.227	0.853
方4-斜3	1649.95	353.391	0.805
方4-斜3	1650.95	354.564	0.761
方4-斜3	1651.95	354.936	0.724
方4-斜3	1652.95	355.445	0.691
方4-斜3	1653.95	355.882	0.661
方4-斜3	1654.95	355.282	0.635
方4-斜3	1655.95	354.364	0.614
方4-斜3	1656.95	351.591	0.606
方4-斜3	1657.95	349.2	0.613
方4-斜3	1658.95	351.155	0.633
方4-斜3	1659.95	352.355	0.652
方4-斜3	1660.95	349.818	0.66
方4-斜3	1661.95	350.555	0.656
方4-斜3	1662.95	352.482	0.645
方4-斜3	1663.95	353.845	0.637
方4-斜3	1664.95	354.818	0.642
方4-斜3	1665.95	355.127	0.66
方4-斜3	1666.95	358.209	0.681
方4-斜3	1667.95	359.882	0.692
方4-斜3	1668.95	359.636	0.693
方4-斜3	1669.95	359.582	0.689
方4-斜3	1670.95	358.682	0.687
方4-斜3	1671.95	357.145	0.69
方4-斜3	1672.95	357.364	0.698
方4-斜3	1673.95	357.691	0.708
方4-斜3	1674.95	358.109	0.718
方4-斜3	1675.95	358.755	0.723
方4-斜3	1676.95	359.2	0.722
方4-斜3	1677.95	359.155	0.717
方4-斜3	1678.95	131.091	0.707
方4-斜3	1679.95	2.064	0.696
方4-斜3	1680.95	3.6	0.682
方4-斜3	1681.95	4.836	0.668
方4-斜3	1682.95	8.227	0.656
方4-斜3	1683.95	12.223	0.651
方4-斜3	1684.95	15.192	0.659
方4-斜3	1685.95	17.389	0.682
方4-斜3	1686.95	18.511	0.719
方4-斜3	1687.95	18.504	0.767
方4-斜3	1688.95	17.61	0.819
方4-斜3	1689.95	16.275	0.873
方4-斜3	1690.95	14.952	0.924
方4-斜3	1691.95	13.883	0.972
方4-斜3	1692.95	13.242	1.014
方4-斜3	1693.95	12.89	1.053
方4-斜3	1694.95	12.717	1.089
方4-斜3	1695.95	12.634	1.119
方4-斜3	1696.95	12.594	1.139
方4-斜3	1697.95	12.572	1.146
方4-斜3	1698.95	12.556	1.141
方4-斜3	1699.95	12.537	1.134
方4-斜3	1700.95	12.509	1.133
方4-斜3	1701.95	12.471	1.143
方4-斜3	1702.95	12.418	1.162
方4-斜3	1703.95	12.348	1.188
方4-斜3	1704.95	12.255	1.215
方4-斜3	1705.95	12.138	1.24
方4-斜3	1706.95	11.996	1.261
方4-斜3	1707.95	11.836	1.276
方4-斜3	1708.95	11.659	1.287
方4-斜3	1709.95	11.494	1.294
方4-斜3	1710.95	11.342	1.296
方4-斜3	1711.95	11.213	1.293
方4-斜3	1712.95	11.108	1.286
方4-斜3	1713.95	11.029	1.277
方4-斜3	1714.95	10.971	1.27
方4-斜3	1715.95	10.931	1.266
方4-斜3	1716.95	10.906	1.264
方4-斜3	1717.95	10.898	1.264
方4-斜3	1718.95	10.905	1.266
方4-斜3	1719.95	10.927	1.272
方4-斜3	1720.95	10.961	1.282
方4-斜3	1721.95	11.002	1.294
方4-斜3	1722.95	11.044	1.302
方4-斜3	1723.95	11.084	1.303
方4-斜3	1724.95	11.121	1.295
方4-斜3	1725.95	11.156	1.276
方4-斜3	1726.95	11.185	1.243
方4-斜3	1727.95	11.202	1.189
方4-斜3	1728.95	11.202	1.115
方4-斜3	1729.95	11.185	1.024
方4-斜3	1730.95	11.16	0.931
方4-斜3	1731.95	11.14	0.851
方4-斜3	1732.95	11.139	0.792
方4-斜3	1733.95	11.169	0.756
方4-斜3	1734.95	11.233	0.739
方4-斜3	1735.95	11.33	0.733
方4-斜3	1736.95	11.46	0.734
方4-斜3	1737.95	11.634	0.744
方4-斜3	1738.95	11.846	0.753
方4-斜3	1739.95	12.111	0.755
方4-斜3	1740.95	12.43	0.744
方4-斜3	1741.95	12.788	0.729
方4-斜3	1742.95	13.156	0.719
方4-斜3	1743.95	13.501	0.717
方4-斜3	1744.95	13.796	0.719
方4-斜3	1745.95	14.029	0.72
方4-斜3	1746.95	14.2	0.718
方4-斜3	1747.95	14.318	0.715
方4-斜3	1748.95	14.396	0.713
方4-斜3	1749.95	14.444	0.71
方4-斜3	1750.95	14.474	0.706
方4-斜3	1751.95	14.497	0.702
方4-斜3	1752.95	14.521	0.702
方4-斜3	1753.95	14.552	0.702
方4-斜3	1754.95	14.594	0.701
方4-斜3	1755.95	14.645	0.701
方4-斜3	1756.95	14.702	0.707
方4-斜3	1757.95	14.759	0.722
方4-斜3	1758.95	14.818	0.74
方4-斜3	1759.95	14.872	0.753
方4-斜3	1760.95	14.929	0.758
方4-斜3	1761.95	14.99	0.758
方4-斜3	1762.95	15.057	0.762
方4-斜3	1763.95	15.127	0.774
方4-斜3	1764.95	15.198	0.794
方4-斜3	1765.95	15.268	0.821
方4-斜3	1766.95	15.341	0.851
方4-斜3	1767.95	15.411	0.874
方4-斜3	1768.95	15.483	0.883
方4-斜3	1769.95	15.556	0.876
方4-斜3	1770.95	15.629	0.858
方4-斜3	1771.95	15.695	0.835
方4-斜3	1772.95	15.749	0.814
方4-斜3	1773.95	15.783	0.797
方4-斜3	1774.95	15.794	0.783
方4-斜3	1775.95	15.778	0.772
方4-斜3	1776.95	15.736	0.765
方4-斜3	1777.95	15.676	0.759
方4-斜3	1778.95	15.612	0.756
方4-斜3	1779.95	15.565	0.755
方4-斜3	1780.95	15.551	0.755
方4-斜3	1781.95	15.575	0.752
方4-斜3	1782.95	15.632	0.749
方4-斜3	1783.95	15.707	0.756
方4-斜3	1784.95	15.771	0.773
方4-斜3	1785.95	15.805	0.798
方4-斜3	1786.95	15.789	0.823
方4-斜3	1787.95	15.711	0.842
方4-斜3	1788.95	15.563	0.854
方4-斜3	1789.95	15.356	0.864
方4-斜3	1790.95	15.108	0.874
方4-斜3	1791.95	14.829	0.885
方4-斜3	1792.95	14.562	0.894
方4-斜3	1793.95	14.297	0.9
方4-斜3	1794.95	14.029	0.904
方4-斜3	1795.95	13.755	0.907
方4-斜3	1796.95	13.477	0.908
方4-斜3	1797.95	13.207	0.906
方4-斜3	1798.95	12.959	0.902
方4-斜3	1799.95	12.742	0.895
方4-斜3	1800.95	12.561	0.89
方4-斜3	1801.95	12.415	0.886
方4-斜3	1802.95	12.301	0.883
方4-斜3	1803.95	12.212	0.879
方4-斜3	1804.95	12.144	0.871
方4-斜3	1805.95	12.092	0.861
方4-斜3	1806.95	12.059	0.846
方4-斜3	1807.95	12.052	0.827
方4-斜3	1808.95	12.09	0.799
方4-斜3	1809.95	12.184	0.765
方4-斜3	1810.95	12.348	0.725
方4-斜3	1811.95	12.585	0.686
方4-斜3	1812.95	12.88	0.656
方4-斜3	1813.95	13.204	0.639
方4-斜3	1814.95	13.52	0.638
方4-斜3	1815.95	13.794	0.649
方4-斜3	1816.95	14.014	0.665
方4-斜3	1817.95	14.156	0.681
方4-斜3	1818.95	14.241	0.699
方4-斜3	1819.95	14.285	0.72
方4-斜3	1820.95	14.293	0.745
方4-斜3	1821.95	14.264	0.777
方4-斜3	1822.95	14.189	0.813
方4-斜3	1823.95	14.058	0.851
方4-斜3	1824.95	13.867	0.89
方4-斜3	1825.95	13.618	0.925
方4-斜3	1826.95	13.321	0.954
方4-斜3	1827.95	12.99	0.974
方4-斜3	1828.95	12.645	0.983
方4-斜3	1829.95	12.31	0.984
方4-斜3	1830.95	12.015	0.979
方4-斜3	1831.95	11.776	0.967
方4-斜3	1832.95	11.634	0.951
方4-斜3	1833.95	11.584	0.928
方4-斜3	1834.95	11.621	0.9
方4-斜3	1835.95	11.738	0.87
方4-斜3	1836.95	11.922	0.842
方4-斜3	1837.95	12.171	0.819
方4-斜3	1838.95	12.439	0.807
方4-斜3	1839.95	12.709	0.807
方4-斜3	1840.95	12.954	0.821
方4-斜3	1841.95	13.147	0.846
方4-斜3	1842.95	13.27	0.878
方4-斜3	1843.95	13.313	0.916
方4-斜3	1844.95	13.276	0.95
方4-斜3	1845.95	13.172	0.981
方4-斜3	1846.95	13.016	1.006
方4-斜3	1847.95	12.823	1.027
方4-斜3	1848.95	12.609	1.041
方4-斜3	1849.95	12.389	1.05
方4-斜3	1850.95	12.178	1.054
方4-斜3	1851.95	11.986	1.053
方4-斜3	1852.95	11.819	1.047
方4-斜3	1853.95	11.678	1.036
方4-斜3	1854.95	11.557	1.019
方4-斜3	1855.95	11.453	0.998
方4-斜3	1856.95	11.363	0.978
方4-斜3	1857.95	11.289	0.961
方4-斜3	1858.95	11.232	0.949
方4-斜3	1859.95	11.199	0.94
方4-斜3	1860.95	11.189	0.929
方4-斜3	1861.95	11.202	0.914
方4-斜3	1862.95	11.246	0.895
方4-斜3	1863.95	11.335	0.874
方4-斜3	1864.95	11.479	0.851
方4-斜3	1865.95	11.68	0.826
方4-斜3	1866.95	11.944	0.8
方4-斜3	1867.95	12.227	0.778
方4-斜3	1868.95	12.515	0.762
方4-斜3	1869.95	12.789	0.753
方4-斜3	1870.95	13.031	0.752
方4-斜3	1871.95	13.228	0.756
方4-斜3	1872.95	13.371	0.769
方4-斜3	1873.95	13.456	0.795
方4-斜3	1874.95	13.481	0.833
方4-斜3	1875.95	13.447	0.877
方4-斜3	1876.95	13.362	0.916
方4-斜3	1877.95	13.232	0.948
方4-斜3	1878.95	13.068	0.972
方4-斜3	1879.95	12.882	0.991
方4-斜3	1880.95	12.689	1.005
方4-斜3	1881.95	12.501	1.014
方4-斜3	1882.95	12.325	1.02
方4-斜3	1883.95	12.156	1.022
方4-斜3	1884.95	12.008	1.019
方4-斜3	1885.95	11.869	1.012
方4-斜3	1886.95	11.739	1.001
方4-斜3	1887.95	11.621	0.985
方4-斜3	1888.95	11.529	0.966
方4-斜3	1889.95	11.478	0.944
方4-斜3	1890.95	11.484	0.921
方4-斜3	1891.95	11.566	0.897
方4-斜3	1892.95	11.721	0.875
方4-斜3	1893.95	11.947	0.855
方4-斜3	1894.95	12.233	0.838
方4-斜3	1895.95	12.562	0.826
方4-斜3	1896.95	12.913	0.821
方4-斜3	1897.95	13.259	0.822
方4-斜3	1898.95	13.573	0.83
方4-斜3	1899.95	13.831	0.841
方4-斜3	1900.95	14.013	0.853
方4-斜3	1901.95	14.107	0.866
方4-斜3	1902.95	14.107	0.883
方4-斜3	1903.95	14.017	0.911
方4-斜3	1904.95	13.846	0.947
方4-斜3	1905.95	13.612	0.984
方4-斜3	1906.95	13.337	1.012
方4-斜3	1907.95	13.04	1.027
方4-斜3	1908.95	12.725	1.031
方4-斜3	1909.95	12.439	1.027
方4-斜3	1910.95	12.184	1.015
方4-斜3	1911.95	11.981	0.993
方4-斜3	1912.95	11.849	0.964
方4-斜3	1913.95	11.8	0.932
方4-斜3	1914.95	11.84	0.9
方4-斜3	1915.95	11.969	0.873
方4-斜3	1916.95	12.19	0.85
方4-斜3	1917.95	12.465	0.835
方4-斜3	1918.95	12.779	0.826
方4-斜3	1919.95	13.098	0.825
方4-斜3	1920.95	13.387	0.834
方4-斜3	1921.95	13.61	0.853
方4-斜3	1922.95	13.741	0.881
方4-斜3	1923.95	13.769	0.914
方4-斜3	1924.95	13.695	0.949
方4-斜3	1925.95	13.535	0.979
方4-斜3	1926.95	13.308	1.003
方4-斜3	1927.95	13.038	1.019
方4-斜3	1928.95	12.746	1.025
方4-斜3	1929.95	12.456	1.022
方4-斜3	1930.95	12.188	1.01
方4-斜3	1931.95	11.96	0.991
方4-斜3	1932.95	11.787	0.965
方4-斜3	1933.95	11.674	0.932
方4-斜3	1934.95	11.641	0.898
方4-斜3	1935.95	11.681	0.862
方4-斜3	1936.95	11.796	0.829
方4-斜3	1937.95	11.98	0.799
方4-斜3	1938.95	12.221	0.775
方4-斜3	1939.95	12.501	0.76
方4-斜3	1940.95	12.795	0.753
方4-斜3	1941.95	13.094	0.752
方4-斜3	1942.95	13.35	0.756
方4-斜3	1943.95	13.57	0.764
方4-斜3	1944.95	13.752	0.774
方4-斜3	1945.95	13.898	0.789
方4-斜3	1946.95	14.013	0.805
方4-斜3	1947.95	14.094	0.823
方4-斜3	1948.95	14.141	0.842
方4-斜3	1949.95	14.148	0.864
方4-斜3	1950.95	14.111	0.89
方4-斜3	1951.95	14.026	0.919
方4-斜3	1952.95	13.891	0.948
方4-斜3	1953.95	13.711	0.974
方4-斜3	1954.95	13.491	0.994
方4-斜3	1955.95	13.244	1.007
方4-斜3	1956.95	12.982	1.013
方4-斜3	1957.95	12.72	1.013
方4-斜3	1958.95	12.464	1.006
方4-斜3	1959.95	12.253	0.995
方4-斜3	1960.95	12.082	0.979
方4-斜3	1961.95	11.956	0.957
方4-斜3	1962.95	11.879	0.929
方4-斜3	1963.95	11.857	0.899
方4-斜3	1964.95	11.899	0.87
方4-斜3	1965.95	12.011	0.845
方4-斜3	1966.95	12.209	0.825
方4-斜3	1967.95	12.464	0.813
方4-斜3	1968.95	12.766	0.809
方4-斜3	1969.95	13.081	0.817
方4-斜3	1970.95	13.369	0.836
方4-斜3	1971.95	13.589	0.868
方4-斜3	1972.95	13.711	0.908
方4-斜3	1973.95	13.718	0.949
方4-斜3	1974.95	13.615	0.984
方4-斜3	1975.95	13.42	1.008
方4-斜3	1976.95	13.163	1.022
方4-斜3	1977.95	12.879	1.026
方4-斜3	1978.95	12.599	1.024
方4-斜3	1979.95	12.348	1.017
方4-斜3	1980.95	12.141	1.008
方4-斜3	1981.95	11.979	0.996
方4-斜3	1982.95	11.86	0.983
方4-斜3	1983.95	11.779	0.968
方4-斜3	1984.95	11.744	0.951
方4-斜3	1985.95	11.758	0.929
方4-斜3	1986.95	11.83	0.902
方4-斜3	1987.95	11.969	0.871
方4-斜3	1988.95	12.183	0.84
方4-斜3	1989.95	12.471	0.813
方4-斜3	1990.95	12.817	0.794
方4-斜3	1991.95	13.211	0.785
方4-斜3	1992.95	13.575	0.791
方4-斜3	1993.95	13.886	0.807
方4-斜3	1994.95	14.11	0.833
方4-斜3	1995.95	14.227	0.862
方4-斜3	1996.95	14.225	0.893
方4-斜3	1997.95	14.109	0.924
方4-斜3	1998.95	13.893	0.954
方4-斜3	1999.95	13.6	0.978
方4-斜3	2000.95	13.266	0.992
方4-斜3	2001.95	12.927	0.993
方4-斜3	2002.95	12.618	0.982
方4-斜3	2003.95	12.371	0.96
方4-斜3	2004.95	12.208	0.93
方4-斜3	2005.95	12.144	0.896
方4-斜3	2006.95	12.188	0.86
方4-斜3	2007.95	12.337	0.827
方4-斜3	2008.95	12.595	0.8
方4-斜3	2009.95	12.913	0.785
方4-斜3	2010.95	13.266	0.783
方4-斜3	2011.95	13.607	0.795
方4-斜3	2012.95	13.884	0.822
方4-斜3	2013.95	14.051	0.859
方4-斜3	2014.95	14.082	0.898
方4-斜3	2015.95	13.974	0.934
方4-斜3	2016.95	13.738	0.96
方4-斜3	2017.95	13.436	0.971
方4-斜3	2018.95	13.105	0.969
方4-斜3	2019.95	12.785	0.954
方4-斜3	2020.95	12.509	0.927
方4-斜3	2021.95	12.301	0.89
方4-斜3	2022.95	12.17	0.846
方4-斜3	2023.95	12.117	0.799
方4-斜3	2024.95	12.13	0.752
方4-斜3	2025.95	12.195	0.71
方4-斜3	2026.95	12.301	0.674
方4-斜3	2027.95	12.443	0.648
方4-斜3	2028.95	12.62	0.634
方4-斜3	2029.95	12.834	0.633
方4-斜3	2030.95	13.078	0.641
方4-斜3	2031.95	13.343	0.658
方4-斜3	2032.95	13.577	0.678
方4-斜3	2033.95	13.772	0.699
方4-斜3	2034.95	13.922	0.72
方4-斜3	2035.95	14.027	0.741
方4-斜3	2036.95	14.085	0.766
方4-斜3	2037.95	14.082	0.799
方4-斜3	2038.95	13.999	0.837
方4-斜3	2039.95	13.822	0.876
方4-斜3	2040.95	13.556	0.909
方4-斜3	2041.95	13.226	0.93
方4-斜3	2042.95	12.877	0.936
方4-斜3	2043.95	12.544	0.926
方4-斜3	2044.95	12.309	0.906
方4-斜3	2045.95	12.189	0.88
方4-斜3	2046.95	12.196	0.85
方4-斜3	2047.95	12.323	0.821
方4-斜3	2048.95	12.546	0.799
方4-斜3	2049.95	12.823	0.788
方4-斜3	2050.95	13.107	0.791
方4-斜3	2051.95	13.353	0.807
方4-斜3	2052.95	13.523	0.831
方4-斜3	2053.95	13.599	0.859
方4-斜3	2054.95	13.583	0.886
方4-斜3	2055.95	13.492	0.908
方4-斜3	2056.95	13.355	0.924
方4-斜3	2057.95	13.198	0.937
方4-斜3	2058.95	13.024	0.951
方4-斜3	2059.95	12.849	0.967
方4-斜3	2060.95	12.661	0.98
方4-斜3	2061.95	12.463	0.988
方4-斜3	2062.95	12.275	0.988
方4-斜3	2063.95	12.12	0.978
方4-斜3	2064.95	12.022	0.959
方4-斜3	2065.95	11.994	0.931
方4-斜3	2066.95	12.043	0.894
方4-斜3	2067.95	12.155	0.86
方4-斜3	2068.95	12.316	0.834
方4-斜3	2069.95	12.504	0.821
方4-斜3	2070.95	12.695	0.823
方4-斜3	2071.95	12.863	0.836
方4-斜3	2072.95	12.98	0.857
方4-斜3	2073.95	13.024	0.882
方4-斜3	2074.95	12.982	0.908
方4-斜3	2075.95	12.851	0.934
方4-斜3	2076.95	12.639	0.96
方4-斜3	2077.95	12.365	0.985
方4-斜3	2078.95	12.052	1.011
方4-斜3	2079.95	11.726	1.048
方4-斜3	2080.95	11.406	1.11
方4-斜3	2081.95	11.082	1.212
方4-斜3	2082.95	10.764	1.32
方4-斜3	2083.95	10.397	1.403
方4-斜3	2084.95	9.939	1.445
方4-斜3	2085.95	9.376	1.46
方4-斜3	2086.95	8.747	1.471
方4-斜3	2087.95	8.116	1.488
方4-斜3	2088.95	7.666	1.503
方4-斜3	2089.95	7.459	1.514
方4-斜3	2090.95	7.535	1.521
方4-斜3	2091.95	7.865	1.524
方4-斜3	2092.95	8.372	1.521
方4-斜3	2093.95	8.88	1.513
方4-斜3	2094.95	8.255	1.504
方4-斜3	2095.95	7.836	1.5
方4-斜3	2096.95	7.391	1.504
方4-斜3	2097.95	5.882	1.514
方4-斜3	2098.95	4.309	1.526
方4-斜3	2099.95	2.6	1.537
方4-斜3	2100.95	1.355	1.543
方4-斜3	2101.95	1.691	1.545
方4-斜3	2102.95	2.318	1.546
方4-斜3	2103.95	1.945	1.548
方4-斜3	2104.95	2.318	1.552
方4-斜3	2105.95	3.282	1.559
方4-斜3	2106.95	3.991	1.563
方4-斜3	2107.95	3.309	1.553
方4-斜3	2108.95	1.127	1.525
方4-斜3	2109.95	358.8	1.488
方4-斜3	2110.95	355.627	1.447
方4-斜3	2111.95	353.655	1.404
方4-斜3	2112.95	354.018	1.354
方4-斜3	2113.95	355.1	1.301
方4-斜3	2114.95	357.364	1.258
方4-斜3	2115.95	0.555	1.234
方4-斜3	2116.95	2.609	1.231
方4-斜3	2117.95	3.3	1.237
方4-斜3	2118.95	3.264	1.247
方4-斜3	2119.95	2.373	1.26
方4-斜3	2120.95	196.427	1.273
方4-斜3	2121.95	357.918	1.282
方4-斜3	2122.95	356.136	1.288
方4-斜3	2123.95	357	1.289
方4-斜3	2124.95	359.5	1.276
方4-斜3	2125.95	357.682	1.244
方4-斜3	2126.95	353.782	1.199
方4-斜3	2127.95	349.618	1.16
方4-斜3	2128.95	348.055	1.143
方4-斜3	2129.95	349.509	1.148
方4-斜3	2130.95	350.218	1.158
方4-斜3	2131.95	349.955	1.156
方4-斜3	2132.95	351.082	1.133
方4-斜3	2133.95	349.609	1.094
方4-斜3	2134.95	345.145	1.062
方4-斜3	2135.95	340.809	1.051
方4-斜3	2136.95	342	1.06
方4-斜3	2137.95	344.9	1.071
方4-斜3	2138.95	341.691	1.072
方4-斜3	2139.95	338.936	1.068
方4-斜3	2140.95	343.336	1.068
方4-斜3	2141.95	348.791	1.071
方4-斜3	2142.95	356.136	1.072
方4-斜3	2143.95	1.827	1.073
方4-斜3	2144.95	6.891	1.077
方4-斜3	2145.95	11.755	1.085
方4-斜3	2146.95	13.782	1.091
方4-斜3	2147.95	13.691	1.09
方4-斜3	2148.95	14.127	1.086
方4-斜3	2149.95	14.191	1.087
方4-斜3	2150.95	14.082	1.094
方4-斜3	2151.95	14.7	1.103
方4-斜3	2152.95	14.6	1.108
方4-斜3	2153.95	15.364	1.108
方4-斜3	2154.95	15.982	1.105
方4-斜3	2155.95	14.891	1.102
方4-斜3	2156.95	13.7	1.097
方4-斜3	2157.95	11.955	1.089
方4-斜3	2158.95	10.073	1.086
方4-斜3	2159.95	9.1	1.092
方4-斜3	2160.95	9.645	1.1
方4-斜3	2161.95	9.573	1.11
方4-斜3	2162.95	8.355	1.13
方4-斜3	2163.95	8.827	1.176
方4-斜3	2164.95	11.727	1.252
方4-斜3	2165.95	12.927	1.348
方4-斜3	2166.95	11.009	1.451
方4-斜3	2167.95	9.136	1.534
方4-斜3	2168.95	9.073	1.602
方4-斜3	2169.95	8.873	1.659
方4-斜3	2170.95	7.409	1.704
方4-斜3	2171.95	6	1.732
方4-斜3	2172.95	4.964	1.738
方4-斜3	2173.95	2.082	1.726
方4-斜3	2174.95	358.573	1.711
方4-斜3	2175.95	355.236	1.707
方4-斜3	2176.95	352.555	1.713
方4-斜3	2177.95	351.7	1.722
方4-斜3	2178.95	351.309	1.722
方4-斜3	2179.95	349.109	1.704
方4-斜3	2180.95	348.2	1.665
方4-斜3	2181.95	349.455	1.621
方4-斜3	2182.95	349.445	1.591
方4-斜3	2183.95	349.445	1.586
方4-斜3	2184.95	350.782	1.597
方4-斜3	2185.95	351.873	1.601
方4-斜3	2186.95	352.255	1.588
方4-斜3	2187.95	352.345	1.563
方4-斜3	2188.95	351.973	1.542
方4-斜3	2189.95	351.691	1.538
方4-斜3	2190.95	351.236	1.55
方4-斜3	2191.95	352.618	1.568
方4-斜3	2192.95	355.309	1.578
方4-斜3	2193.95	357.145	1.573
方4-斜3	2194.95	358.082	1.553
方4-斜3	2195.95	355.418	1.521
方4-斜3	2196.95	348.3	1.481
方4-斜3	2197.95	342.436	1.438
方4-斜3	2198.95	340.782	1.402
方4-斜3	2199.95	341.7	1.376
方4-斜3	2200.95	342.073	1.36
方4-斜3	2201.95	343.982	1.35
方4-斜3	2202.95	344.609	1.337
方4-斜3	2203.95	344.027	1.31
方4-斜3	2204.95	344.555	1.258
方4-斜3	2205.95	344.318	1.182
方4-斜3	2206.95	342.027	1.093
方4-斜3	2207.95	339.582	1.02
方4-斜3	2208.95	335.382	0.968
方4-斜3	2209.95	334.327	0.936
方4-斜3	2210.95	339.609	0.916
方4-斜3	2211.95	342.636	0.899
方4-斜3	2212.95	343.3	0.883
方4-斜3	2213.95	343.382	0.869
方4-斜3	2214.95	345.464	0.857
方4-斜3	2215.95	345.091	0.854
方4-斜3	2216.95	342.364	0.864
方4-斜3	2217.95	346.409	0.885
方4-斜3	2218.95	350.927	0.9
方4-斜3	2219.95	349.9	0.9
方4-斜3	2220.95	348.127	0.895
方4-斜3	2221.95	346.427	0.902
方4-斜3	2222.95	346.645	0.925
方4-斜3	2223.95	348.4	0.952
方4-斜3	2224.95	349.473	0.968
方4-斜3	2225.95	349.718	0.964
方4-斜3	2226.95	349.764	0.938
方4-斜3	2227.95	350.291	0.894
方4-斜3	2228.95	350.318	0.845
方4-斜3	2229.95	350.191	0.814
方4-斜3	2230.95	350.564	0.811
方4-斜3	2231.95	349.955	0.833
方4-斜3	2232.95	351.864	0.863
方4-斜3	2233.95	354.055	0.886
方4-斜3	2234.95	356.018	0.891
方4-斜3	2235.95	356.7	0.875
方4-斜3	2236.95	98.982	0.843
方4-斜3	2237.95	7.827	0.81
方4-斜3	2238.95	16.9	0.791
方4-斜3	2239.95	24.264	0.794
方4-斜3	2240.95	27.2	0.821
方4-斜3	2241.95	27.8	0.868
方4-斜3	2242.95	28.909	0.919
方4-斜3	2243.95	30.5	0.966
方4-斜3	2244.95	28.818	0.998
方4-斜3	2245.95	27.382	1.012
方4-斜3	2246.95	27.176	1.011
方4-斜3	2247.95	24.365	1.003
方4-斜3	2248.95	22.184	0.999
方4-斜3	2249.95	22.504	1.001
方4-斜3	2250.95	25.212	1.006
方4-斜3	2251.95	28.28	1.007
方4-斜3	2252.95	30.583	1.002
方4-斜3	2253.95	31.862	0.992
方4-斜3	2254.95	32.129	0.98
方4-斜3	2255.95	31.673	0.966
方4-斜3	2256.95	30.97	0.951
方4-斜3	2257.95	30.421	0.939
方4-斜3	2258.95	30.124	0.935
方4-斜3	2259.95	30.115	0.942
方4-斜3	2260.95	30.567	0.958
方4-斜3	2261.95	31.547	0.98
方4-斜3	2262.95	32.682	1.001
方4-斜3	2263.95	33.722	1.017
方4-斜3	2264.95	34.913	1.023
方4-斜3	2265.95	36.326	1.022
方4-斜3	2266.95	37.618	1.016
方4-斜3	2267.95	38.408	1.009
方4-斜3	2268.95	38.851	1
方4-斜3	2269.95	38.953	0.99
方4-斜3	2270.95	38.732	0.98
方4-斜3	2271.95	38.64	0.972
方4-斜3	2272.95	39.208	0.969
方4-斜3	2273.95	40.247	0.972
方4-斜3	2274.95	41.038	0.978
方4-斜3	2275.95	41.346	0.983
方4-斜3	2276.95	41.632	0.984
方4-斜3	2277.95	42.281	0.981
方4-斜3	2278.95	43.084	0.974
方4-斜3	2279.95	43.637	0.964
方4-斜3	2280.95	43.917	0.953
方4-斜3	2281.95	44.152	0.941
方4-斜3	2282.95	44.24	0.929
方4-斜3	2283.95	43.921	0.921
方4-斜3	2284.95	43.211	0.915
方4-斜3	2285.95	42.385	0.912
方4-斜3	2286.95	41.7	0.912
方4-斜3	2287.95	41.38	0.912
方4-斜3	2288.95	41.724	0.911
方4-斜3	2289.95	42.888	0.907
方4-斜3	2290.95	44.877	0.898
方4-斜3	2291.95	47.312	0.886
方4-斜3	2292.95	49.283	0.876
方4-斜3	2293.95	50.126	0.874
方4-斜3	2294.95	50.219	0.881
方4-斜3	2295.95	50.518	0.893
方4-斜3	2296.95	51.297	0.907
方4-斜3	2297.95	52.316	0.917
方4-斜3	2298.95	53.343	0.922
方4-斜3	2299.95	54.27	0.924
方4-斜3	2300.95	54.957	0.926
方4-斜3	2301.95	55.18	0.932
方4-斜3	2302.95	54.881	0.942
方4-斜3	2303.95	54.378	0.955
方4-斜3	2304.95	53.963	0.967
方4-斜3	2305.95	53.489	0.976
方4-斜3	2306.95	52.851	0.982
方4-斜3	2307.95	52.528	0.984
方4-斜3	2308.95	53.144	0.988
方4-斜3	2309.95	54.361	0.994
方4-斜3	2310.95	55.156	1.005
方4-斜3	2311.95	54.858	1.018
方4-斜3	2312.95	53.785	1.032
方4-斜3	2313.95	52.575	1.048
方4-斜3	2314.95	51.256	1.07
方4-斜3	2315.95	49.263	1.099
方4-斜3	2316.95	45.995	1.135
方4-斜3	2317.95	42.121	1.165
方4-斜3	2318.95	38.429	1.18
方4-斜3	2319.95	35.534	1.168
方4-斜3	2320.95	33.234	1.125
方4-斜3	2321.95	30.886	1.057
方4-斜3	2322.95	28.305	0.973
方4-斜3	2323.95	26.294	0.892
方4-斜3	2324.95	25.955	0.828
方4-斜3	2325.95	27.346	0.791
方4-斜3	2326.95	29.221	0.783
方4-斜3	2327.95	30.353	0.796
方4-斜3	2328.95	30.947	0.817
方4-斜3	2329.95	32.426	0.836
方4-斜3	2330.95	35.952	0.845
方4-斜3	2331.95	41.568	0.849
方4-斜3	2332.95	48.302	0.856
方4-斜3	2333.95	53.207	0.874
方4-斜3	2334.95	56.387	0.903
方4-斜3	2335.95	58.721	0.94
方4-斜3	2336.95	60.083	0.978
方4-斜3	2337.95	60.623	1.015
方4-斜3	2338.95	60.603	1.046
方4-斜3	2339.95	60.26	1.068
方4-斜3	2340.95	59.741	1.076
方4-斜3	2341.95	59.083	1.069
方4-斜3	2342.95	58.414	1.051
方4-斜3	2343.95	57.856	1.03
方4-斜3	2344.95	57.696	1.013
方4-斜3	2345.95	58.261	1.004
方4-斜3	2346.95	59.676	1.006
方4-斜3	2347.95	61.649	1.021
方4-斜3	2348.95	63.57	1.044
方4-斜3	2349.95	64.905	1.072
方4-斜3	2350.95	65.503	1.101
方4-斜3	2351.95	65.528	1.131
方4-斜3	2352.95	65.198	1.164
方4-斜3	2353.95	64.617	1.204
方4-斜3	2354.95	63.802	1.256
方4-斜3	2355.95	62.766	1.319
方4-斜3	2356.95	61.571	1.385
方4-斜3	2357.95	60.298	1.444
方4-斜3	2358.95	59.043	1.483
方4-斜3	2359.95	58.358	1.489
方4-斜3	2360.95	57.752	1.465
方4-斜3	2361.95	57.177	1.42
方4-斜3	2362.95	56.778	1.367
方4-斜3	2363.95	56.718	1.318
方4-斜3	2364.95	57.035	1.274
方4-斜3	2365.95	57.56	1.232
方4-斜3	2366.95	58.001	1.184
方4-斜3	2367.95	58.098	1.132
方4-斜3	2368.95	57.934	1.073
方4-斜3	2369.95	57.726	1.011
方4-斜3	2370.95	57.698	0.951
方4-斜3	2371.95	57.997	0.9
方4-斜3	2372.95	58.651	0.862
方4-斜3	2373.95	59.594	0.84
方4-斜3	2374.95	60.742	0.832
方4-斜3	2375.95	62.089	0.837
方4-斜3	2376.95	63.646	0.85
方4-斜3	2377.95	65.27	0.868
方4-斜3	2378.95	66.674	0.886
方4-斜3	2379.95	67.658	0.9
方4-斜3	2380.95	68.253	0.907
方4-斜3	2381.95	68.636	0.911
方4-斜3	2382.95	68.883	0.918
方4-斜3	2383.95	68.995	0.931
方4-斜3	2384.95	68.931	0.948
方4-斜3	2385.95	68.735	0.966
方4-斜3	2386.95	68.507	0.98
方4-斜3	2387.95	68.322	0.986
方4-斜3	2388.95	68.249	0.987
方4-斜3	2389.95	68.306	0.986
方4-斜3	2390.95	68.459	0.986
方4-斜3	2391.95	68.587	0.99
方4-斜3	2392.95	68.554	1
方4-斜3	2393.95	68.348	1.015
方4-斜3	2394.95	68.19	1.031
方4-斜3	2395.95	68.258	1.046
方4-斜3	2396.95	68.569	1.057
方4-斜3	2397.95	69.051	1.064
方4-斜3	2398.95	69.604	1.068
方4-斜3	2399.95	70.063	1.07
方4-斜3	2400.95	70.295	1.067
方4-斜3	2401.95	70.309	1.06
方4-斜3	2402.95	70.175	1.048
方4-斜3	2403.95	69.888	1.034
方4-斜3	2404.95	69.41	1.023
方4-斜3	2405.95	68.843	1.016
方4-斜3	2406.95	68.428	1.017
方4-斜3	2407.95	68.325	1.024
方4-斜3	2408.95	68.495	1.035
方4-斜3	2409.95	68.744	1.051
方4-斜3	2410.95	68.914	1.077
方4-斜3	2411.95	68.905	1.119
方4-斜3	2412.95	68.632	1.181
方4-斜3	2413.95	67.971	1.26
方4-斜3	2414.95	66.858	1.345
方4-斜3	2415.95	65.479	1.417
方4-斜3	2416.95	64.221	1.467
方4-斜3	2417.95	63.604	1.483
方4-斜3	2418.95	63.614	1.478
方4-斜3	2419.95	64.022	1.463
方4-斜3	2420.95	64.564	1.45
方4-斜3	2421.95	65.074	1.444
方4-斜3	2422.95	65.485	1.441
方4-斜3	2423.95	65.787	1.438
方4-斜3	2424.95	66.004	1.432
方4-斜3	2425.95	66.211	1.423
方4-斜3	2426.95	66.507	1.415
方4-斜3	2427.95	66.865	1.412
方4-斜3	2428.95	67.121	1.416
方4-斜3	2429.95	67.21	1.429
方4-斜3	2430.95	67.326	1.449
方4-斜3	2431.95	67.767	1.472
方4-斜3	2432.95	68.474	1.493
方4-斜3	2433.95	69.034	1.514
方4-斜3	2434.95	68.958	1.536
方4-斜3	2435.95	68.183	1.554
方4-斜3	2436.95	67.136	1.564
方4-斜3	2437.95	66.222	1.557
方4-斜3	2438.95	65.652	1.529
方4-斜3	2439.95	65.312	1.478
方4-斜3	2440.95	65.141	1.411
方4-斜3	2441.95	65.137	1.336
方4-斜3	2442.95	65.305	1.266
方4-斜3	2443.95	65.528	1.207
方4-斜3	2444.95	65.469	1.167
方4-斜3	2445.95	64.898	1.14
方4-斜3	2446.95	63.895	1.122
方4-斜3	2447.95	62.868	1.111
方4-斜3	2448.95	62.345	1.104
方4-斜3	2449.95	62.654	1.096
方4-斜3	2450.95	63.705	1.087
方4-斜3	2451.95	65.01	1.074
方4-斜3	2452.95	65.959	1.06
方4-斜3	2453.95	66.222	1.047
方4-斜3	2454.95	65.961	1.04
方4-斜3	2455.95	65.617	1.039
方4-斜3	2456.95	65.48	1.042
方4-斜3	2457.95	65.535	1.044
方4-斜3	2458.95	65.624	1.035
方4-斜3	2459.95	65.768	1.009
方4-斜3	2460.95	66.204	0.965
方4-斜3	2461.95	67.059	0.907
方4-斜3	2462.95	68.244	0.84
方4-斜3	2463.95	69.52	0.779
方4-斜3	2464.95	71.092	0.724
方4-斜3	2465.95	73.108	0.674
方4-斜3	2466.95	75.36	0.633
方4-斜3	2467.95	77.248	0.603
方4-斜3	2468.95	78.129	0.589
方4-斜3	2469.95	77.757	0.594
方4-斜3	2470.95	76.763	0.611
方4-斜3	2471.95	75.884	0.633
方4-斜3	2472.95	75.335	0.654
方4-斜3	2473.95	74.843	0.673
方4-斜3	2474.95	74.383	0.692
方4-斜3	2475.95	74.475	0.713
方4-斜3	2476.95	75.511	0.735
方4-斜3	2477.95	77.16	0.756
方4-斜3	2478.95	78.747	0.777
方4-斜3	2479.95	79.986	0.798
方4-斜3	2480.95	81.094	0.821
方4-斜3	2481.95	82.23	0.849
方4-斜3	2482.95	83.187	0.884
方4-斜3	2483.95	83.263	0.927
方4-斜3	2484.95	83.175	0.972
方4-斜3	2485.95	82.953	1.02
方4-斜3	2486.95	82.633	1.07
方4-斜3	2487.95	82.301	1.122
方4-斜3	2488.95	82.05	1.175
方4-斜3	2489.95	81.948	1.227
方4-斜3	2490.95	81.983	1.274
方4-斜3	2491.95	82.015	1.311
方4-斜3	2492.95	82.027	1.333
方4-斜3	2493.95	82.004	1.346
方4-斜3	2494.95	81.926	1.354
方4-斜3	2495.95	81.787	1.364
方4-斜3	2496.95	81.6	1.379
方4-斜3	2497.95	81.424	1.397
方4-斜3	2498.95	81.387	1.417
方4-斜3	2499.95	81.678	1.436
方4-斜3	2500.95	82.437	1.452
方4-斜3	2501.95	83.585	1.468
方4-斜3	2502.95	84.782	1.483
方4-斜3	2503.95	85.614	1.496
方4-斜3	2504.95	85.869	1.507
方4-斜3	2505.95	85.615	1.513
方4-斜3	2506.95	85.045	1.511
方4-斜3	2507.95	84.424	1.497
方4-斜3	2508.95	83.85	1.47
方4-斜3	2509.95	83.363	1.432
方4-斜3	2510.95	82.958	1.39
方4-斜3	2511.95	82.606	1.349
方4-斜3	2512.95	82.255	1.312
方4-斜3	2513.95	81.924	1.282
方4-斜3	2514.95	81.613	1.254
方4-斜3	2515.95	81.369	1.225
方4-斜3	2516.95	81.259	1.194
方4-斜3	2517.95	81.341	1.171
方4-斜3	2518.95	81.669	1.172
方4-斜3	2519.95	82.2	1.207
方4-斜3	2520.95	82.902	1.272
方4-斜3	2521.95	83.713	1.343
方4-斜3	2522.95	84.578	1.391
方4-斜3	2523.95	85.467	1.393
方4-斜3	2524.95	86.382	1.344
方4-斜3	2525.95	87.345	1.264
方4-斜3	2526.95	88.383	1.189
方4-斜3	2527.95	89.506	1.146
方4-斜3	2528.95	90.694	1.147
方4-斜3	2529.95	91.886	1.182
方4-斜3	2530.95	92.998	1.232
方4-斜3	2531.95	93.945	1.282
方4-斜3	2532.95	94.662	1.326
方4-斜3	2533.95	95.136	1.365
方4-斜3	2534.95	95.328	1.4
方4-斜3	2535.95	95.3	1.434
方4-斜3	2536.95	95.099	1.471
方4-斜3	2537.95	94.779	1.512
方4-斜3	2538.95	94.394	1.56
方4-斜3	2539.95	93.996	1.614
方4-斜3	2540.95	93.618	1.678
方4-斜3	2541.95	93.25	1.755
方4-斜3	2542.95	93.037	1.834
方4-斜3	2543.95	92.929	1.908
方4-斜3	2544.95	92.813	1.969
方4-斜3	2545.95	92.653	2.011
方4-斜3	2546.95	92.429	2.035
方4-斜3	2547.95	92.132	2.044
方4-斜3	2548.95	91.809	2.046
方4-斜3	2549.95	91.632	2.05
方4-斜3	2550.95	91.94	2.063
方4-斜3	2551.95	93.149	2.088
方4-斜3	2552.95	95.467	2.125
方4-斜3	2553.95	98.609	2.166
方4-斜3	2554.95	101.848	2.209
方4-斜3	2555.95	104.454	2.249
方4-斜3	2556.95	106.132	2.287
方4-斜3	2557.95	107.074	2.326
方4-斜3	2558.95	107.684	2.368
方4-斜3	2559.95	108.17	2.41
方4-斜3	2560.95	108.606	2.451
方4-斜3	2561.95	108.905	2.492
方4-斜3	2562.95	108.976	2.536
方4-斜3	2563.95	108.801	2.588
方4-斜3	2564.95	108.444	2.651
方4-斜3	2565.95	108	2.724
方4-斜3	2566.95	107.528	2.807
方4-斜3	2567.95	107.116	2.885
方4-斜3	2568.95	106.745	2.958
方4-斜3	2569.95	106.4	3.027
方4-斜3	2570.95	106.097	3.092
方4-斜3	2571.95	105.78	3.156
方4-斜3	2572.95	105.45	3.219
方4-斜3	2573.95	105.13	3.282
方4-斜3	2574.95	104.84	3.342
方4-斜3	2575.95	104.589	3.397
方4-斜3	2576.95	104.376	3.447
方4-斜3	2577.95	104.201	3.494
方4-斜3	2578.95	104.062	3.54
方4-斜3	2579.95	103.962	3.589
方4-斜3	2580.95	103.899	3.639
方4-斜3	2581.95	103.86	3.689
方4-斜3	2582.95	103.811	3.738
方4-斜3	2583.95	103.685	3.788
方4-斜3	2584.95	103.417	3.834
方4-斜3	2585.95	102.94	3.88
方4-斜3	2586.95	102.229	3.928
方4-斜3	2587.95	101.313	3.983
方4-斜3	2588.95	100.269	4.05
方4-斜3	2589.95	99.204	4.128
方4-斜3	2590.95	98.226	4.208
方4-斜3	2591.95	97.407	4.285
方4-斜3	2592.95	96.94	4.347
方4-斜3	2593.95	96.88	4.404
方4-斜3	2594.95	97.285	4.463
方4-斜3	2595.95	98.118	4.526
方4-斜3	2596.95	99.222	4.596
方4-斜3	2597.95	100.354	4.668
方4-斜3	2598.95	101.281	4.739
方4-斜3	2599.95	101.884	4.802
方4-斜3	2600.95	102.191	4.853
方4-斜3	2601.95	102.338	4.89
方4-斜3	2602.95	102.475	4.912
方4-斜3	2603.95	102.687	4.926
方4-斜3	2604.95	102.963	4.938
方4-斜3	2605.95	103.23	4.959
方4-斜3	2606.95	103.411	4.993
方4-斜3	2607.95	103.452	5.037
方4-斜3	2608.95	103.4	5.086
方4-斜3	2609.95	103.34	5.135
方4-斜3	2610.95	103.369	5.18
方4-斜3	2611.95	103.55	5.222
方4-斜3	2612.95	103.917	5.262
方4-斜3	2613.95	104.407	5.299
方4-斜3	2614.95	104.985	5.336
方4-斜3	2615.95	105.611	5.372
方4-斜3	2616.95	106.242	5.41
方4-斜3	2617.95	106.828	5.451
方4-斜3	2618.95	107.315	5.499
方4-斜3	2619.95	107.588	5.55
方4-斜3	2620.95	107.636	5.605
方4-斜3	2621.95	107.481	5.665
方4-斜3	2622.95	107.185	5.727
方4-斜3	2623.95	106.814	5.792
方4-斜3	2624.95	106.396	5.859
方4-斜3	2625.95	105.908	5.928
方4-斜3	2626.95	105.304	5.998
方4-斜3	2627.95	104.554	6.068
方4-斜3	2628.95	103.677	6.132
方4-斜3	2629.95	102.742	6.186
方4-斜3	2630.95	101.839	6.224
方4-斜3	2631.95	101.046	6.245
方4-斜3	2632.95	100.397	6.249
方4-斜3	2633.95	99.854	6.239
方4-斜3	2634.95	99.416	6.22
方4-斜3	2635.95	98.983	6.2
方4-斜3	2636.95	98.497	6.187
方4-斜3	2637.95	97.928	6.188
方4-斜3	2638.95	97.291	6.206
方4-斜3	2639.95	96.638	6.243
方4-斜3	2640.95	96.041	6.293
方4-斜3	2641.95	95.542	6.353
方4-斜3	2642.95	95.218	6.405
方4-斜3	2643.95	95.036	6.444
方4-斜3	2644.95	94.963	6.463
方4-斜3	2645.95	94.952	6.46
方4-斜3	2646.95	94.949	6.436
方4-斜3	2647.95	94.894	6.398
方4-斜3	2648.95	94.733	6.352
方4-斜3	2649.95	94.442	6.306
方4-斜3	2650.95	94.047	6.263
方4-斜3	2651.95	93.621	6.227
方4-斜3	2652.95	93.256	6.195
方4-斜3	2653.95	93.016	6.165
方4-斜3	2654.95	92.908	6.134
方4-斜3	2655.95	92.885	6.1
方4-斜3	2656.95	92.878	6.064
方4-斜3	2657.95	92.84	6.033
方4-斜3	2658.95	92.769	6.009
方4-斜3	2659.95	92.707	5.996
方4-斜3	2660.95	92.715	5.996
方4-斜3	2661.95	92.85	6.006
方4-斜3	2662.95	93.157	6.023
方4-斜3	2663.95	93.59	6.04
方4-斜3	2664.95	94.092	6.053
方4-斜3	2665.95	94.565	6.062
方4-斜3	2666.95	94.917	6.066
方4-斜3	2667.95	95.101	6.07
方4-斜3	2668.95	95.136	6.078
方4-斜3	2669.95	95.098	6.092
方4-斜3	2670.95	95.083	6.113
方4-斜3	2671.95	95.156	6.136
方4-斜3	2672.95	95.34	6.157
方4-斜3	2673.95	95.607	6.173
方4-斜3	2674.95	95.901	6.181
方4-斜3	2675.95	96.154	6.179
方4-斜3	2676.95	96.31	6.168
方4-斜3	2677.95	96.332	6.149
方4-斜3	2678.95	96.212	6.124
方4-斜3	2679.95	95.963	6.1
方4-斜3	2680.95	95.614	6.084
方4-斜3	2681.95	95.194	6.084
方4-斜3	2682.95	94.812	6.103
方4-斜3	2683.95	94.529	6.139
方4-斜3	2684.95	94.418	6.185
方4-斜3	2685.95	94.521	6.233
方4-斜3	2686.95	94.821	6.273
方4-斜3	2687.95	95.272	6.298
方4-斜3	2688.95	95.728	6.303
方4-斜3	2689.95	96.12	6.287
方4-斜3	2690.95	96.406	6.254
方4-斜3	2691.95	96.605	6.21
方4-斜3	2692.95	96.786	6.162
方4-斜3	2693.95	97.04	6.113
方4-斜3	2694.95	97.384	6.073
方4-斜3	2695.95	97.801	6.041
方4-斜3	2696.95	98.21	6.018
方4-斜3	2697.95	98.522	6.001
方4-斜3	2698.95	98.682	5.987
方4-斜3	2699.95	98.695	5.973
方4-斜3	2700.95	98.622	5.955
方4-斜3	2701.95	98.54	5.926
方4-斜3	2702.95	98.518	5.885
方4-斜3	2703.95	98.605	5.833
方4-斜3	2704.95	98.826	5.775
方4-斜3	2705.95	99.188	5.719
方4-斜3	2706.95	99.678	5.675
方4-斜3	2707.95	100.259	5.647
方4-斜3	2708.95	100.897	5.637
方4-斜3	2709.95	101.459	5.645
方4-斜3	2710.95	101.918	5.667
方4-斜3	2711.95	102.255	5.699
方4-斜3	2712.95	102.482	5.74
方4-斜3	2713.95	102.633	5.787
方4-斜3	2714.95	102.741	5.834
方4-斜3	2715.95	102.832	5.877
方4-斜3	2716.95	102.928	5.91
方4-斜3	2717.95	103.032	5.926
方4-斜3	2718.95	103.163	5.926
方4-斜3	2719.95	103.333	5.915
方4-斜3	2720.95	103.552	5.899
方4-斜3	2721.95	103.826	5.887
方4-斜3	2722.95	104.149	5.883
方4-斜3	2723.95	104.502	5.888
方4-斜3	2724.95	104.864	5.901
方4-斜3	2725.95	105.227	5.918
方4-斜3	2726.95	105.605	5.936
方4-斜3	2727.95	106.023	5.953
方4-斜3	2728.95	106.507	5.969
方4-斜3	2729.95	107.101	5.987
方4-斜3	2730.95	107.736	6.004
方4-斜3	2731.95	108.395	6.021
方4-斜3	2732.95	109.012	6.038
方4-斜3	2733.95	109.526	6.054
方4-斜3	2734.95	109.91	6.074
方4-斜3	2735.95	110.122	6.098
方4-斜3	2736.95	110.202	6.13
方4-斜3	2737.95	110.179	6.171
方4-斜3	2738.95	110.075	6.222
方4-斜3	2739.95	109.89	6.286
方4-斜3	2740.95	109.644	6.355
方4-斜3	2741.95	109.333	6.429
方4-斜3	2742.95	108.961	6.507
方4-斜3	2743.95	108.534	6.584
方4-斜3	2744.95	108.03	6.662
方4-斜3	2745.95	107.503	6.729
方4-斜3	2746.95	106.937	6.785
方4-斜3	2747.95	106.352	6.824
方4-斜3	2748.95	105.776	6.845
方4-斜3	2749.95	105.244	6.848
方4-斜3	2750.95	104.793	6.836
方4-斜3	2751.95	104.459	6.816
方4-斜3	2752.95	104.279	6.791
方4-斜3	2753.95	104.294	6.765
方4-斜3	2754.95	104.54	6.74
方4-斜3	2755.95	105.029	6.716
方4-斜3	2756.95	105.723	6.691
方4-斜3	2757.95	106.532	6.666
方4-斜3	2758.95	107.379	6.638
方4-斜3	2759.95	108.07	6.613
方4-斜3	2760.95	108.586	6.592
方4-斜3	2761.95	108.92	6.574
方4-斜3	2762.95	109.109	6.562
方4-斜3	2763.95	109.205	6.555
方4-斜3	2764.95	109.257	6.552
方4-斜3	2765.95	109.29	6.555
方4-斜3	2766.95	109.288	6.565
方4-斜3	2767.95	109.176	6.581
方4-斜3	2768.95	108.909	6.604
方4-斜3	2769.95	108.591	6.631
方4-斜3	2770.95	108.387	6.661
方4-斜3	2771.95	108.321	6.691
方4-斜3	2772.95	108.302	6.722
方4-斜3	2773.95	108.278	6.755
方4-斜3	2774.95	108.239	6.791
方4-斜3	2775.95	108.128	6.833
方4-斜3	2776.95	107.876	6.88
方4-斜3	2777.95	107.518	6.931
方4-斜3	2778.95	107.201	6.982
方4-斜3	2779.95	107.06	7.028
方4-斜3	2780.95	107.108	7.066
方4-斜3	2781.95	107.265	7.097
方4-斜3	2782.95	107.428	7.116
方4-斜3	2783.95	107.559	7.124
方4-斜3	2784.95	107.615	7.121
方4-斜3	2785.95	107.548	7.106
方4-斜3	2786.95	107.365	7.08
方4-斜3	2787.95	107.17	7.043
方4-斜3	2788.95	107.129	7.003
方4-斜3	2789.95	107.264	6.963
方4-斜3	2790.95	107.452	6.929
方4-斜3	2791.95	107.53	6.9
方4-斜3	2792.95	107.462	6.874
方4-斜3	2793.95	107.387	6.844
方4-斜3	2794.95	107.52	6.811
方4-斜3	2795.95	107.947	6.771
方4-斜3	2796.95	108.577	6.729
方4-斜3	2797.95	109.199	6.69
方4-斜3	2798.95	109.62	6.661
方4-斜3	2799.95	109.758	6.646
方4-斜3	2800.95	109.632	6.645
方4-斜3	2801.95	109.292	6.657
方4-斜3	2802.95	108.774	6.678
方4-斜3	2803.95	108.147	6.703
方4-斜3	2804.95	107.562	6.728
方4-斜3	2805.95	107.166	6.751
方4-斜3	2806.95	106.978	6.771
方4-斜3	2807.95	106.941	6.786
方4-斜3	2808.95	106.957	6.795
方4-斜3	2809.95	106.947	6.796
方4-斜3	2810.95	106.872	6.787
方4-斜3	2811.95	106.796	6.768
方4-斜3	2812.95	106.879	6.74
方4-斜3	2813.95	107.22	6.708
方4-斜3	2814.95	107.733	6.678
方4-斜3	2815.95	108.166	6.656
方4-斜3	2816.95	108.28	6.643
方4-斜3	2817.95	108.048	6.639
方4-斜3	2818.95	107.666	6.644
方4-斜3	2819.95	107.455	6.653
方4-斜3	2820.95	107.514	6.662
方4-斜3	2821.95	107.756	6.668
方4-斜3	2822.95	108.054	6.671
方4-斜3	2823.95	108.394	6.669
方4-斜3	2824.95	108.822	6.665
方4-斜3	2825.95	109.314	6.66
方4-斜3	2826.95	109.762	6.655
方4-斜3	2827.95	110.072	6.654
方4-斜3	2828.95	110.196	6.659
方4-斜3	2829.95	110.111	6.671
方4-斜3	2830.95	109.82	6.692
方4-斜3	2831.95	109.342	6.722
方4-斜3	2832.95	108.712	6.758
方4-斜3	2833.95	107.969	6.794
方4-斜3	2834.95	107.347	6.815
方4-斜3	2835.95	106.992	6.817
方4-斜3	2836.95	106.998	6.802
方4-斜3	2837.95	107.342	6.779
方4-斜3	2838.95	107.943	6.753
方4-斜3	2839.95	108.677	6.729
方4-斜3	2840.95	109.334	6.709
方4-斜3	2841.95	109.699	6.697
方4-斜3	2842.95	109.672	6.698
方4-斜3	2843.95	109.417	6.713
方4-斜3	2844.95	109.096	6.743
方4-斜3	2845.95	108.739	6.784
方4-斜3	2846.95	108.254	6.835
方4-斜3	2847.95	107.566	6.889
方4-斜3	2848.95	106.751	6.939
方4-斜3	2849.95	106.019	6.979
方4-斜3	2850.95	105.589	7.003
方4-斜3	2851.95	105.575	7.01
方4-斜3	2852.95	105.979	6.997
方4-斜3	2853.95	106.734	6.966
方4-斜3	2854.95	107.714	6.923
方4-斜3	2855.95	108.743	6.876
方4-斜3	2856.95	109.688	6.837
方4-斜3	2857.95	110.349	6.818
方4-斜3	2858.95	110.74	6.82
方4-斜3	2859.95	110.88	6.837
方4-斜3	2860.95	110.825	6.861
方4-斜3	2861.95	110.661	6.879
方4-斜3	2862.95	110.483	6.886
方4-斜3	2863.95	110.395	6.883
方4-斜3	2864.95	110.38	6.877
方4-斜3	2865.95	110.337	6.875
方4-斜3	2866.95	110.174	6.877
方4-斜3	2867.95	109.929	6.877
方4-斜3	2868.95	109.72	6.87
方4-斜3	2869.95	109.636	6.857
方4-斜3	2870.95	109.609	6.842
方4-斜3	2871.95	109.559	6.828
方4-斜3	2872.95	109.469	6.818
方4-斜3	2873.95	109.369	6.812
方4-斜3	2874.95	109.284	6.808
方4-斜3	2875.95	109.236	6.804
方4-斜3	2876.95	109.268	6.799
方4-斜3	2877.95	109.416	6.792
方4-斜3	2878.95	109.678	6.783
方4-斜3	2879.95	110.017	6.774
方4-斜3	2880.95	110.389	6.764
方4-斜3	2881.95	110.745	6.755
方4-斜3	2882.95	110.968	6.746
方4-斜3	2883.95	111.02	6.739
方4-斜3	2884.95	110.916	6.731
方4-斜3	2885.95	110.75	6.721
方4-斜3	2886.95	110.642	6.709
方4-斜3	2887.95	110.65	6.697
方4-斜3	2888.95	110.728	6.694
方4-斜3	2889.95	110.793	6.702
方4-斜3	2890.95	110.839	6.718
方4-斜3	2891.95	110.929	6.737
方4-斜3	2892.95	111.101	6.751
方4-斜3	2893.95	111.317	6.757
方4-斜3	2894.95	111.451	6.756
方4-斜3	2895.95	111.451	6.753
方4-斜3	2896.95	111.359	6.75
方4-斜3	2897.95	111.284	6.749
方4-斜3	2898.95	111.316	6.749
方4-斜3	2899.95	111.464	6.749
方4-斜3	2900.95	111.665	6.746
方4-斜3	2901.95	111.824	6.74
方4-斜3	2902.95	111.855	6.732
方4-斜3	2903.95	111.729	6.722
方4-斜3	2904.95	111.492	6.712
方4-斜3	2905.95	111.251	6.703
方4-斜3	2906.95	111.136	6.697
方4-斜3	2907.95	111.237	6.695
方4-斜3	2908.95	111.543	6.7
方4-斜3	2909.95	111.875	6.71
方4-斜3	2910.95	112.107	6.725
方4-斜3	2911.95	112.189	6.744
方4-斜3	2912.95	112.129	6.766
方4-斜3	2913.95	111.93	6.789
方4-斜3	2914.95	111.614	6.811
方4-斜3	2915.95	111.301	6.828
方4-斜3	2916.95	111.197	6.839
方4-斜3	2917.95	111.463	6.842
方4-斜3	2918.95	112.026	6.839
方4-斜3	2919.95	112.619	6.835
方4-斜3	2920.95	112.95	6.833
方4-斜3	2921.95	112.924	6.838
方4-斜3	2922.95	112.683	6.847
方4-斜3	2923.95	112.449	6.856
方4-斜3	2924.95	112.339	6.863
方4-斜3	2925.95	112.327	6.866
方4-斜3	2926.95	112.314	6.865
方4-斜3	2927.95	112.22	6.864
方4-斜3	2928.95	112.047	6.863
方4-斜3	2929.95	111.882	6.863
方4-斜3	2930.95	111.838	6.863
方4-斜3	2931.95	111.96	6.864
方4-斜3	2932.95	112.169	6.866
方4-斜3	2933.95	112.356	6.872
方4-斜3	2934.95	112.474	6.882
方4-斜3	2935.95	112.582	6.897
方4-斜3	2936.95	112.678	6.915
方4-斜3	2937.95	112.677	6.935
方4-斜3	2938.95	112.541	6.954
方4-斜3	2939.95	112.362	6.969
方4-斜3	2940.95	112.279	6.977
方4-斜3	2941.95	112.322	6.979
方4-斜3	2942.95	112.399	6.976
方4-斜3	2943.95	112.443	6.97
方4-斜3	2944.95	112.469	6.964
方4-斜3	2945.95	112.5	6.959
方4-斜3	2946.95	112.487	6.956
方4-斜3	2947.95	112.358	6.956
方4-斜3	2948.95	112.12	6.962
方4-斜3	2949.95	111.876	6.975
方4-斜3	2950.95	111.723	6.998
方4-斜3	2951.95	111.681	7.025
方4-斜3	2952.95	111.723	7.051
方4-斜3	2953.95	111.839	7.07
方4-斜3	2954.95	112.026	7.078
方4-斜3	2955.95	112.249	7.079
方4-斜3	2956.95	112.474	7.073
方4-斜3	2957.95	112.644	7.065
方4-斜3	2958.95	112.726	7.056
方4-斜3	2959.95	112.673	7.05
方4-斜3	2960.95	112.463	7.051
方4-斜3	2961.95	112.073	7.062
方4-斜3	2962.95	111.429	7.086
方4-斜3	2963.95	110.627	7.119
方4-斜3	2964.95	109.818	7.156
方4-斜3	2965.95	109.226	7.193
方4-斜3	2966.95	108.96	7.225
方4-斜3	2967.95	108.965	7.251
方4-斜3	2968.95	109.13	7.271
方4-斜3	2969.95	109.342	7.289
方4-斜3	2970.95	109.571	7.303
方4-斜3	2971.95	109.86	7.31
方4-斜3	2972.95	110.324	7.304
方4-斜3	2973.95	111.042	7.283
方4-斜3	2974.95	111.918	7.254
方4-斜3	2975.95	112.682	7.225
方4-斜3	2976.95	113.085	7.205
方4-斜3	2977.95	113.077	7.195
方4-斜3	2978.95	112.825	7.194
方4-斜3	2979.95	112.557	7.2
方4-斜3	2980.95	112.383	7.209
方4-斜3	2981.95	112.263	7.218
方4-斜3	2982.95	112.125	7.226
方4-斜3	2983.95	111.949	7.234
方4-斜3	2984.95	111.77	7.241
方4-斜3	2985.95	111.602	7.246
方4-斜3	2986.95	111.511	7.243
方4-斜3	2987.95	111.603	7.23
方4-斜3	2988.95	111.911	7.207
方4-斜3	2989.95	112.293	7.183
方4-斜3	2990.95	112.518	7.168
方4-斜3	2991.95	112.453	7.169
方4-斜3	2992.95	112.188	7.187
方4-斜3	2993.95	111.929	7.218
方4-斜3	2994.95	111.836	7.257
方4-斜3	2995.95	111.924	7.299
方4-斜3	2996.95	112.083	7.339
方4-斜3	2997.95	112.19	7.37
方4-斜3	2998.95	112.205	7.387
方4-斜3	2999.95	112.161	7.389
方4-斜3	3000.95	112.084	7.379
方4-斜3	3001.95	111.973	7.361
方4-斜3	3002.95	111.845	7.342
方4-斜3	3003.95	111.763	7.326
方4-斜3	3004.95	111.777	7.315
方4-斜3	3005.95	111.861	7.313
方4-斜3	3006.95	111.933	7.324
方4-斜3	3007.95	111.915	7.344
方4-斜3	3008.95	111.8	7.372
方4-斜3	3009.95	111.618	7.403
方4-斜3	3010.95	111.402	7.434
方4-斜3	3011.95	111.175	7.462
方4-斜3	3012.95	110.979	7.484
方4-斜3	3013.95	110.929	7.494
方4-斜3	3014.95	111.079	7.494
方4-斜3	3015.95	111.361	7.488
方4-斜3	3016.95	111.615	7.479
方4-斜3	3017.95	111.733	7.471
方4-斜3	3018.95	111.712	7.465
方4-斜3	3019.95	111.613	7.46
方4-斜3	3020.95	111.504	7.457
方4-斜3	3021.95	111.455	7.454
方4-斜3	3022.95	111.519	7.45
方4-斜3	3023.95	111.724	7.443
方4-斜3	3024.95	112.096	7.431
方4-斜3	3025.95	112.649	7.417
方4-斜3	3026.95	113.318	7.405
方4-斜3	3027.95	113.893	7.4
方4-斜3	3028.95	114.103	7.405
方4-斜3	3029.95	113.838	7.418
方4-斜3	3030.95	113.283	7.437
方4-斜3	3031.95	112.745	7.458
方4-斜3	3032.95	112.461	7.477
方4-斜3	3033.95	112.358	7.494
方4-斜3	3034.95	112.318	7.506
方4-斜3	3035.95	112.277	7.509
方4-斜3	3036.95	112.226	7.504
方4-斜3	3037.95	112.19	7.495
方4-斜3	3038.95	112.205	7.488
方4-斜3	3039.95	112.274	7.485
方4-斜3	3040.95	112.352	7.486
方4-斜3	3041.95	112.365	7.488
方4-斜3	3042.95	112.273	7.489
方4-斜3	3043.95	112.11	7.492
方4-斜3	3044.95	112.011	7.497
方4-斜3	3045.95	112.07	7.504
方4-斜3	3046.95	112.259	7.516
方4-斜3	3047.95	112.44	7.531
方4-斜3	3048.95	112.518	7.55
方4-斜3	3049.95	112.535	7.568
方4-斜3	3050.95	112.581	7.582
方4-斜3	3051.95	112.654	7.59
方4-斜3	3052.95	112.652	7.594
方4-斜3	3053.95	112.495	7.595
方4-斜3	3054.95	112.236	7.594
方4-斜3	3055.95	112.011	7.589
方4-斜3	3056.95	111.928	7.577
方4-斜3	3057.95	112.009	7.56
方4-斜3	3058.95	112.195	7.54
方4-斜3	3059.95	112.399	7.525
方4-斜3	3060.95	112.548	7.518
方4-斜3	3061.95	112.619	7.523
方4-斜3	3062.95	112.614	7.538
方4-斜3	3063.95	112.547	7.553
方4-斜3	3064.95	112.47	7.565
方4-斜3	3065.95	112.473	7.569
方4-斜3	3066.95	112.599	7.567
方4-斜3	3067.95	112.808	7.562
方4-斜3	3068.95	113.032	7.555
方4-斜3	3069.95	113.207	7.544
方4-斜3	3070.95	113.312	7.531
方4-斜3	3071.95	113.286	7.522
方4-斜3	3072.95	113.073	7.524
方4-斜3	3073.95	112.707	7.54
方4-斜3	3074.95	112.312	7.564
方4-斜3	3075.95	112.024	7.589
方4-斜3	3076.95	111.899	7.608
方4-斜3	3077.95	111.896	7.62
方4-斜3	3078.95	111.931	7.625
方4-斜3	3079.95	111.931	7.626
方4-斜3	3080.95	111.881	7.623
方4-斜3	3081.95	111.826	7.616
方4-斜3	3082.95	111.812	7.61
方4-斜3	3083.95	111.832	7.605
方4-斜3	3084.95	111.85	7.603
方4-斜3	3085.95	111.862	7.604
方4-斜3	3086.95	111.881	7.608
方4-斜3	3087.95	111.901	7.618
方4-斜3	3088.95	111.899	7.636
方4-斜3	3089.95	111.869	7.661
方4-斜3	3090.95	111.809	7.688
方4-斜3	3091.95	111.709	7.713
方4-斜3	3092.95	111.591	7.727
方4-斜3	3093.95	111.493	7.731
方4-斜3	3094.95	111.457	7.723
方4-斜3	3095.95	111.494	7.708
方4-斜3	3096.95	111.569	7.689
方4-斜3	3097.95	111.614	7.671
方4-斜3	3098.95	111.57	7.659
方4-斜3	3099.95	111.436	7.652
方4-斜3	3100.95	111.271	7.652
方4-斜3	3101.95	111.138	7.659
方4-斜3	3102.95	111.038	7.672
方4-斜3	3103.95	110.921	7.693
方4-斜3	3104.95	110.738	7.719
方4-斜3	3105.95	110.484	7.746
方4-斜3	3106.95	110.195	7.765
方4-斜3	3107.95	110.001	7.768
方4-斜3	3108.95	110.013	7.75
方4-斜3	3109.95	110.324	7.712
方4-斜3	3110.95	110.909	7.662
方4-斜3	3111.95	111.572	7.611
方4-斜3	3112.95	112.043	7.569
方4-斜3	3113.95	112.089	7.547
方4-斜3	3114.95	111.774	7.544
方4-斜3	3115.95	111.277	7.556
方4-斜3	3116.95	110.781	7.579
方4-斜3	3117.95	110.395	7.605
方4-斜3	3118.95	110.149	7.63
方4-斜3	3119.95	110.056	7.646
方4-斜3	3120.95	110.059	7.653
方4-斜3	3121.95	110.11	7.652
方4-斜3	3122.95	110.155	7.644
方4-斜3	3123.95	110.141	7.631
方4-斜3	3124.95	110.026	7.615
方4-斜3	3125.95	109.82	7.599
方4-斜3	3126.95	109.632	7.583
方4-斜3	3127.95	109.631	7.571
方4-斜3	3128.95	109.898	7.566
方4-斜3	3129.95	110.318	7.57
方4-斜3	3130.95	110.656	7.586
方4-斜3	3131.95	110.775	7.612
方4-斜3	3132.95	110.721	7.641
方4-斜3	3133.95	110.624	7.667
方4-斜3	3134.95	110.577	7.682
方4-斜3	3135.95	110.549	7.687
方4-斜3	3136.95	110.455	7.685
方4-斜3	3137.95	110.254	7.68
方4-斜3	3138.95	110.006	7.676
方4-斜3	3139.95	109.811	7.676
方4-斜3	3140.95	109.707	7.68
方4-斜3	3141.95	109.668	7.687
方4-斜3	3142.95	109.682	7.694
方4-斜3	3143.95	109.765	7.696
方4-斜3	3144.95	109.927	7.695
方4-斜3	3145.95	110.138	7.69
方4-斜3	3146.95	110.346	7.683
方4-斜3	3147.95	110.527	7.675
方4-斜3	3148.95	110.692	7.664
方4-斜3	3149.95	110.847	7.651
方4-斜3	3150.95	110.98	7.638
方4-斜3	3151.95	111.085	7.626
方4-斜3	3152.95	111.176	7.617
方4-斜3	3153.95	111.256	7.609
方4-斜3	3154.95	111.313	7.6
方4-斜3	3155.95	111.329	7.591
方4-斜3	3156.95	111.285	7.582
方4-斜3	3157.95	111.176	7.576
方4-斜3	3158.95	111.022	7.574
方4-斜3	3159.95	110.882	7.575
方4-斜3	3160.95	110.822	7.577
方4-斜3	3161.95	110.857	7.579
方4-斜3	3162.95	110.963	7.58
方4-斜3	3163.95	111.117	7.581
方4-斜3	3164.95	111.348	7.581
方4-斜3	3165.95	111.657	7.579
方4-斜3	3166.95	111.977	7.576
方4-斜3	3167.95	112.225	7.572
方4-斜3	3168.95	112.381	7.569
方4-斜3	3169.95	112.46	7.571
方4-斜3	3170.95	112.502	7.577
方4-斜3	3171.95	112.529	7.588
方4-斜3	3172.95	112.574	7.6
方4-斜3	3173.95	112.672	7.611
方4-斜3	3174.95	112.839	7.618
方4-斜3	3175.95	113.09	7.62
方4-斜3	3176.95	113.44	7.618
方4-斜3	3177.95	113.846	7.613
方4-斜3	3178.95	114.172	7.607
方4-斜3	3179.95	114.287	7.601
方4-斜3	3180.95	114.185	7.602
方4-斜3	3181.95	113.942	7.616
方4-斜3	3182.95	113.647	7.644
方4-斜3	3183.95	113.321	7.683
方4-斜3	3184.95	113.042	7.722
方4-斜3	3185.95	112.909	7.755
方4-斜3	3186.95	112.941	7.777
方4-斜3	3187.95	113.07	7.79
方4-斜3	3188.95	113.249	7.794
方4-斜3	3189.95	113.597	7.794
方4-斜3	3190.95	114.243	7.791
方4-斜3	3191.95	115.14	7.787
方4-斜3	3192.95	116.099	7.783
方4-斜3	3193.95	116.992	7.774
方4-斜3	3194.95	117.624	7.761
方4-斜3	3195.95	117.911	7.745
方4-斜3	3196.95	117.757	7.731
方4-斜3	3197.95	117.269	7.725
方4-斜3	3198.95	116.779	7.729
方4-斜3	3199.95	116.678	7.741
方4-斜3	3200.95	117.176	7.756
方4-斜3	3201.95	118.157	7.768
方4-斜3	3202.95	119.217	7.771
方4-斜3	3203.95	119.93	7.766
方4-斜3	3204.95	120.125	7.757
方4-斜3	3205.95	119.933	7.748
方4-斜3	3206.95	119.609	7.742
方4-斜3	3207.95	119.365	7.74
方4-斜3	3208.95	119.326	7.743
方4-斜3	3209.95	119.497	7.751
方4-斜3	3210.95	119.718	7.764
方4-斜3	3211.95	119.799	7.781
方4-斜3	3212.95	119.729	7.801
方4-斜3	3213.95	119.731	7.822
方4-斜3	3214.95	120.095	7.835
方4-斜3	3215.95	120.936	7.837
方4-斜3	3216.95	122.103	7.828
方4-斜3	3217.95	123.029	7.814
方4-斜3	3218.95	123.453	7.8
方4-斜3	3219.95	123.437	7.787
方4-斜3	3220.95	123.269	7.776
方4-斜3	3221.95	123.15	7.77
方4-斜3	3222.95	123.09	7.769
方4-斜3	3223.95	123.021	7.77
方4-斜3	3224.95	122.888	7.769
方4-斜3	3225.95	122.679	7.762
方4-斜3	3226.95	122.442	7.749
方4-斜3	3227.95	122.252	7.733
方4-斜3	3228.95	122.155	7.716
方4-斜3	3229.95	122.137	7.699
方4-斜3	3230.95	122.161	7.682
方4-斜3	3231.95	122.2	7.665
方4-斜3	3232.95	122.207	7.647
方4-斜3	3233.95	122.121	7.628
方4-斜3	3234.95	121.906	7.609
方4-斜3	3235.95	121.625	7.588
方4-斜3	3236.95	121.448	7.569
方4-斜3	3237.95	121.578	7.557
方4-斜3	3238.95	122.051	7.558
方4-斜3	3239.95	122.709	7.575
方4-斜3	3240.95	123.31	7.605
方4-斜3	3241.95	123.707	7.641
方4-斜3	3242.95	123.884	7.674
方4-斜3	3243.95	123.838	7.695
方4-斜3	3244.95	123.55	7.698
方4-斜3	3245.95	123.069	7.69
方4-斜3	3246.95	122.53	7.679
方4-斜3	3247.95	122.051	7.676
方4-斜3	3248.95	121.68	7.683
方4-斜3	3249.95	121.434	7.7
方4-斜3	3250.95	121.29	7.723
方4-斜3	3251.95	121.155	7.747
方4-斜3	3252.95	120.918	7.77
方4-斜3	3253.95	120.552	7.787
方4-斜3	3254.95	120.14	7.8
方4-斜3	3255.95	119.814	7.806
方4-斜3	3256.95	119.659	7.807
方4-斜3	3257.95	119.698	7.803
方4-斜3	3258.95	119.857	7.795
方4-斜3	3259.95	120.065	7.785
方4-斜3	3260.95	120.281	7.773
方4-斜3	3261.95	120.499	7.762
方4-斜3	3262.95	120.737	7.749
方4-斜3	3263.95	120.971	7.737
方4-斜3	3264.95	121.196	7.726
方4-斜3	3265.95	121.385	7.715
方4-斜3	3266.95	121.494	7.707
方4-斜3	3267.95	121.475	7.703
方4-斜3	3268.95	121.291	7.704
方4-斜3	3269.95	120.99	7.71
方4-斜3	3270.95	120.645	7.719
方4-斜3	3271.95	120.359	7.73
方4-斜3	3272.95	120.222	7.741
方4-斜3	3273.95	120.278	7.752
方4-斜3	3274.95	120.511	7.764
方4-斜3	3275.95	120.852	7.778
方4-斜3	3276.95	121.179	7.796
方4-斜3	3277.95	121.315	7.817
方4-斜3	3278.95	121.13	7.839
方4-斜3	3279.95	120.649	7.86
方4-斜3	3280.95	120.034	7.878
方4-斜3	3281.95	119.435	7.893
方4-斜3	3282.95	118.92	7.906
方4-斜3	3283.95	118.523	7.919
方4-斜3	3284.95	118.327	7.931
方4-斜3	3285.95	118.279	7.945
方4-斜3	3286.95	118.272	7.958
方4-斜3	3287.95	118.241	7.969
方4-斜3	3288.95	118.243	7.973
方4-斜3	3289.95	118.381	7.965
方4-斜3	3290.95	118.669	7.94
方4-斜3	3291.95	119.05	7.897
方4-斜3	3292.95	119.388	7.845
方4-斜3	3293.95	119.634	7.79
方4-斜3	3294.95	119.756	7.737
方4-斜3	3295.95	119.773	7.691
方4-斜3	3296.95	119.766	7.653
方4-斜3	3297.95	119.807	7.625
方4-斜3	3298.95	119.893	7.606
方4-斜3	3299.95	119.946	7.595
方4-斜3	3300.95	119.897	7.59
方4-斜3	3301.95	119.752	7.589
方4-斜3	3302.95	119.587	7.59
方4-斜3	3303.95	119.514	7.591
方4-斜3	3304.95	119.638	7.591
方4-斜3	3305.95	119.993	7.59
方4-斜3	3306.95	120.509	7.587
方4-斜3	3307.95	121.046	7.585
方4-斜3	3308.95	121.515	7.586
方4-斜3	3309.95	121.843	7.592
方4-斜3	3310.95	122.09	7.604
方4-斜3	3311.95	122.287	7.619
方4-斜3	3312.95	122.446	7.634
方4-斜3	3313.95	122.58	7.645
方4-斜3	3314.95	122.701	7.652
方4-斜3	3315.95	122.778	7.654
方4-斜3	3316.95	122.739	7.655
方4-斜3	3317.95	122.556	7.656
方4-斜3	3318.95	122.268	7.658
方4-斜3	3319.95	121.951	7.66
方4-斜3	3320.95	121.677	7.663
方4-斜3	3321.95	121.496	7.668
方4-斜3	3322.95	121.415	7.676
方4-斜3	3323.95	121.347	7.687
方4-斜3	3324.95	121.072	7.7
方4-斜3	3325.95	120.411	7.71
方4-斜3	3326.95	119.541	7.718
方4-斜3	3327.95	118.866	7.722
方4-斜3	3328.95	118.532	7.724
方4-斜3	3329.95	118.381	7.725
方4-斜3	3330.95	118.283	7.727
方4-斜3	3331.95	118.248	7.731
方4-斜3	3332.95	118.325	7.737
方4-斜3	3333.95	118.523	7.744
方4-斜3	3334.95	118.769	7.749
方4-斜3	3335.95	119.01	7.754
方4-斜3	3336.95	119.2	7.76
方4-斜3	3337.95	119.313	7.767
方4-斜3	3338.95	119.391	7.777
方4-斜3	3339.95	119.543	7.791
方4-斜3	3340.95	119.872	7.817
方4-斜3	3341.95	120.395	7.87
方4-斜3	3342.95	120.893	7.951
方4-斜3	3343.95	121.152	8.058
方4-斜3	3344.95	120.986	8.175
方4-斜3	3345.95	120.361	8.28
方4-斜3	3346.95	119.396	8.353
方4-斜3	3347.95	118.297	8.389
方4-斜3	3348.95	117.282	8.393
方4-斜3	3349.95	116.5	8.376
方4-斜3	3350.95	115.987	8.349
方4-斜3	3351.95	115.681	8.322
方4-斜3	3352.95	115.481	8.299
方4-斜3	3353.95	115.311	8.282
方4-斜3	3354.95	115.166	8.272
方4-斜3	3355.95	115.074	8.266
方4-斜3	3356.95	115.023	8.264
方4-斜3	3357.95	114.982	8.261
方4-斜3	3358.95	114.948	8.255
方4-斜3	3359.95	114.949	8.246
方4-斜3	3360.95	115.001	8.234
方4-斜3	3361.95	115.081	8.225
方4-斜3	3362.95	115.133	8.222
方4-斜3	3363.95	115.104	8.229
方4-斜3	3364.95	115.012	8.241
方4-斜3	3365.95	114.908	8.253
方4-斜3	3366.95	114.826	8.256
方4-斜3	3367.95	114.795	8.242
方4-斜3	3368.95	114.884	8.203
方4-斜3	3369.95	115.116	8.145
方4-斜3	3370.95	115.426	8.079
方4-斜3	3371.95	115.712	8.019
方4-斜3	3372.95	115.957	7.979
方4-斜3	3373.95	116.216	7.966
方4-斜3	3374.95	116.557	7.981
方4-斜3	3375.95	117.05	8.019
方4-斜3	3376.95	117.718	8.073
方4-斜3	3377.95	118.482	8.139
方4-斜3	3378.95	119.168	8.211
方4-斜3	3379.95	119.594	8.285
方4-斜3	3380.95	119.634	8.355
方4-斜3	3381.95	119.262	8.418
方4-斜3	3382.95	118.554	8.472
方4-斜3	3383.95	117.609	8.517
方4-斜3	3384.95	116.688	8.549
方4-斜3	3385.95	115.878	8.566
方4-斜3	3386.95	115.259	8.564
方4-斜3	3387.95	114.851	8.541
方4-斜3	3388.95	114.634	8.499
方4-斜3	3389.95	114.571	8.443
方4-斜3	3390.95	114.63	8.382
方4-斜3	3391.95	114.788	8.32
方4-斜3	3392.95	115.009	8.267
方4-斜3	3393.95	115.318	8.223
方4-斜3	3394.95	115.763	8.19
方4-斜3	3395.95	116.377	8.173
方4-斜3	3396.95	117.122	8.175
方4-斜3	3397.95	117.892	8.2
方4-斜3	3398.95	118.565	8.242
方4-斜3	3399.95	119.067	8.296
方4-斜3	3400.95	119.385	8.355
方4-斜3	3401.95	119.518	8.412
方4-斜3	3402.95	119.421	8.466
方4-斜3	3403.95	119.035	8.514
方4-斜3	3404.95	118.394	8.551
方4-斜3	3405.95	117.67	8.574
方4-斜3	3406.95	117.083	8.578
方4-斜3	3407.95	116.874	8.564
方4-斜3	3408.95	116.987	8.54
方4-斜3	3409.95	117.201	8.515
方4-斜3	3410.95	117.255	8.496
方4-斜3	3411.95	117.007	8.487
方4-斜3	3412.95	116.476	8.484
方4-斜3	3413.95	115.942	8.481
方4-斜3	3414.95	115.612	8.47
方4-斜3	3415.95	115.534	8.449
方4-斜3	3416.95	115.592	8.417
方4-斜3	3417.95	115.681	8.375
方4-斜3	3418.95	115.837	8.322
方4-斜3	3419.95	116.161	8.264
方4-斜3	3420.95	116.703	8.204
方4-斜3	3421.95	117.34	8.149
方4-斜3	3422.95	117.826	8.106
方4-斜3	3423.95	118.038	8.085
方4-斜3	3424.95	118.152	8.092
方4-斜3	3425.95	118.391	8.13
方4-斜3	3426.95	118.723	8.193
方4-斜3	3427.95	118.946	8.272
方4-斜3	3428.95	118.905	8.352
方4-斜3	3429.95	118.571	8.419
方4-斜3	3430.95	118.038	8.462
方4-斜3	3431.95	117.473	8.478
方4-斜3	3432.95	117.025	8.469
方4-斜3	3433.95	116.722	8.442
方4-斜3	3434.95	116.489	8.408
方4-斜3	3435.95	116.181	8.374
方4-斜3	3436.95	115.773	8.346
方4-斜3	3437.95	115.336	8.327
方4-斜3	3438.95	114.968	8.314
方4-斜3	3439.95	114.748	8.3
方4-斜3	3440.95	114.725	8.279
方4-斜3	3441.95	114.916	8.243
方4-斜3	3442.95	115.242	8.195
方4-斜3	3443.95	115.617	8.138
方4-斜3	3444.95	115.963	8.076
方4-斜3	3445.95	116.236	8.018
方4-斜3	3446.95	116.415	7.977
方4-斜3	3447.95	116.498	7.957
方4-斜3	3448.95	116.523	7.954
方4-斜3	3449.95	116.56	7.961
方4-斜3	3450.95	116.68	7.967
方4-斜3	3451.95	116.901	7.964
方4-斜3	3452.95	117.204	7.945
方4-斜3	3453.95	117.478	7.911
方4-斜3	3454.95	117.654	7.867
方4-斜3	3455.95	0	0
