     井  深  垂  深  斜  度  方  位  真方位  总方位  总位移  E坐标   N坐标         
序号                                                                         ***** 
     （米）  （米）  （度）  （度）  （度）  （度）  （米）  （米）  （米）  ***** 
---------------------------------------------------------------------------------------
                                                                                   
---------------------------------------------------------------------------------------
1    295.00  295.00  0.42    161.27  158.30  158.30  0.00    0.00    0.00    0.000   
---------------------------------------------------------------------------------------
2    320.00  320.00  0.30    176.45  173.48  131.21  0.13    0.10    -0.08   0.185   
---------------------------------------------------------------------------------------
3    345.00  345.00  0.22    234.90  231.93  172.28  0.19    0.02    -0.18   0.333   
---------------------------------------------------------------------------------------
4    370.00  370.00  0.36    263.17  260.20  200.03  0.22    -0.08   -0.21   0.233   
---------------------------------------------------------------------------------------
5    395.00  395.00  0.45    294.30  291.33  236.89  0.27    -0.23   -0.15   0.286   
---------------------------------------------------------------------------------------
6    420.00  420.00  0.47    309.93  306.96  264.08  0.42    -0.41   -0.04   0.152   
---------------------------------------------------------------------------------------
7    445.00  445.00  0.55    333.85  330.88  281.34  0.55    -0.54   0.11    0.273   
---------------------------------------------------------------------------------------
8    470.00  470.00  0.64    330.89  327.92  296.78  0.74    -0.66   0.33    0.112   
---------------------------------------------------------------------------------------
9    495.00  494.99  1.02    341.87  338.90  309.02  1.07    -0.83   0.67    0.498   
---------------------------------------------------------------------------------------
10   520.00  519.99  1.23    331.97  329.00  316.43  1.50    -1.03   1.08    0.343   
---------------------------------------------------------------------------------------
11   545.00  544.98  1.10    329.90  326.93  320.78  2.01    -1.27   1.56    0.167   
---------------------------------------------------------------------------------------
12   570.00  569.98  1.14    328.36  325.39  322.53  2.52    -1.53   2.00    0.065   
---------------------------------------------------------------------------------------
13   595.00  594.97  1.35    334.34  331.37  323.93  3.07    -1.81   2.48    0.293   
---------------------------------------------------------------------------------------
14   620.00  619.96  1.39    338.40  335.43  325.41  3.64    -2.07   3.00    0.127   
---------------------------------------------------------------------------------------
15   645.00  644.96  1.40    339.57  336.60  326.50  4.24    -2.34   3.53    0.036   
---------------------------------------------------------------------------------------
16   670.00  669.95  1.23    333.34  330.37  327.32  4.78    -2.58   4.02    0.263   
---------------------------------------------------------------------------------------
17   695.00  694.95  1.46    326.62  323.65  327.21  5.33    -2.88   4.48    0.328   
---------------------------------------------------------------------------------------
18   720.00  719.94  1.36    323.75  320.78  327.17  5.94    -3.22   4.99    0.144   
---------------------------------------------------------------------------------------
19   745.00  744.93  1.58    322.77  319.80  326.55  6.60    -3.64   5.51    0.268   
---------------------------------------------------------------------------------------
20   770.00  769.92  1.56    320.68  317.71  326.06  7.28    -4.07   6.04    0.075   
---------------------------------------------------------------------------------------
21   795.00  794.91  1.53    322.35  319.38  325.21  7.98    -4.55   6.55    0.065   
---------------------------------------------------------------------------------------
22   820.00  819.90  1.56    316.67  313.70  324.44  8.62    -5.01   7.01    0.189   
---------------------------------------------------------------------------------------
23   845.00  844.89  1.71    318.65  315.68  323.67  9.33    -5.53   7.52    0.189   
---------------------------------------------------------------------------------------
24   870.00  869.88  1.84    314.31  311.34  322.83  10.05   -6.07   8.01    0.225   
---------------------------------------------------------------------------------------
25   895.00  894.87  1.13    318.32  315.35  322.21  10.77   -6.60   8.51    0.866   
---------------------------------------------------------------------------------------
26   920.00  919.86  1.46    325.91  322.94  322.11  11.30   -6.94   8.92    0.445   
---------------------------------------------------------------------------------------
27   945.00  944.85  1.49    321.44  318.47  322.19  11.94   -7.32   9.43    0.145   
---------------------------------------------------------------------------------------
28   970.00  969.85  1.45    323.82  320.85  322.03  12.61   -7.76   9.94    0.088   
---------------------------------------------------------------------------------------
29   995.00  994.84  1.70    319.29  316.32  321.68  13.28   -8.23   10.42   0.329   
---------------------------------------------------------------------------------------
30   1020.00 1019.83 1.52    317.20  314.23  321.43  13.98   -8.72   10.93   0.219   
---------------------------------------------------------------------------------------
31   1045.00 1044.82 1.66    318.38  315.41  320.97  14.67   -9.23   11.39   0.167   
---------------------------------------------------------------------------------------
32   1070.00 1069.81 1.66    313.33  310.36  320.63  15.32   -9.72   11.84   0.176   
---------------------------------------------------------------------------------------
33   1095.00 1094.80 1.80    316.47  313.50  320.18  16.03   -10.27  12.31   0.199   
---------------------------------------------------------------------------------------
34   1120.00 1119.78 1.88    320.19  317.22  319.92  16.86   -10.86  12.90   0.174   
---------------------------------------------------------------------------------------
35   1145.00 1144.77 2.04    314.60  311.63  319.54  17.69   -11.48  13.46   0.298   
---------------------------------------------------------------------------------------
36   1170.00 1169.76 1.10    333.63  330.66  319.40  18.44   -12.00  14.00   1.286   
---------------------------------------------------------------------------------------
37   1195.00 1194.75 1.11    355.86  352.89  319.88  18.87   -12.16  14.43   0.515   
---------------------------------------------------------------------------------------
38   1220.00 1219.75 0.76    345.21  342.24  320.58  19.25   -12.22  14.87   0.471   
---------------------------------------------------------------------------------------
39   1245.00 1244.75 0.83    318.95  315.98  320.76  19.61   -12.40  15.19   0.447   
---------------------------------------------------------------------------------------
40   1270.00 1269.74 1.49    284.17  281.20  320.12  20.02   -12.84  15.36   1.154   
---------------------------------------------------------------------------------------
41   1295.00 1294.73 1.86    268.45  265.48  318.70  20.53   -13.55  15.43   0.706   
---------------------------------------------------------------------------------------
42   1320.00 1319.72 1.71    272.47  269.50  316.69  21.02   -14.42  15.30   0.230   
---------------------------------------------------------------------------------------
43   1345.00 1344.70 1.91    279.19  276.22  315.21  21.58   -15.20  15.32   0.346   
---------------------------------------------------------------------------------------
44   1370.00 1369.69 1.60    279.89  276.92  314.06  22.22   -15.97  15.45   0.371   
---------------------------------------------------------------------------------------
45   1395.00 1394.68 1.73    277.60  274.63  312.88  22.81   -16.72  15.52   0.172   
---------------------------------------------------------------------------------------
46   1420.00 1419.67 1.39    281.91  278.94  311.85  23.38   -17.41  15.60   0.431   
---------------------------------------------------------------------------------------
47   1445.00 1444.66 1.49    289.59  286.62  311.10  23.91   -18.02  15.72   0.265   
---------------------------------------------------------------------------------------
48   1470.00 1469.66 1.49    283.19  280.22  310.50  24.45   -18.59  15.88   0.200   
---------------------------------------------------------------------------------------
49   1495.00 1494.65 1.53    286.38  283.41  309.84  25.04   -19.23  16.04   0.112   
---------------------------------------------------------------------------------------
50   1520.00 1519.64 1.42    298.69  295.72  309.37  25.66   -19.84  16.28   0.402   
---------------------------------------------------------------------------------------
51   1545.00 1544.63 1.38    304.98  302.01  309.05  26.28   -20.41  16.56   0.191   
---------------------------------------------------------------------------------------
52   1570.00 1569.62 1.13    296.66  293.69  308.87  26.86   -20.92  16.86   0.372   
---------------------------------------------------------------------------------------
53   1595.00 1594.62 1.41    306.19  303.22  308.70  27.43   -21.41  17.15   0.417   
---------------------------------------------------------------------------------------
54   1620.00 1619.61 1.45    303.13  300.16  308.52  28.02   -21.92  17.45   0.106   
---------------------------------------------------------------------------------------
55   1645.00 1644.60 1.41    299.29  296.32  308.32  28.64   -22.47  17.76   0.127   
---------------------------------------------------------------------------------------
56   1670.00 1669.59 1.33    290.16  287.19  307.96  29.19   -23.02  17.96   0.276   
---------------------------------------------------------------------------------------
57   1695.00 1694.59 1.42    302.59  299.62  307.70  29.73   -23.53  18.18   0.371   
---------------------------------------------------------------------------------------
58   1720.00 1719.58 1.07    303.02  300.05  307.54  30.25   -23.99  18.43   0.411   
---------------------------------------------------------------------------------------
59   1745.00 1744.58 1.32    324.34  321.37  307.58  30.74   -24.36  18.75   0.612   
---------------------------------------------------------------------------------------
60   1770.00 1769.57 1.33    324.83  321.86  307.83  31.29   -24.71  19.19   0.020   
---------------------------------------------------------------------------------------
61   1795.00 1794.57 0.60    338.28  335.31  307.99  31.67   -24.96  19.49   0.921   
---------------------------------------------------------------------------------------
62   1820.00 1819.57 0.39    19.21   16.24   308.17  31.85   -25.04  19.68   0.494   
---------------------------------------------------------------------------------------
63   1845.00 1844.57 0.48    93.73   90.76   308.47  31.85   -24.94  19.81   0.687   
---------------------------------------------------------------------------------------
64   1870.00 1869.57 1.07    349.69  346.72  308.80  31.95   -24.90  20.02   1.825   
---------------------------------------------------------------------------------------
65   1895.00 1894.56 1.37    351.98  349.01  309.41  32.34   -24.98  20.53   0.368   
---------------------------------------------------------------------------------------
66   1920.00 1919.55 1.76    313.56  310.59  309.61  32.94   -25.38  21.00   1.345   
---------------------------------------------------------------------------------------
67   1945.00 1944.54 1.54    310.96  307.99  309.60  33.64   -25.92  21.44   0.279   
---------------------------------------------------------------------------------------
68   1970.00 1969.53 1.52    307.34  304.37  309.50  34.30   -26.46  21.82   0.120   
---------------------------------------------------------------------------------------
69   1995.00 1994.53 1.43    308.16  305.19  309.39  34.93   -27.00  22.17   0.111   
---------------------------------------------------------------------------------------
70   2020.00 2019.52 1.37    304.50  301.53  309.24  35.53   -27.52  22.48   0.125   
---------------------------------------------------------------------------------------
71   2045.00 2044.51 1.57    300.78  297.81  309.09  36.14   -28.05  22.78   0.265   
---------------------------------------------------------------------------------------
72   2070.00 2069.50 1.55    298.57  295.60  308.89  36.80   -28.65  23.10   0.079   
---------------------------------------------------------------------------------------
73   2095.00 2094.49 1.63    298.53  295.56  308.63  37.45   -29.26  23.38   0.095   
---------------------------------------------------------------------------------------
74   2120.00 2119.48 1.62    299.43  296.46  308.41  38.13   -29.88  23.69   0.032   
---------------------------------------------------------------------------------------
75   2145.00 2144.47 1.61    303.07  300.10  308.22  38.80   -30.48  24.00   0.123   
---------------------------------------------------------------------------------------
76   2170.00 2169.46 1.62    301.75  298.78  308.06  39.50   -31.10  24.35   0.046   
---------------------------------------------------------------------------------------
77   2195.00 2194.45 1.62    304.78  301.81  307.94  40.21   -31.71  24.72   0.103   
---------------------------------------------------------------------------------------
78   2220.00 2219.44 1.33    307.99  305.02  307.88  40.87   -32.26  25.09   0.354   
---------------------------------------------------------------------------------------
79   2245.00 2244.44 1.21    313.53  310.56  307.88  41.42   -32.69  25.43   0.210   
---------------------------------------------------------------------------------------
80   2270.00 2269.43 1.01    321.58  318.61  307.95  41.90   -33.04  25.77   0.305   
---------------------------------------------------------------------------------------
81   2295.00 2294.43 0.85    326.29  323.32  308.08  42.28   -33.28  26.08   0.207   
---------------------------------------------------------------------------------------
82   2320.00 2319.43 0.88    317.74  314.77  308.20  42.65   -33.52  26.37   0.157   
---------------------------------------------------------------------------------------
83   2345.00 2344.43 0.66    304.22  301.25  308.18  42.98   -33.78  26.57   0.340   
---------------------------------------------------------------------------------------
84   2370.00 2369.42 0.66    315.99  313.02  308.16  43.26   -34.01  26.73   0.162   
---------------------------------------------------------------------------------------
85   2395.00 2394.42 0.47    295.55  292.58  308.16  43.52   -34.22  26.89   0.333   
---------------------------------------------------------------------------------------
86   2420.00 2419.42 0.50    251.88  248.91  308.06  43.68   -34.39  26.93   0.446   
---------------------------------------------------------------------------------------
87   2445.00 2444.42 0.59    244.78  241.81  307.68  43.73   -34.61  26.73   0.132   
---------------------------------------------------------------------------------------
88   2470.00 2469.41 2.06    336.28  333.31  307.82  44.16   -34.88  27.08   3.097   
---------------------------------------------------------------------------------------
89   2495.00 2494.39 2.75    347.00  344.03  308.55  45.10   -35.27  28.11   0.988   
---------------------------------------------------------------------------------------
90   2520.00 2519.37 2.09    352.34  349.37  309.37  45.98   -35.55  29.17   0.838   
---------------------------------------------------------------------------------------
91   2545.00 2544.35 1.80    358.15  355.18  310.09  46.57   -35.63  29.99   0.425   
---------------------------------------------------------------------------------------
