L10-19	S1_1	975.7	-999.0	0.6	0.6	0.3	70.0	0.723	
L10-19	S1_2	983.8	-999.0	0.5	0.0	0.3	1.0	0.723	
L10-19	S1_3	988.8	-999.0	0.2	0.0	0.3	1.0	0.723	
L10-19	S1_4+5	989.6	-999.0	0.8	0.5	0.3	1.0	0.723	
L10-19	S2_1+2	1008.2	-999.0	1.0	0.25	0.3	160.0	0.723	
L10-19	S2_2+3	1009.2	-999.0	4.2	1.25	0.3	138.19	0.723	
L10-19	S2_4	1021.8	-999.0	1.4	1.2	0.3	68.714	0.723	
L10-19	S2_5+6	1026.5	-999.0	0.6	0.5	0.3	100.0	0.723	
L10-19	S2_7+8	1028.4	-999.0	6.2	2.4	0.3	240.0	0.723	
L10-19	S2_9	-999	-999	-999	-999	-999	-999	-999
L10-19	S2_10+11	-999	-999	-999	-999	-999	-999	-999
L10-19	S2_12	-999	-999	-999	-999	-999	-999	-999
L10-19	S2_13+14	1049.5	-999.0	2.8	1.66	0.3	321.536	0.723	
L10-19	S2_15+16	1052.7	-999.0	4.9	1.66	0.3	184.163	0.723	
L10-19	S3_1+2	1065.1	-999.0	0.6	0.0	0.3	1.0	0.723	
L10-19	S3_3	1066.0	-999.0	0.4	0.2	0.3	1.0	0.723	
L10-19	S3_4-7	1074.3	-999.0	9.12	0.16	0.3	120.0	0.723	
L10-19	S3_8	1083.42	-999.0	2.28	0.04	0.3	120.0	0.723	
L10-19	S3_9+10	1087.2	-999.0	3.1	1.9	0.3	94.194	0.723	
L10-19	P1_1	1096.1	-999.0	1.55	0.8	0.3	460.0	0.723	
L10-19	P1_2	1097.65	-999.0	2.25	1.5	0.3	317.2	0.723	
L10-19	P1_4	-999	-999	-999	-999	-999	-999	-999
L10-19	P1_5+6	-999	-999	-999	-999	-999	-999	-999
L10-19	P1_7	1123.5	-999.0	0.5	0.5	0.3	70.0	0.723	
L10-19	P2_1-3	1131.4	-999.0	2.1	0.84	0.3	140.0	0.723	
L10-19	P2_4	1133.5	-999.0	0.7	0.28	0.3	140.0	0.723	
L10-19	P2_5+6	1135.0	-999.0	4.6	1.4	0.3	100.0	0.723	
L10-19	P2_7-9	1141.8	-999.0	7.8	2.19	0.3	220.0	0.723	
L10-19	P2_10	1150.4	-999.0	1.2	1.2	0.3	100.0	0.723	
L10-19	G1_1	-999	-999	-999	-999	-999	-999	-999
L10-19	G1_2+3	-999	-999	-999	-999	-999	-999	-999
L10-19	G1_4+5	1166.0	-999.0	0.3	0.0	0.3	1.0	0.723	
L10-19	G1_6+7	1170.4	-999.0	1.06	0.54	0.3	80.0	0.723	
L10-19	G1_8	1171.47	-999.0	0.53	0.27	0.3	80.0	0.723	
L10-19	G1_9	1173.0	-999.0	1.3	0.5	0.3	77.154	0.723	
L10-19	G1_10	-999	-999	-999	-999	-999	-999	-999
L10-19	G1_11+12	-999	-999	-999	-999	-999	-999	-999
L10-19	G1_13	-999	-999	-999	-999	-999	-999	-999
L10-19	G1_14+15	1187.0	-999.0	1.0	0.5	0.3	90.0	0.723	
L10-19	G1_16	-999	-999	-999	-999	-999	-999	-999
L10-19	G1_17	-999	-999	-999	-999	-999	-999	-999
L10-19	G1_18	1195.4	-999.0	0.2	0.0	0.3	1.0	0.723	
L10-19	G1_19	1199.1	-999.0	0.2	0.0	0.3	1.0	0.723	
L10-19	G1_20	1201.0	-999.0	0.2	0.0	0.3	1.0	0.723	
L10-19	G2_1+2	1204.7	-999.0	0.7	0.1	0.3	110.0	0.723	
L10-19	G2_3	1210.0	-999.0	0.2	0.0	0.3	1.0	0.723	
L10-19	G2_4	-999	-999	-999	-999	-999	-999	-999
L10-19	G2_5	1212.7	-999.0	0.7	0.0	0.3	1.0	0.723	
L10-19	G2_6	-999	-999	-999	-999	-999	-999	-999
L10-19	G2_7	1217.5	-999.0	0.25	0.0	0.3	1.0	0.723	
L10-19	G2_8	1217.75	-999.0	0.25	0.0	0.3	1.0	0.723	
L10-19	G2_9	1218.6	-999.0	0.5	0.5	0.3	1.0	0.723	
L10-19	G2_10	-999	-999	-999	-999	-999	-999	-999
L10-19	G2_11	-999	-999	-999	-999	-999	-999	-999
L10-19	G2_12	-999	-999	-999	-999	-999	-999	-999
L10-19	G2_13	-999	-999	-999	-999	-999	-999	-999
L10-19	G2_14	-999	-999	-999	-999	-999	-999	-999
L10-19	G2_15	-999	-999	-999	-999	-999	-999	-999
L10-19	G2_16	1234.5	-999.0	2.1	2.1	0.3	1.0	0.723	
L10-19	G2_17	1237.0	-999.0	1.0	1.0	0.3	1.0	0.723	
L10-19	G2_18	1241.6	-999.0	0.4	0.4	0.3	1.0	0.723	
L10-19	G2_19	-999	-999	-999	-999	-999	-999	-999
L10-19	G2_20	-999	-999	-999	-999	-999	-999	-999
L10-19	G2_21	-999	-999	-999	-999	-999	-999	-999
L10-19	G2_22	-999	-999	-999	-999	-999	-999	-999
L10-19	G2_23	-999	-999	-999	-999	-999	-999	-999
L10-19	G2_24+25	-999	-999	-999	-999	-999	-999	-999
L10-19	G2_26	-999	-999	-999	-999	-999	-999	-999
L10-19	G2_27	-999	-999	-999	-999	-999	-999	-999
L10-19	G2_28	-999	-999	-999	-999	-999	-999	-999
L10-19	G2_29	-999	-999	-999	-999	-999	-999	-999
L10-1901	S1_1	975.2	-999.0	0.6	0.4	0.3	1.0	0.723	
L10-1901	S1_2	983.1	-999.0	2.05	0.85	0.3	163.659	0.723	
L10-1901	S1_3	985.75	-999.0	2.15	0.42	0.3	324.186	0.723	
L10-1901	S1_4+5	988.4	-999.0	3.0	1.54	0.3	346.8	0.723	
L10-1901	S2_1+2	-999	-999	-999	-999	-999	-999	-999
L10-1901	S2_2+3	1015.4	-999.0	5.4	3.2	0.3	422.333	0.723	
L10-1901	S2_4	1023.8	-999.0	0.3	0.3	0.3	1.0	0.723	
L10-1901	S2_5+6	1028.4	-999.0	2.9	0.1	0.3	100.0	0.723	
L10-1901	S2_7+8	1031.3	-999.0	2.9	0.1	0.3	100.0	0.723	
L10-1901	S2_9	-999	-999	-999	-999	-999	-999	-999
L10-1901	S2_10+11	-999	-999	-999	-999	-999	-999	-999
L10-1901	S2_12	-999	-999	-999	-999	-999	-999	-999
L10-1901	S2_13+14	1047.8	-999.0	4.4	1.3	0.3	80.0	0.723	
L10-1901	S2_15+16	1057.1	-999.0	2.1	0.6	0.3	45.0	0.723	
L10-1901	S3_1+2	-999	-999	-999	-999	-999	-999	-999
L10-1901	S3_3	1068.9	-999.0	2.6	1.7	0.3	142.5	0.723	
L10-1901	S3_4-7	1073.2	-999.0	8.64	0.8	0.3	90.0	0.723	
L10-1901	S3_8	1081.84	-999.0	2.16	0.2	0.3	90.0	0.723	
L10-1901	S3_9+10	1086.6	-999.0	4.0	2.7	0.3	117.1	0.723	
L10-1901	P1_1	1096.6	-999.0	2.0	2.0	0.3	440.0	0.723	
L10-1901	P1_2	1102.1	-999.0	11.7	6.7	0.3	340.0	0.723	
L10-1901	P1_4	-999	-999	-999	-999	-999	-999	-999
L10-1901	P1_5+6	1114.7	-999.0	1.7	1.5	0.3	32.059	0.723	
L10-1901	P1_7	-999	-999	-999	-999	-999	-999	-999
L10-1901	P2_1-3	1125.0	-999.0	7.65	2.4	0.3	76.275	0.723	
L10-1901	P2_4	1136.13	-999.0	1.88	0.13	0.3	50.0	0.723	
L10-1901	P2_5+6	1138.01	-999.0	3.76	0.26	0.3	50.0	0.723	
L10-1901	P2_7-9	1141.77	-999.0	5.64	0.39	0.3	50.0	0.723	
L10-1901	P2_10	-999	-999	-999	-999	-999	-999	-999
L10-1901	G1_1	-999	-999	-999	-999	-999	-999	-999
L10-1901	G1_2+3	-999	-999	-999	-999	-999	-999	-999
L10-1901	G1_4+5	-999	-999	-999	-999	-999	-999	-999
L10-1901	G1_6+7	-999	-999	-999	-999	-999	-999	-999
L10-1901	G1_8	-999	-999	-999	-999	-999	-999	-999
L10-1901	G1_9	1172.4	-999.0	1.4	0.6	0.3	51.786	0.723	
L10-1901	G1_10	-999	-999	-999	-999	-999	-999	-999
L10-1901	G1_11+12	1180.6	-999.0	1.8	1.8	0.3	130.0	0.723	
L10-1901	G1_13	-999	-999	-999	-999	-999	-999	-999
L10-1901	G1_14+15	1185.6	-999.0	1.3	0.2	0.3	46.385	0.723	
L10-1901	G1_16	-999	-999	-999	-999	-999	-999	-999
L10-1901	G1_17	-999	-999	-999	-999	-999	-999	-999
L10-1901	G1_18	1196.0	-999.0	0.2	0.2	0.3	1.0	0.723	
L10-1901	G1_19	1197.8	-999.0	1.1	0.2	0.3	45.0	0.723	
L10-1901	G1_20	1198.9	-999.0	2.1	0.7	0.3	52.143	0.723	
L10-1901	G2_1+2	1204.0	-999.0	0.86	0.86	0.3	97.977	0.723	
L10-1901	G2_3	1206.27	-999.0	0.33	0.33	0.3	1.0	0.723	
L10-1901	G2_4	-999	-999	-999	-999	-999	-999	-999
L10-1901	G2_5	-999	-999	-999	-999	-999	-999	-999
L10-1901	G2_6	1213.4	-999.0	0.2	0.2	0.3	1.0	0.723	
L10-1901	G2_7	-999	-999	-999	-999	-999	-999	-999
L10-1901	G2_8	1216.3	-999.0	0.4	0.4	0.3	1.0	0.723	
L10-1901	G2_9	1217.8	-999.0	1.45	1.45	0.3	1.0	0.723	
L10-1901	G2_10	1220.35	-999.0	0.85	0.85	0.3	1.0	0.723	
L10-1901	G2_11	1221.8	-999.0	1.0	1.0	0.3	1.0	0.723	
L10-1901	G2_12	-999	-999	-999	-999	-999	-999	-999
L10-1901	G2_13	1224.7	-999.0	1.75	1.75	0.3	1.0	0.723	
L10-1901	G2_14	1226.45	-999.0	1.95	1.95	0.3	1.0	0.723	
L10-1901	G2_15	1231.6	-999.0	0.6	0.6	0.3	1.0	0.723	
L10-1901	G2_16	1234.6	-999.0	0.3	0.3	0.3	1.0	0.723	
L10-1901	G2_17	-999	-999	-999	-999	-999	-999	-999
L10-1901	G2_18	1238.9	-999.0	1.1	1.1	0.3	1.0	0.723	
L10-1901	G2_19	-999	-999	-999	-999	-999	-999	-999
L10-1901	G2_20	-999	-999	-999	-999	-999	-999	-999
L10-1901	G2_21	-999	-999	-999	-999	-999	-999	-999
L10-1901	G2_22	-999	-999	-999	-999	-999	-999	-999
L10-1901	G2_23	-999	-999	-999	-999	-999	-999	-999
L10-1901	G2_24+25	-999	-999	-999	-999	-999	-999	-999
L10-1901	G2_26	-999	-999	-999	-999	-999	-999	-999
L10-1901	G2_27	-999	-999	-999	-999	-999	-999	-999
L10-1901	G2_28	-999	-999	-999	-999	-999	-999	-999
L10-1901	G2_29	-999	-999	-999	-999	-999	-999	-999
L10-1902	S1_1	995.6	-999.0	0.5	0.5	0.3	1.0	0.723	
L10-1902	S1_2	1000.4	-999.0	2.2	0.8	0.3	45.0	0.723	
L10-1902	S1_3	1005.4	-999.0	0.2	0.2	0.3	1.0	0.723	
L10-1902	S1_4+5	1007.3	-999.0	1.9	1.3	0.3	26.579	0.723	
L10-1902	S2_1+2	-999	-999	-999	-999	-999	-999	-999
L10-1902	S2_2+3	1033.4	-999.0	5.1	4.3	0.3	405.686	0.723	
L10-1902	S2_4	-999	-999	-999	-999	-999	-999	-999
L10-1902	S2_5+6	1044.0	-999.0	1.56	1.56	0.3	404.038	0.723	
L10-1902	S2_7+8	1046.45	-999.0	4.56	1.56	0.3	167.105	0.723	
L10-1902	S2_9	-999	-999	-999	-999	-999	-999	-999
L10-1902	S2_10+11	1058.2	-999.0	0.8	0.4	0.3	1.0	0.723	
L10-1902	S2_12	1065.0	-999.0	0.2	0.2	0.3	1.0	0.723	
L10-1902	S2_13+14	1069.4	-999.0	2.0	1.4	0.3	440.0	0.723	
L10-1902	S2_15+16	1075.6	-999.0	0.8	0.0	0.3	1.0	0.723	
L10-1902	S3_1+2	-999	-999	-999	-999	-999	-999	-999
L10-1902	S3_3	1085.0	-999.0	5.3	0.3	0.3	120.0	0.723	
L10-1902	S3_4-7	1097.3	-999.0	4.6	1.68	0.3	216.696	0.723	
L10-1902	S3_8	1103.6	-999.0	2.2	1.7	0.3	220.0	0.723	
L10-1902	S3_9+10	1109.6	-999.0	1.4	1.4	0.3	180.0	0.723	
L10-1902	P1_1	1114.0	-999.0	3.0	0.9	0.3	100.0	0.723	
L10-1902	P1_2	1117.6	-999.0	10.64	4.12	0.3	127.462	0.723	
L10-1902	P1_4	1134.04	-999.0	2.48	0.64	0.3	500.0	0.723	
L10-1902	P1_5+6	1136.52	-999.0	2.48	0.64	0.3	500.0	0.723	
L10-1902	P1_7	1141.6	-999.0	0.4	0.0	0.3	1.0	0.723	
L10-1902	P2_1-3	1144.0	-999.0	0.6	0.6	0.3	1.0	0.723	
L10-1902	P2_4	1151.0	-999.0	1.8	0.9	0.3	60.0	0.723	
L10-1902	P2_5+6	1153.2	-999.0	2.72	1.36	0.3	320.0	0.723	
L10-1902	P2_7-9	1155.92	-999.0	7.38	3.93	0.3	274.512	0.723	
L10-1902	P2_10	1168.0	-999.0	1.4	0.7	0.3	121.714	0.723	
L10-1902	G1_1	-999	-999	-999	-999	-999	-999	-999
L10-1902	G1_2+3	1176.8	-999.0	5.8	4.5	0.3	130.0	0.723	
L10-1902	G1_4+5	-999	-999	-999	-999	-999	-999	-999
L10-1902	G1_6+7	-999	-999	-999	-999	-999	-999	-999
L10-1902	G1_8	1189.0	-999.0	1.73	0.53	0.3	45.0	0.723	
L10-1902	G1_9	1190.73	-999.0	1.73	0.53	0.3	45.0	0.723	
L10-1902	G1_10	1192.47	-999.0	3.13	1.93	0.3	70.879	0.723	
L10-1902	G1_11+12	1200.0	-999.0	1.2	1.2	0.3	55.0	0.723	
L10-1902	G1_13	1204.8	-999.0	0.8	0.8	0.3	90.0	0.723	
L10-1902	G1_14+15	1205.6	-999.0	1.6	1.6	0.3	90.0	0.723	
L10-1902	G1_16	1207.6	-999.0	1.6	1.05	0.3	70.125	0.723	
L10-1902	G1_17	1209.8	-999.0	1.7	1.35	0.3	66.059	0.723	
L10-1902	G1_18	1214.3	-999.0	1.6	1.6	0.3	1.0	0.723	
L10-1902	G1_19	1219.6	-999.0	0.2	0.2	0.3	1.0	0.723	
L10-1902	G1_20	1220.4	-999.0	0.6	0.6	0.3	1.0	0.723	
L10-1902	G2_1+2	-999	-999	-999	-999	-999	-999	-999
L10-1902	G2_3	1229.4	-999.0	0.2	0.2	0.3	1.0	0.723	
L10-1902	G2_4	-999	-999	-999	-999	-999	-999	-999
L10-1902	G2_5	1231.2	-999.0	1.0	1.0	0.3	1.0	0.723	
L10-1902	G2_6	-999	-999	-999	-999	-999	-999	-999
L10-1902	G2_7	-999	-999	-999	-999	-999	-999	-999
L10-1902	G2_8	1235.8	-999.0	0.2	0.2	0.3	1.0	0.723	
L10-1902	G2_9	1237.4	-999.0	0.7	0.7	0.3	1.0	0.723	
L10-1902	G2_10	-999	-999	-999	-999	-999	-999	-999
L10-1902	G2_11	-999	-999	-999	-999	-999	-999	-999
L10-1902	G2_12	-999	-999	-999	-999	-999	-999	-999
L10-1902	G2_13	-999	-999	-999	-999	-999	-999	-999
L10-1902	G2_14	-999	-999	-999	-999	-999	-999	-999
L10-1902	G2_15	-999	-999	-999	-999	-999	-999	-999
L10-1902	G2_16	-999	-999	-999	-999	-999	-999	-999
L10-1902	G2_17	-999	-999	-999	-999	-999	-999	-999
L10-1902	G2_18	-999	-999	-999	-999	-999	-999	-999
L10-1902	G2_19	-999	-999	-999	-999	-999	-999	-999
L10-1902	G2_20	-999	-999	-999	-999	-999	-999	-999
L10-1902	G2_21	-999	-999	-999	-999	-999	-999	-999
L10-1902	G2_22	-999	-999	-999	-999	-999	-999	-999
L10-1902	G2_23	-999	-999	-999	-999	-999	-999	-999
L10-1902	G2_24+25	-999	-999	-999	-999	-999	-999	-999
L10-1902	G2_26	-999	-999	-999	-999	-999	-999	-999
L10-1902	G2_27	-999	-999	-999	-999	-999	-999	-999
L10-1902	G2_28	-999	-999	-999	-999	-999	-999	-999
L10-1902	G2_29	-999	-999	-999	-999	-999	-999	-999
L10-1916	S1_1	-999	-999	-999	-999	-999	-999	-999
L10-1916	S1_2	-999	-999	-999	-999	-999	-999	-999
L10-1916	S1_3	1021.5	-999.0	0.4	0.4	0.3	1.0	0.723	
L10-1916	S1_4+5	1024.4	-999.0	0.2	0.2	0.3	1.0	0.723	
L10-1916	S2_1+2	-999	-999	-999	-999	-999	-999	-999
L10-1916	S2_2+3	1048.5	-999.0	5.46	3.76	0.3	214.066	0.723	
L10-1916	S2_4	1054.97	-999.0	1.23	1.23	0.3	280.0	0.723	
L10-1916	S2_5+6	1058.8	-999.0	1.9	1.6	0.3	240.0	0.723	
L10-1916	S2_7+8	1063.7	-999.0	3.0	1.5	0.3	80.0	0.723	
L10-1916	S2_9	-999	-999	-999	-999	-999	-999	-999
L10-1916	S2_10+11	1071.5	-999.0	2.6	1.5	0.3	170.0	0.723	
L10-1916	S2_12	-999	-999	-999	-999	-999	-999	-999
L10-1916	S2_13+14	1085.4	-999.0	0.7	0.7	0.3	150.0	0.723	
L10-1916	S2_15+16	1087.7	-999.0	1.9	0.7	0.3	60.0	0.723	
L10-1916	S3_1+2	-999	-999	-999	-999	-999	-999	-999
L10-1916	S3_3	1102.6	-999.0	0.86	0.6	0.3	85.0	0.723	
L10-1916	S3_4-7	1105.36	-999.0	5.44	3.08	0.3	194.706	0.723	
L10-1916	S3_8	1118.2	-999.0	0.5	0.07	0.3	220.0	0.723	
L10-1916	S3_9+10	1118.7	-999.0	2.1	0.34	0.3	133.571	0.723	
L10-1916	P1_1	1128.9	-999.0	1.9	0.35	0.3	45.0	0.723	
L10-1916	P1_2	1130.8	-999.0	10.92	2.53	0.3	84.817	0.723	
L10-1916	P1_4	1148.12	-999.0	1.84	0.36	0.3	200.0	0.723	
L10-1916	P1_5+6	1149.96	-999.0	1.84	0.36	0.3	200.0	0.723	
L10-1916	P1_7	1155.4	-999.0	0.8	0.4	0.3	70.0	0.723	
L10-1916	P2_1-3	1163.4	-999.0	3.57	0.18	0.3	60.0	0.723	
L10-1916	P2_4	1166.97	-999.0	1.19	0.06	0.3	60.0	0.723	
L10-1916	P2_5+6	1168.16	-999.0	2.38	0.12	0.3	60.0	0.723	
L10-1916	P2_7-9	1170.53	-999.0	9.57	2.07	0.3	63.019	0.723	
L10-1916	P2_10	1181.93	-999.0	0.97	0.3	0.3	50.0	0.723	
L10-1916	G1_1	-999	-999	-999	-999	-999	-999	-999
L10-1916	G1_2+3	1190.8	-999.0	0.6	0.3	0.3	1.0	0.723	
L10-1916	G1_4+5	1197.3	-999.0	2.56	0.14	0.3	45.0	0.723	
L10-1916	G1_6+7	1199.87	-999.0	2.56	0.14	0.3	45.0	0.723	
L10-1916	G1_8	1202.43	-999.0	1.28	0.07	0.3	45.0	0.723	
L10-1916	G1_9	1203.72	-999.0	1.28	0.07	0.3	45.0	0.723	
L10-1916	G1_10	1207.8	-999.0	1.9	1.9	0.3	45.0	0.723	
L10-1916	G1_11+12	-999	-999	-999	-999	-999	-999	-999
L10-1916	G1_13	1217.4	-999.0	1.27	0.2	0.3	40.0	0.723	
L10-1916	G1_14+15	1218.67	-999.0	2.54	0.4	0.3	40.0	0.723	
L10-1916	G1_16	1222.0	-999.0	2.4	2.4	0.3	1.0	0.723	
L10-1916	G1_17	-999	-999	-999	-999	-999	-999	-999
L10-1916	G1_18	1227.2	-999.0	0.3	0.3	0.3	1.0	0.723	
L10-1916	G1_19	1230.7	-999.0	2.7	2.7	0.3	1.0	0.723	
L10-1916	G1_20	1235.1	-999.0	1.1	1.1	0.3	1.0	0.723	
L10-1916	G2_1+2	1237.9	-999.0	1.2	1.2	0.3	1.0	0.723	
L10-1916	G2_3	-999	-999	-999	-999	-999	-999	-999
L10-1916	G2_4	-999	-999	-999	-999	-999	-999	-999
L10-1916	G2_5	-999	-999	-999	-999	-999	-999	-999
L10-1916	G2_6	-999	-999	-999	-999	-999	-999	-999
L10-1916	G2_7	-999	-999	-999	-999	-999	-999	-999
L10-1916	G2_8	-999	-999	-999	-999	-999	-999	-999
L10-1916	G2_9	-999	-999	-999	-999	-999	-999	-999
L10-1916	G2_10	-999	-999	-999	-999	-999	-999	-999
L10-1916	G2_11	-999	-999	-999	-999	-999	-999	-999
L10-1916	G2_12	-999	-999	-999	-999	-999	-999	-999
L10-1916	G2_13	-999	-999	-999	-999	-999	-999	-999
L10-1916	G2_14	-999	-999	-999	-999	-999	-999	-999
L10-1916	G2_15	-999	-999	-999	-999	-999	-999	-999
L10-1916	G2_16	-999	-999	-999	-999	-999	-999	-999
L10-1916	G2_17	-999	-999	-999	-999	-999	-999	-999
L10-1916	G2_18	-999	-999	-999	-999	-999	-999	-999
L10-1916	G2_19	-999	-999	-999	-999	-999	-999	-999
L10-1916	G2_20	-999	-999	-999	-999	-999	-999	-999
L10-1916	G2_21	-999	-999	-999	-999	-999	-999	-999
L10-1916	G2_22	-999	-999	-999	-999	-999	-999	-999
L10-1916	G2_23	-999	-999	-999	-999	-999	-999	-999
L10-1916	G2_24+25	-999	-999	-999	-999	-999	-999	-999
L10-1916	G2_26	-999	-999	-999	-999	-999	-999	-999
L10-1916	G2_27	-999	-999	-999	-999	-999	-999	-999
L10-1916	G2_28	-999	-999	-999	-999	-999	-999	-999
L10-1916	G2_29	-999	-999	-999	-999	-999	-999	-999
L10-1925	S1_1	1003.5	-999.0	0.2	0.0	0.3	1.0	0.723	
L10-1925	S1_2	1007.3	-999.0	1.5	0.9	0.3	44.267	0.723	
L10-1925	S1_3	1010.8	-999.0	1.23	0.23	0.3	136.341	0.723	
L10-1925	S1_4+5	1012.63	-999.0	4.76	1.26	0.3	101.597	0.723	
L10-1925	S2_1+2	-999	-999	-999	-999	-999	-999	-999
L10-1925	S2_2+3	1040.2	-999.0	4.54	4.26	0.3	270.661	0.723	
L10-1925	S2_4	1046.53	-999.0	0.37	0.23	0.3	120.0	0.723	
L10-1925	S2_5+6	-999	-999	-999	-999	-999	-999	-999
L10-1925	S2_7+8	1054.6	-999.0	3.5	1.0	0.3	292.657	0.723	
L10-1925	S2_9	-999	-999	-999	-999	-999	-999	-999
L10-1925	S2_10+11	1063.8	-999.0	3.3	0.2	0.3	254.636	0.723	
L10-1925	S2_12	-999	-999	-999	-999	-999	-999	-999
L10-1925	S2_13+14	1073.5	-999.0	3.9	0.4	0.3	70.0	0.723	
L10-1925	S2_15+16	1077.4	-999.0	3.9	0.4	0.3	70.0	0.723	
L10-1925	S3_1+2	1085.8	-999.0	3.1	1.2	0.3	100.0	0.723	
L10-1925	S3_3	1090.6	-999.0	3.9	0.4	0.3	240.0	0.723	
L10-1925	S3_4-7	1100.3	-999.0	9.24	1.16	0.3	207.749	0.723	
L10-1925	S3_8	1110.54	-999.0	1.49	0.04	0.3	190.0	0.723	
L10-1925	S3_9+10	1112.03	-999.0	8.38	0.68	0.3	138.449	0.723	
L10-1925	P1_1	1121.8	-999.0	2.5	2.5	0.3	900.0	0.723	
L10-1925	P1_2	1124.3	-999.0	15.9	4.3	0.3	461.761	0.723	
L10-1925	P1_4	-999	-999	-999	-999	-999	-999	-999
L10-1925	P1_5+6	1142.8	-999.0	5.0	1.4	0.3	40.0	0.723	
L10-1925	P1_7	1150.6	-999.0	1.1	1.1	0.3	122.909	0.723	
L10-1925	P2_1-3	1156.6	-999.0	4.05	1.14	0.3	340.0	0.723	
L10-1925	P2_4	1160.65	-999.0	1.35	0.38	0.3	340.0	0.723	
L10-1925	P2_5+6	1162.0	-999.0	2.7	0.76	0.3	340.0	0.723	
L10-1925	P2_7-9	1172.2	-999.0	1.41	0.21	0.3	1.0	0.723	
L10-1925	P2_10	1176.5	-999.0	0.7	0.7	0.3	120.0	0.723	
L10-1925	G1_1	-999	-999	-999	-999	-999	-999	-999
L10-1925	G1_2+3	-999	-999	-999	-999	-999	-999	-999
L10-1925	G1_4+5	1191.4	-999.0	1.86	0.66	0.3	130.0	0.723	
L10-1925	G1_6+7	1193.25	-999.0	2.56	1.36	0.3	113.594	0.723	
L10-1925	G1_8	1199.8	-999.0	0.8	0.8	0.3	1.0	0.723	
L10-1925	G1_9	-999	-999	-999	-999	-999	-999	-999
L10-1925	G1_10	-999	-999	-999	-999	-999	-999	-999
L10-1925	G1_11+12	-999	-999	-999	-999	-999	-999	-999
L10-1925	G1_13	1211.9	-999.0	2.1	2.1	0.3	1.0	0.723	
L10-1925	G1_14+15	-999	-999	-999	-999	-999	-999	-999
L10-1925	G1_16	1217.2	-999.0	1.0	1.0	0.3	1.0	0.723	
L10-1925	G1_17	-999	-999	-999	-999	-999	-999	-999
L10-1925	G1_18	-999	-999	-999	-999	-999	-999	-999
L10-1925	G1_19	-999	-999	-999	-999	-999	-999	-999
L10-1925	G1_20	-999	-999	-999	-999	-999	-999	-999
L10-1925	G2_1+2	-999	-999	-999	-999	-999	-999	-999
L10-1925	G2_3	-999	-999	-999	-999	-999	-999	-999
L10-1925	G2_4	-999	-999	-999	-999	-999	-999	-999
L10-1925	G2_5	-999	-999	-999	-999	-999	-999	-999
L10-1925	G2_6	-999	-999	-999	-999	-999	-999	-999
L10-1925	G2_7	-999	-999	-999	-999	-999	-999	-999
L10-1925	G2_8	-999	-999	-999	-999	-999	-999	-999
L10-1925	G2_9	-999	-999	-999	-999	-999	-999	-999
L10-1925	G2_10	-999	-999	-999	-999	-999	-999	-999
L10-1925	G2_11	-999	-999	-999	-999	-999	-999	-999
L10-1925	G2_12	-999	-999	-999	-999	-999	-999	-999
L10-1925	G2_13	-999	-999	-999	-999	-999	-999	-999
L10-1925	G2_14	-999	-999	-999	-999	-999	-999	-999
L10-1925	G2_15	-999	-999	-999	-999	-999	-999	-999
L10-1925	G2_16	-999	-999	-999	-999	-999	-999	-999
L10-1925	G2_17	-999	-999	-999	-999	-999	-999	-999
L10-1925	G2_18	-999	-999	-999	-999	-999	-999	-999
L10-1925	G2_19	-999	-999	-999	-999	-999	-999	-999
L10-1925	G2_20	-999	-999	-999	-999	-999	-999	-999
L10-1925	G2_21	-999	-999	-999	-999	-999	-999	-999
L10-1925	G2_22	-999	-999	-999	-999	-999	-999	-999
L10-1925	G2_23	-999	-999	-999	-999	-999	-999	-999
L10-1925	G2_24+25	-999	-999	-999	-999	-999	-999	-999
L10-1925	G2_26	-999	-999	-999	-999	-999	-999	-999
L10-1925	G2_27	-999	-999	-999	-999	-999	-999	-999
L10-1925	G2_28	-999	-999	-999	-999	-999	-999	-999
L10-1925	G2_29	-999	-999	-999	-999	-999	-999	-999
