--------------------------------------------------
价格峰值分析分析周期(天):5
日期	距上次峰值交易日个数		距上次峰值自然日个数		局部高点/低点	浮动幅度%:	
1991/01/14	16	26	135.19	35.2	
1991/01/17	3	3	133.65	-1.1	
1991/02/06	14	20	128.06	-4.2	
1991/02/22	10	16	134.87	5.3	
1991/04/01	26	38	119.68	-11.3	
1991/04/04	3	3	122.2	2.1	
1991/04/05	1	1	121.03	-1.0	
1991/04/26	15	21	116.31	-3.9	
1991/04/26	0	0	114.52	-1.5	
1991/05/17	14	21	104.96	-8.3	
1991/05/22	3	5	109.82	4.6	
1991/05/23	1	1	107.35	-2.2	
1991/06/14	16	22	126.34	17.7	
1991/06/17	1	3	123.54	-2.2	
1991/07/01	10	14	138.62	12.2	
1991/07/05	4	4	137.68	-0.7	
1991/07/15	6	10	131.87	-4.2	
1991/07/19	4	4	138.54	5.1	
1991/09/10	37	53	190.98	37.9	
1991/09/13	3	3	185.01	-3.1	
1991/09/17	2	4	191.18	3.3	
1991/10/03	10	16	179.8	-6.0	
1992/02/24	98	144	361.62	101.1	
1992/03/12	13	17	377.57	4.4	
1992/03/18	4	6	378.32	0.2	
1992/03/19	1	1	376.21	-0.6	
1992/03/24	3	5	379.5	0.9	
1992/03/26	2	2	377.64	-0.5	
1992/03/31	3	5	382.06	1.2	
1992/04/09	7	9	382.88	0.2	
1992/04/10	1	1	381.2	-0.4	
1992/04/21	7	11	421.55	10.6	
1992/04/23	2	2	394.6	-6.4	
1992/05/04	6	11	456.24	15.6	
1992/05/26	16	22	1429.01	213.2	
1992/05/27	1	1	823.36	-42.4	
1992/06/03	5	7	1033.47	25.5	
1992/06/05	2	2	1143.07	10.6	
1992/06/09	2	4	1079.65	-5.5	
1992/06/10	1	1	1206.51	11.8	
1992/06/15	3	5	1152.69	-4.5	
1992/06/17	2	2	1186.59	2.9	
1992/06/18	1	1	1158.32	-2.4	
1992/06/22	2	4	1180.21	1.9	
1992/06/24	2	2	1144.46	-3.0	
1992/06/26	2	2	1207.82	5.5	
1992/07/01	3	5	1215.13	0.6	
1992/07/06	3	5	1215.24	0.0	
1992/07/13	5	7	1198.9	-1.3	
1992/07/15	2	2	1100.16	-8.2	
1992/07/16	1	1	1214.83	10.4	
1992/07/23	5	7	961.61	-20.8	
1992/07/24	1	1	1178.9	22.6	
1992/08/06	9	13	983.22	-16.6	
1992/08/12	4	6	627.36	-36.2	
1992/08/18	4	6	999.69	59.3	
1992/08/26	6	8	827.36	-17.2	
1992/09/03	6	8	742.74	-10.2	
1992/09/07	2	4	788.15	6.1	
1992/09/08	1	1	595.42	-24.5	
1992/09/14	4	6	793.36	33.2	
1992/09/15	1	1	694.32	-12.5	
1992/09/17	2	2	779.56	12.3	
1992/09/18	1	1	715.89	-8.2	
1992/09/23	3	5	708.5	-1.0	
1992/09/25	2	2	735.75	3.8	
1992/10/06	5	11	664.27	-9.7	
1992/10/08	2	2	640.22	-3.6	
1992/10/12	2	4	713.77	11.5	
1992/10/14	2	2	648.84	-9.1	
1992/10/28	10	14	447.93	-31.0	
1992/11/02	3	5	508.81	13.6	
1992/11/11	7	9	388.32	-23.7	
1992/11/13	2	2	421.67	8.6	
1992/11/17	2	4	386.85	-8.3	
1992/11/19	2	2	412.23	6.6	
1992/11/26	5	7	752.32	82.5	
1992/12/01	3	5	749.89	-0.3	
1992/12/04	3	3	841.02	12.2	
1992/12/10	4	6	592.78	-29.5	
1992/12/14	2	4	748.19	26.2	
1992/12/16	2	2	663.17	-11.4	
1992/12/25	7	9	781.36	17.8	
1992/12/29	2	4	754.54	-3.4	
1993/01/06	5	8	883.42	17.1	
1993/01/12	4	6	1028.43	16.4	
1993/01/15	3	3	1099.83	6.9	
1993/01/20	3	5	984.74	-10.5	
1993/02/05	10	16	1404.64	42.6	
1993/02/10	3	5	1528.51	8.8	
1993/02/12	2	2	1352.27	-11.5	
1993/02/16	2	4	1558.95	15.3	
1993/02/19	3	3	1441.07	-7.6	
1993/02/24	3	5	1196.47	-17.0	
1993/02/26	2	2	1444.05	20.7	
1993/03/02	2	4	1186.34	-17.8	
1993/03/05	3	3	1026.18	-13.5	
1993/03/08	1	3	1325.49	29.2	
1993/03/10	2	2	1089.36	-17.8	
1993/03/12	2	2	1286.07	18.1	
1993/03/16	2	4	1155.1	-10.2	
1993/03/25	7	9	913.74	-20.9	
1993/03/29	2	4	1047.88	14.7	
1993/04/01	3	3	915.59	-12.6	
1993/04/02	1	1	968.05	5.7	
1993/04/09	5	7	1340.91	38.5	
1993/04/14	3	5	1341.19	0.0	
1993/04/19	3	5	1185.76	-11.6	
1993/04/27	6	8	1391.42	17.3	
1993/04/29	2	2	1392.62	0.1	
1993/04/30	1	1	1336.59	-4.0	
1993/05/06	4	6	1151.49	-13.8	
1993/05/11	3	5	1107.66	-3.8	
1993/05/14	3	3	1201.44	8.5	
1993/05/17	1	3	1097.61	-8.6	
1993/05/21	4	4	1178.54	7.4	
1993/05/25	2	4	965.29	-18.1	
1993/05/27	2	2	942.21	-2.4	
1993/06/01	3	5	859.48	-8.8	
1993/06/03	2	2	1177.91	37.0	
1993/06/08	3	5	1101.69	-6.5	
1993/06/15	5	7	981.84	-10.9	
1993/06/17	2	2	1016.23	3.5	
1993/06/21	2	4	967.74	-4.8	
1993/06/25	4	4	1041.22	7.6	
1993/06/30	3	5	1043.05	0.2	
1993/07/01	1	1	980.05	-6.0	
1993/07/07	4	6	869.65	-11.3	
1993/07/12	3	5	828.55	-4.7	
1993/07/15	3	3	830.61	0.2	
1993/07/20	3	5	803.22	-3.3	
1993/07/27	5	7	777.73	-3.2	
1993/07/28	1	1	818.06	5.2	
1993/08/02	3	5	913.15	11.6	
1993/08/04	2	2	823.0	-9.9	
1993/08/05	1	1	863.94	5.0	
1993/08/10	3	5	911.77	5.5	
1993/08/17	5	7	1042.47	14.3	
1993/08/24	5	7	873.13	-16.2	
1993/08/30	4	6	884.51	1.3	
1993/09/06	5	7	947.53	7.1	
1993/09/08	2	2	896.56	-5.4	
1993/09/14	4	6	865.61	-3.5	
1993/09/15	1	1	903.24	4.3	
1993/09/20	3	5	865.74	-4.2	
1993/09/21	1	1	896.68	3.6	
1993/09/24	3	3	915.06	2.0	
1993/09/24	0	0	864.38	-5.5	
1993/09/29	3	5	909.84	5.3	
1993/09/30	1	1	883.55	-2.9	
1993/10/06	3	6	879.42	-0.5	
1993/10/07	1	1	934.4	6.3	
1993/10/14	5	7	848.53	-9.2	
1993/10/18	2	4	835.25	-1.6	
1993/10/25	5	7	774.54	-7.3	
1993/10/29	4	4	834.79	7.8	
1993/11/04	4	6	793.32	-5.0	
1993/11/10	4	6	856.77	8.0	
1993/11/15	3	5	893.42	4.3	
1993/11/23	6	8	971.46	8.7	
1993/11/26	3	3	1011.76	4.1	
1993/11/29	1	3	956.34	-5.5	
1993/12/01	2	2	993.74	3.9	
1993/12/02	1	1	964.43	-2.9	
1993/12/08	4	6	1044.85	8.3	
1993/12/15	5	7	903.82	-13.5	
1993/12/20	3	5	750.46	-17.0	
1993/12/22	2	2	852.63	13.6	
1993/12/28	4	6	854.65	0.2	
1993/12/30	2	2	816.36	-4.5	
1994/01/03	2	4	840.65	3.0	
1994/01/05	2	2	823.1	-2.1	
1994/01/11	4	6	907.09	10.2	
1994/01/14	3	3	900.99	-0.7	
1994/01/14	0	0	842.62	-6.5	
1994/01/20	4	6	777.83	-7.7	
1994/01/25	3	5	842.04	8.3	
1994/01/26	1	1	810.32	-3.8	
1994/02/01	4	6	750.61	-7.4	
1994/02/14	4	13	818.57	9.1	
1994/02/15	1	1	761.64	-7.0	
1994/02/22	5	7	772.82	1.5	
1994/02/22	0	0	749.74	-3.0	
1994/02/24	2	2	749.63	-0.0	
1994/02/28	2	4	795.2	6.1	
1994/03/08	6	8	705.65	-11.3	
1994/03/10	2	2	741.44	5.1	
1994/03/10	0	0	694.03	-6.4	
1994/03/15	3	5	800.94	15.4	
1994/03/17	2	2	807.52	0.8	
1994/03/28	7	11	696.52	-13.7	
1994/03/30	2	2	714.1	2.5	
1994/04/01	2	2	691.86	-3.1	
1994/04/07	4	6	674.72	-2.5	
1994/04/12	3	5	652.56	-3.3	
1994/04/13	1	1	674.5	3.4	
1994/04/15	2	2	592.31	-12.2	
1994/04/21	4	6	536.34	-9.4	
1994/04/22	1	1	599.01	11.7	
1994/04/28	4	6	616.09	2.9	
1994/05/04	3	6	620.94	0.8	
1994/05/06	2	2	575.25	-7.4	
1994/05/11	3	5	606.73	5.5	
1994/05/13	2	2	575.28	-5.2	
1994/05/16	1	3	597.12	3.8	
1994/05/19	3	3	576.85	-3.4	
1994/05/20	1	1	597.72	3.6	
1994/05/31	7	11	537.78	-10.0	
1994/06/14	10	14	487.26	-9.4	
1994/06/20	4	6	531.11	9.0	
1994/06/21	1	1	494.81	-6.8	
1994/07/07	12	16	423.03	-14.5	
1994/07/14	5	7	440.59	4.2	
1994/07/19	3	5	393.06	-10.8	
1994/07/25	4	6	354.5	-9.8	
1994/07/27	2	2	392.17	10.6	
1994/07/29	2	2	325.89	-16.9	
1994/08/08	6	10	754.67	131.6	
1994/08/10	2	2	597.26	-20.9	
1994/08/11	1	1	768.08	28.6	
1994/08/15	2	4	654.22	-14.8	
1994/08/18	3	3	772.32	18.1	
1994/08/22	2	4	668.72	-13.4	
1994/08/24	2	2	727.41	8.8	
1994/09/07	10	14	1016.38	39.7	
1994/09/13	4	6	1052.94	3.6	
1994/09/15	2	2	930.62	-11.6	
1994/09/20	3	5	897.38	-3.6	
1994/09/22	2	2	974.25	8.6	
1994/09/26	2	4	844.32	-13.3	
1994/09/29	3	3	922.29	9.2	
1994/10/07	4	8	546.79	-40.7	
1994/10/14	5	7	593.05	8.5	
1994/10/25	7	11	794.85	34.0	
1994/10/31	4	6	642.86	-19.1	
1994/11/03	3	3	722.6	12.4	
1994/11/07	2	4	648.68	-10.2	
1994/11/08	1	1	735.83	13.4	
1994/11/10	2	2	743.22	1.0	
1994/11/16	4	6	694.26	-6.6	
1994/11/18	2	2	685.62	-1.2	
1994/11/22	2	4	705.25	2.9	
1994/11/24	2	2	674.65	-4.3	
1994/11/25	1	1	701.31	4.0	
1994/11/29	2	4	670.61	-4.4	
1994/11/30	1	1	689.96	2.9	
1994/12/06	4	6	648.72	-6.0	
1994/12/12	4	6	620.47	-4.4	
1994/12/16	4	4	693.76	11.8	
1994/12/21	3	5	691.81	-0.3	
1994/12/23	2	2	695.22	0.5	
1994/12/29	4	6	642.26	-7.6	
1995/01/03	2	5	630.53	-1.8	
1995/01/05	2	2	657.45	4.3	
1995/01/13	6	8	583.81	-11.2	
1995/01/24	7	11	547.38	-6.2	
1995/01/27	3	3	564.51	3.1	
1995/02/07	2	11	524.43	-7.1	
1995/02/10	3	3	558.95	6.6	
1995/02/17	5	7	532.67	-4.7	
1995/02/23	4	6	608.58	14.3	
1995/02/28	3	5	544.06	-10.6	
1995/03/08	6	8	639.01	17.5	
1995/03/13	3	5	583.38	-8.7	
1995/03/15	2	2	568.6	-2.5	
1995/03/20	3	5	604.96	6.4	
1995/03/23	3	3	620.34	2.5	
1995/03/29	4	6	615.44	-0.8	
1995/04/05	5	7	664.95	8.0	
1995/04/06	1	1	641.83	-3.5	
1995/04/10	2	4	681.15	6.1	
1995/04/14	4	4	627.04	-7.9	
1995/04/19	3	5	625.11	-0.3	
1995/04/21	2	2	649.22	3.9	
1995/04/27	4	6	547.21	-15.7	
1995/05/03	3	6	586.25	7.1	
1995/05/04	1	1	567.93	-3.1	
1995/05/10	4	6	580.75	2.3	
1995/05/10	0	0	564.86	-2.7	
1995/05/12	2	2	593.5	5.1	
1995/05/17	3	5	577.14	-2.8	
1995/05/22	3	5	926.41	60.5	
1995/05/26	4	4	781.34	-15.7	
1995/05/26	0	0	672.37	-13.9	
1995/05/31	3	5	690.71	2.7	
1995/06/02	2	2	722.3	4.6	
1995/06/08	4	6	722.17	-0.0	
1995/06/12	2	4	690.4	-4.4	
1995/06/19	5	7	634.81	-8.1	
1995/06/22	3	3	653.92	3.0	
1995/06/27	3	5	659.78	0.9	
1995/07/04	5	7	610.33	-7.5	
1995/07/11	5	7	669.77	9.7	
1995/07/12	1	1	645.83	-3.6	
1995/07/19	5	7	723.68	12.1	
1995/07/20	1	1	681.37	-5.8	
1995/07/24	2	4	716.22	5.1	
1995/07/27	3	3	686.76	-4.1	
1995/08/01	3	5	688.65	0.3	
1995/08/02	1	1	733.86	6.6	
1995/08/08	4	6	728.51	-0.7	
1995/08/09	1	1	704.87	-3.2	
1995/08/14	3	5	788.16	11.8	
1995/08/17	3	3	783.22	-0.6	
1995/08/24	5	7	718.05	-8.3	
1995/08/29	3	5	741.65	3.3	
1995/08/31	2	2	711.11	-4.1	
1995/09/07	5	7	766.03	7.7	
1995/09/12	3	5	792.54	3.5	
1995/09/15	3	3	749.89	-5.4	
1995/09/19	2	4	762.18	1.6	
1995/09/20	1	1	721.0	-5.4	
1995/09/22	2	2	733.81	1.8	
1995/09/25	1	3	717.43	-2.2	
1995/09/28	3	3	699.1	-2.6	
1995/10/04	2	6	725.2	3.7	
1995/10/06	2	2	729.54	0.6	
1995/10/11	3	5	700.69	-4.0	
1995/10/13	2	2	693.86	-1.0	
1995/10/20	5	7	697.56	0.5	
1995/10/23	1	3	729.97	4.6	
1995/10/25	2	2	765.48	4.9	
1995/11/01	5	7	712.27	-7.0	
1995/11/02	1	1	728.35	2.3	
1995/11/07	3	5	736.91	1.2	
1995/11/09	2	2	700.82	-4.9	
1995/11/15	4	6	680.68	-2.9	
1995/11/20	3	5	668.63	-1.8	
1995/11/22	2	2	679.34	1.6	
1995/11/28	4	6	638.31	-6.0	
1995/11/30	2	2	652.62	2.2	
1995/12/01	1	1	624.93	-4.2	
1995/12/07	4	6	627.06	0.3	
1995/12/08	1	1	643.36	2.6	
1995/12/12	2	4	605.09	-5.9	
1995/12/19	5	7	590.9	-2.3	
1995/12/21	2	2	606.69	2.7	
1996/01/03	8	13	530.79	-12.5	
1996/01/05	2	2	561.36	5.8	
1996/01/08	1	3	527.91	-6.0	
1996/01/16	6	8	554.9	5.1	
1996/01/19	3	3	512.83	-7.6	
1996/01/25	4	6	538.96	5.1	
1996/01/26	1	1	515.37	-4.4	
1996/01/31	3	5	538.11	4.4	
1996/02/05	3	5	537.27	-0.2	
1996/02/06	1	1	518.18	-3.6	
1996/02/09	3	3	525.43	1.4	
1996/03/05	7	25	606.51	15.4	
1996/03/07	2	2	558.04	-8.0	
1996/03/11	2	4	575.47	3.1	
1996/03/12	1	1	556.41	-3.3	
1996/03/15	3	3	557.54	0.2	
1996/03/19	2	4	571.13	2.4	
1996/03/21	2	2	574.01	0.5	
1996/03/29	6	8	549.71	-4.2	
1996/04/01	1	3	573.95	4.4	
1996/04/03	2	2	556.23	-3.1	
1996/04/08	3	5	587.6	5.6	
1996/04/12	4	4	593.66	1.0	
1996/04/22	6	10	627.65	5.7	
1996/04/29	5	7	739.1	17.8	
1996/05/03	3	4	644.86	-12.8	
1996/05/07	2	4	682.57	5.8	
1996/05/10	3	3	648.03	-5.1	
1996/05/13	1	3	672.75	3.8	
1996/05/20	5	7	724.97	7.8	
1996/05/24	4	4	630.52	-13.0	
1996/05/29	3	5	652.25	3.4	
1996/05/31	2	2	653.07	0.1	
1996/05/31	0	0	632.25	-3.2	
1996/06/12	8	12	773.87	22.4	
1996/06/14	2	2	790.25	2.1	
1996/06/18	2	4	748.66	-5.3	
1996/06/19	1	1	813.87	8.7	
1996/06/25	4	6	762.52	-6.3	
1996/06/27	2	2	819.68	7.5	
1996/07/02	3	5	753.75	-8.0	
1996/07/10	6	8	825.39	9.5	
1996/07/12	2	2	778.87	-5.6	
1996/07/17	3	5	841.4	8.0	
1996/07/24	5	7	894.72	6.3	
1996/08/01	6	8	814.88	-8.9	
1996/08/09	6	8	857.73	5.3	
1996/08/12	1	3	894.85	4.3	
1996/08/20	6	8	820.76	-8.3	
1996/08/27	5	7	766.7	-6.6	
1996/08/28	1	1	806.35	5.2	
1996/09/03	4	6	818.87	1.6	
1996/09/05	2	2	838.66	2.4	
1996/09/13	6	8	752.68	-10.3	
1996/09/17	2	4	785.11	4.3	
1996/09/19	2	2	754.28	-3.9	
1996/09/24	3	5	865.49	14.7	
1996/10/03	4	9	891.7	3.0	
1996/10/07	2	4	852.83	-4.4	
1996/10/16	7	9	953.4	11.8	
1996/10/18	2	2	968.21	1.6	
1996/10/24	4	6	1020.97	5.4	
1996/10/29	3	5	1038.81	1.7	
1996/11/01	3	3	906.96	-12.7	
1996/11/06	3	5	896.87	-1.1	
1996/11/19	9	13	1047.39	16.8	
1996/11/22	3	3	919.6	-12.2	
1996/12/03	7	11	1177.67	28.1	
1996/12/09	4	6	1250.56	6.2	
1996/12/11	2	2	1258.68	0.6	
1996/12/18	5	7	869.02	-31.0	
1996/12/19	1	1	983.24	13.1	
1996/12/20	1	1	864.25	-12.1	
1996/12/25	3	5	855.84	-1.0	
1996/12/30	3	5	938.54	9.7	
1997/01/07	5	8	871.78	-7.1	
1997/01/13	4	6	931.44	6.8	
1997/01/14	1	1	903.62	-3.0	
1997/01/27	9	13	959.86	6.2	
1997/01/29	2	2	964.01	0.4	
1997/02/18	4	20	999.22	3.7	
1997/02/18	0	0	893.74	-10.6	
1997/02/20	2	2	870.18	-2.6	
1997/02/24	2	4	1032.7	18.7	
1997/02/28	4	4	1010.26	-2.2	
1997/03/06	4	6	1044.23	3.4	
1997/03/13	5	7	1131.73	8.4	
1997/03/14	1	1	1092.7	-3.4	
1997/03/18	2	4	1177.02	7.7	
1997/03/21	3	3	1116.58	-5.1	
1997/03/27	4	6	1228.23	10.0	
1997/03/28	1	1	1199.53	-2.3	
1997/04/02	3	5	1249.57	4.2	
1997/04/03	1	1	1222.55	-2.2	
1997/04/08	3	5	1246.72	2.0	
1997/04/10	2	2	1299.74	4.3	
1997/04/11	1	1	1251.0	-3.7	
1997/04/16	3	5	1338.42	7.0	
1997/04/18	2	2	1305.95	-2.4	
1997/04/24	4	6	1386.51	6.2	
1997/04/29	3	5	1335.75	-3.7	
1997/05/08	5	9	1504.25	12.6	
1997/05/09	1	1	1394.42	-7.3	
1997/05/12	1	3	1510.17	8.3	
1997/05/16	4	4	1287.07	-14.8	
1997/05/21	3	5	1389.6	8.0	
1997/05/26	3	5	1213.24	-12.7	
1997/05/28	2	2	1288.73	6.2	
1997/05/30	2	2	1254.62	-2.6	
1997/06/05	4	6	1369.51	9.2	
1997/06/06	1	1	1254.27	-8.4	
1997/06/11	3	5	1175.7	-6.3	
1997/06/13	2	2	1154.97	-1.8	
1997/06/16	1	3	1269.63	9.9	
1997/06/19	3	3	1227.25	-3.3	
1997/06/23	2	4	1322.98	7.8	
1997/07/02	5	9	1147.33	-13.3	
1997/07/08	4	6	1066.04	-7.1	
1997/07/16	6	8	1204.85	13.0	
1997/07/21	3	5	1218.48	1.1	
1997/07/22	1	1	1163.46	-4.5	
1997/07/23	1	1	1223.82	5.2	
1997/07/29	4	6	1133.17	-7.4	
1997/08/05	5	7	1207.22	6.5	
1997/08/07	2	2	1161.63	-3.8	
1997/08/08	1	1	1216.56	4.7	
1997/08/13	3	5	1118.2	-8.1	
1997/08/15	2	2	1174.88	5.1	
1997/09/09	17	25	1257.92	7.1	
1997/09/10	1	1	1227.64	-2.4	
1997/09/11	1	1	1264.48	3.0	
1997/09/15	2	4	1175.94	-7.0	
1997/09/17	2	2	1162.24	-1.2	
1997/09/22	3	5	1185.1	2.0	
1997/09/23	1	1	1025.13	-13.5	
1997/09/25	2	2	1130.12	10.2	
1997/09/29	2	4	1079.34	-4.5	
1997/10/08	4	9	1140.93	5.7	
1997/10/14	4	6	1105.7	-3.1	
1997/10/22	6	8	1203.01	8.8	
1997/10/22	0	0	1168.45	-2.9	
1997/10/24	2	2	1164.06	-0.4	
1997/10/28	2	4	1241.83	6.7	
1997/10/29	1	1	1162.98	-6.3	
1997/10/31	2	2	1158.73	-0.4	
1997/11/06	4	6	1203.08	3.8	
1997/11/07	1	1	1177.63	-2.1	
1997/11/11	2	4	1168.48	-0.8	
1997/11/13	2	2	1157.29	-1.0	
1997/11/17	2	4	1213.22	4.8	
1997/11/25	6	8	1114.13	-8.2	
1997/11/28	3	3	1114.43	0.0	
1997/12/04	4	6	1119.2	0.4	
1997/12/05	1	1	1144.22	2.2	
1997/12/16	7	11	1174.8	2.7	
1997/12/18	2	2	1138.39	-3.1	
1997/12/23	3	5	1176.92	3.4	
1997/12/29	4	6	1198.97	1.9	
1997/12/30	1	1	1179.55	-1.6	
1998/01/08	5	9	1250.0	6.0	
1998/01/09	1	1	1221.29	-2.3	
1998/01/13	2	4	1110.08	-9.1	
1998/01/16	3	3	1220.97	10.0	
1998/01/20	2	4	1195.38	-2.1	
1998/01/22	2	2	1194.38	-0.1	
1998/02/09	2	18	1262.62	5.7	
1998/02/11	2	2	1233.53	-2.3	
1998/02/12	1	1	1254.41	1.7	
1998/02/19	5	7	1223.93	-2.4	
1998/02/23	2	4	1195.88	-2.3	
1998/02/26	3	3	1189.51	-0.5	
1998/02/27	1	1	1213.72	2.0	
1998/03/02	1	3	1182.61	-2.6	
1998/03/05	3	3	1219.28	3.1	
1998/03/10	3	5	1186.55	-2.7	
1998/03/11	1	1	1210.52	2.0	
1998/03/12	1	1	1175.55	-2.9	
1998/03/18	4	6	1204.74	2.5	
1998/03/23	3	5	1178.04	-2.2	
1998/03/25	2	2	1209.76	2.7	
1998/04/09	11	15	1328.78	9.8	
1998/04/09	0	0	1288.88	-3.0	
1998/04/16	5	7	1326.42	2.9	
1998/04/20	2	4	1286.58	-3.0	
1998/04/23	3	3	1340.25	4.2	
1998/04/27	2	4	1303.48	-2.7	
1998/05/05	5	8	1356.05	4.0	
1998/05/08	3	3	1324.72	-2.3	
1998/05/11	1	3	1368.02	3.3	
1998/05/15	4	4	1379.12	0.8	
1998/05/21	4	6	1350.26	-2.1	
1998/06/01	7	11	1420.55	5.2	
1998/06/04	3	3	1422.97	0.2	
1998/06/05	1	1	1390.63	-2.3	
1998/06/09	2	4	1357.46	-2.4	
1998/06/11	2	2	1346.06	-0.8	
1998/06/15	2	4	1386.98	3.0	
1998/06/16	1	1	1323.52	-4.6	
1998/06/22	4	6	1401.51	5.9	
1998/06/25	3	3	1404.04	0.2	
1998/07/02	5	7	1296.99	-7.6	
1998/07/07	3	5	1307.9	0.8	
1998/07/13	4	6	1362.99	4.2	
1998/07/20	5	7	1278.3	-6.2	
1998/07/24	4	4	1330.49	4.1	
1998/07/29	3	5	1308.26	-1.7	
1998/08/04	4	6	1283.19	-1.9	
1998/08/06	2	2	1312.6	2.3	
1998/08/12	4	6	1158.78	-11.7	
1998/08/18	4	6	1043.02	-10.0	
1998/08/24	4	6	1190.88	14.2	
1998/08/31	5	7	1072.42	-9.9	
1998/09/01	1	1	1163.17	8.5	
1998/09/09	6	8	1162.46	-0.1	
1998/09/17	6	8	1264.39	8.8	
1998/09/21	2	4	1193.82	-5.6	
1998/09/23	2	2	1233.79	3.3	
1998/09/25	2	2	1192.07	-3.4	
1998/09/28	1	3	1239.8	4.0	
1998/10/05	3	7	1246.6	0.5	
1998/10/07	2	2	1207.92	-3.1	
1998/10/13	4	6	1257.35	4.1	
1998/10/16	3	3	1263.71	0.5	
1998/10/22	4	6	1191.55	-5.7	
1998/10/29	5	7	1229.74	3.2	
1998/11/02	2	4	1210.84	-1.5	
1998/11/12	8	10	1295.06	7.0	
1998/11/13	1	1	1271.32	-1.8	
1998/11/17	2	4	1300.15	2.3	
1998/11/23	4	6	1269.09	-2.4	
1998/11/25	2	2	1283.96	1.2	
1998/12/02	5	7	1222.64	-4.8	
1998/12/07	3	5	1207.75	-1.2	
1998/12/11	4	4	1194.06	-1.1	
1998/12/15	2	4	1173.92	-1.7	
1998/12/21	4	6	1150.38	-2.0	
1998/12/23	2	2	1187.91	3.3	
1998/12/28	3	5	1179.0	-0.8	
1998/12/30	2	2	1125.55	-4.5	
1999/01/05	3	6	1104.5	-1.9	
1999/01/11	4	6	1174.42	6.3	
1999/01/18	5	7	1126.7	-4.1	
1999/01/20	2	2	1162.97	3.2	
1999/01/21	1	1	1145.29	-1.5	
1999/01/22	1	1	1168.18	2.0	
1999/01/26	2	4	1132.95	-3.0	
1999/01/28	2	2	1150.57	1.6	
1999/02/02	3	5	1114.79	-3.1	
1999/02/08	4	6	1064.17	-4.5	
1999/03/09	8	29	1145.7	7.7	
1999/03/10	1	1	1127.17	-1.6	
1999/03/15	3	5	1169.69	3.8	
1999/03/17	2	2	1173.04	0.3	
1999/03/18	1	1	1147.56	-2.2	
1999/03/22	2	4	1179.65	2.8	
1999/03/26	4	4	1154.93	-2.1	
1999/03/30	2	4	1173.66	1.6	
1999/03/31	1	1	1150.82	-1.9	
1999/04/09	7	9	1210.1	5.2	
1999/04/13	2	4	1174.13	-3.0	
1999/04/19	4	6	1156.6	-1.5	
1999/04/21	2	2	1173.52	1.5	
1999/04/22	1	1	1110.64	-5.4	
1999/04/28	4	6	1087.79	-2.1	
1999/04/30	2	2	1122.22	3.2	
1999/05/05	2	5	1105.34	-1.5	
1999/05/07	2	2	1131.49	2.4	
1999/05/10	1	3	1065.18	-5.9	
1999/05/17	5	7	1047.83	-1.6	
1999/05/25	6	8	1244.84	18.8	
1999/06/02	6	8	1330.27	6.9	
1999/06/03	1	1	1259.0	-5.4	
1999/06/10	5	7	1382.07	9.8	
1999/06/15	3	5	1477.14	6.9	
1999/06/25	8	10	1705.21	15.4	
1999/06/30	3	5	1756.18	3.0	
1999/07/02	2	2	1532.44	-12.7	
1999/07/09	5	7	1594.57	4.1	
1999/07/13	2	4	1511.43	-5.2	
1999/07/15	2	2	1567.82	3.7	
1999/07/20	3	5	1471.5	-6.1	
1999/07/21	1	1	1626.95	10.6	
1999/07/26	3	5	1607.07	-1.2	
1999/07/29	3	3	1615.74	0.5	
1999/08/05	5	7	1658.69	2.7	
1999/08/06	1	1	1601.84	-3.4	
1999/08/12	4	6	1566.71	-2.2	
1999/08/16	2	4	1546.83	-1.3	
1999/08/17	1	1	1596.15	3.2	
1999/08/20	3	3	1651.17	3.4	
1999/08/24	2	4	1655.14	0.2	
1999/08/26	2	2	1615.85	-2.4	
1999/09/02	5	7	1572.41	-2.7	
1999/09/07	3	5	1556.74	-1.0	
1999/09/10	3	3	1695.64	8.9	
1999/09/23	9	13	1597.11	-5.8	
1999/10/11	7	18	1516.62	-5.0	
1999/10/13	2	2	1544.44	1.8	
1999/10/14	1	1	1494.94	-3.2	
1999/10/15	1	1	1550.7	3.7	
1999/10/21	4	6	1452.7	-6.3	
1999/10/22	1	1	1512.93	4.1	
1999/10/28	4	6	1542.04	1.9	
1999/11/04	5	7	1457.14	-5.5	
1999/11/09	3	5	1479.83	1.6	
1999/11/10	1	1	1436.74	-2.9	
1999/11/16	4	6	1469.59	2.3	
1999/11/17	1	1	1427.35	-2.9	
1999/11/18	1	1	1498.08	5.0	
1999/11/25	5	7	1439.94	-3.9	
1999/11/30	3	5	1429.55	-0.7	
1999/12/02	2	2	1447.8	1.3	
1999/12/06	2	4	1422.72	-1.7	
1999/12/10	4	4	1413.45	-0.7	
1999/12/13	1	3	1430.4	1.2	
1999/12/15	2	2	1461.89	2.2	
1999/12/27	7	12	1341.05	-8.3	
2000/01/11	9	15	1547.7	15.4	
2000/01/14	3	3	1401.7	-9.4	
2000/01/25	7	11	1490.46	6.3	
2000/02/15	5	21	1746.44	17.2	
2000/02/17	2	2	1770.88	1.4	
2000/02/18	1	1	1583.58	-10.6	
2000/02/23	3	5	1586.63	0.2	
2000/02/29	4	6	1733.14	9.2	
2000/03/06	4	6	1762.82	1.7	
2000/03/07	1	1	1654.44	-6.1	
2000/03/10	3	3	1743.13	5.4	
2000/03/14	2	4	1636.89	-6.1	
2000/03/16	2	2	1596.07	-2.5	
2000/03/30	10	14	1811.06	13.5	
2000/04/03	2	4	1816.86	0.3	
2000/04/05	2	2	1746.3	-3.9	
2000/04/10	3	5	1831.85	4.9	
2000/04/12	2	2	1785.32	-2.5	
2000/04/14	2	2	1840.18	3.1	
2000/04/17	1	3	1778.87	-3.3	
2000/04/21	4	4	1858.26	4.5	
2000/04/25	2	4	1815.63	-2.3	
2000/04/28	3	3	1797.71	-1.0	
2000/05/08	1	10	1852.9	3.1	
2000/05/15	5	7	1695.53	-8.5	
2000/05/30	11	15	1908.3	12.5	
2000/06/05	4	6	1930.33	1.2	
2000/06/05	0	0	1889.81	-2.1	
2000/06/07	2	2	1940.22	2.7	
2000/06/12	3	5	1884.61	-2.9	
2000/06/14	2	2	1949.17	3.4	
2000/06/20	4	6	1888.08	-3.1	
2000/06/26	4	6	1953.33	3.5	
2000/06/29	3	3	1924.47	-1.5	
2000/07/04	3	5	1888.24	-1.9	
2000/07/05	1	1	1918.9	1.6	
2000/07/17	8	12	1997.93	4.1	
2000/07/19	2	2	2004.46	0.3	
2000/07/20	1	1	1979.87	-1.2	
2000/07/27	5	7	2024.99	2.3	
2000/08/04	6	8	2041.28	0.8	
2000/08/04	0	0	2013.45	-1.4	
2000/08/22	12	18	2114.52	5.0	
2000/08/23	1	1	1980.34	-6.3	
2000/08/30	5	7	2108.09	6.5	
2000/09/06	5	7	1923.59	-8.8	
2000/09/13	5	7	1995.31	3.7	
2000/09/20	5	7	1892.27	-5.2	
2000/09/25	3	5	1874.21	-1.0	
2000/09/28	3	3	1917.06	2.3	
2000/10/11	4	13	1948.01	1.6	
2000/10/17	4	6	1896.94	-2.6	
2000/10/26	7	9	1980.62	4.4	
2000/10/31	3	5	1979.99	-0.0	
2000/10/31	0	0	1956.41	-1.2	
2000/11/02	2	2	1992.85	1.9	
2000/11/17	11	15	2104.69	5.6	
2000/11/20	1	3	2078.27	-1.3	
2000/11/23	3	3	2125.72	2.3	
2000/11/27	2	4	2031.93	-4.4	
2000/11/29	2	2	2082.9	2.5	
2000/12/05	4	6	2097.28	0.7	
2000/12/07	2	2	2060.72	-1.7	
2000/12/12	3	5	2037.9	-1.1	
2000/12/18	4	6	2024.28	-0.7	
2000/12/21	3	3	2086.93	3.1	
2000/12/25	2	4	2062.03	-1.2	
2000/12/27	2	2	2079.76	0.9	
2000/12/28	1	1	2047.74	-1.5	
2001/01/04	4	7	2127.41	3.9	
2001/01/08	2	4	2131.98	0.2	
2001/01/09	1	1	2082.84	-2.3	
2001/01/11	2	2	2131.36	2.3	
2001/01/16	3	5	2007.7	-5.8	
2001/02/05	4	20	2072.54	3.2	
2001/02/06	1	1	1956.17	-5.6	
2001/02/08	2	2	1926.4	-1.5	
2001/02/13	3	5	1973.99	2.5	
2001/02/16	3	3	1911.87	-3.1	
2001/02/20	2	4	1980.38	3.6	
2001/02/22	2	2	1893.78	-4.4	
2001/03/05	7	11	1993.8	5.3	
2001/03/12	5	7	2015.59	1.1	
2001/03/13	1	1	1992.17	-1.2	
2001/03/15	2	2	2027.33	1.8	
2001/03/23	6	8	2093.94	3.3	
2001/03/26	1	3	2052.05	-2.0	
2001/03/28	2	2	2112.87	3.0	
2001/03/30	2	2	2096.28	-0.8	
2001/04/03	2	4	2129.82	1.6	
2001/04/05	2	2	2081.64	-2.3	
2001/04/18	9	13	2179.74	4.7	
2001/04/19	1	1	2148.3	-1.4	
2001/04/23	2	4	2132.55	-0.7	
2001/04/25	2	2	2170.38	1.8	
2001/04/26	1	1	2102.82	-3.1	
2001/05/17	10	21	2205.01	4.9	
2001/05/18	1	1	2186.64	-0.8	
2001/05/22	2	4	2218.44	1.5	
2001/05/23	1	1	2175.27	-1.9	
2001/05/28	3	5	2171.68	-0.2	
2001/06/07	8	10	2242.69	3.3	
2001/06/11	2	4	2206.63	-1.6	
2001/06/14	3	3	2245.43	1.8	
2001/06/18	2	4	2157.12	-3.9	
2001/06/27	7	9	2237.52	3.7	
2001/06/28	1	1	2213.57	-1.1	
2001/07/03	3	5	2191.68	-1.0	
2001/07/09	4	6	2164.0	-1.3	
2001/07/11	2	2	2192.52	1.3	
2001/07/12	1	1	2153.68	-1.8	
2001/07/16	2	4	2183.51	1.4	
2001/07/17	1	1	2121.28	-2.8	
2001/07/23	4	6	2185.85	3.0	
2001/07/31	6	8	1909.29	-12.7	
2001/08/02	2	2	1990.69	4.3	
2001/08/07	3	5	1861.77	-6.5	
2001/08/13	4	6	1963.13	5.4	
2001/08/14	1	1	1924.26	-2.0	
2001/08/17	3	3	1909.67	-0.8	
2001/08/21	2	4	1947.4	2.0	
2001/08/23	2	2	1869.49	-4.0	
2001/08/28	3	5	1795.56	-4.0	
2001/09/03	4	6	1813.36	1.0	
2001/09/05	2	2	1888.9	4.2	
2001/09/10	3	5	1774.83	-6.0	
2001/09/11	1	1	1871.13	5.4	
2001/09/18	5	7	1780.04	-4.9	
2001/09/20	2	2	1836.78	3.2	
2001/09/27	5	7	1750.76	-4.7	
2001/10/12	6	15	1598.79	-8.7	
2001/10/15	1	3	1703.58	6.6	
2001/10/22	5	7	1514.86	-11.1	
2001/10/24	2	2	1744.92	15.2	
2001/10/26	2	2	1651.52	-5.4	
2001/10/30	2	4	1704.48	3.2	
2001/10/31	1	1	1655.88	-2.9	
2001/11/01	1	1	1717.73	3.7	
2001/11/08	5	7	1550.46	-9.7	
2001/11/16	6	8	1734.67	11.9	
2001/11/23	5	7	1721.97	-0.7	
2001/11/26	1	3	1696.0	-1.5	
2001/12/06	8	10	1737.06	2.4	
2001/12/18	8	12	1660.5	-4.4	
2001/12/19	1	1	1693.18	2.0	
2001/12/25	4	6	1593.03	-5.9	
2001/12/27	2	2	1644.41	3.2	
2001/12/31	2	4	1649.8	0.3	
2002/01/10	5	10	1523.66	-7.6	
2002/01/23	9	13	1346.17	-11.6	
2002/01/24	1	1	1478.54	9.8	
2002/01/29	3	5	1339.2	-9.4	
2002/02/05	5	7	1522.32	13.7	
2002/02/07	2	2	1481.07	-2.7	
2002/02/25	2	18	1544.57	4.3	
2002/02/27	2	2	1544.92	0.0	
2002/03/04	3	5	1494.83	-3.2	
2002/03/12	6	8	1672.04	11.9	
2002/03/15	3	3	1676.51	0.3	
2002/03/18	1	3	1610.99	-3.9	
2002/03/21	3	3	1693.87	5.1	
2002/03/22	1	1	1659.52	-2.0	
2002/03/27	3	5	1635.82	-1.4	
2002/04/02	4	6	1575.97	-3.7	
2002/04/05	3	3	1657.09	5.1	
2002/04/11	4	6	1680.3	1.4	
2002/04/19	6	8	1603.96	-4.5	
2002/04/25	4	6	1603.64	-0.0	
2002/04/30	3	5	1673.75	4.4	
2002/05/20	9	20	1529.35	-8.6	
2002/05/21	1	1	1599.11	4.6	
2002/05/24	3	3	1544.42	-3.4	
2002/05/30	4	6	1506.54	-2.5	
2002/06/06	5	7	1455.31	-3.4	
2002/06/07	1	1	1540.82	5.9	
2002/06/17	6	10	1481.25	-3.9	
2002/06/18	1	1	1527.77	3.1	
2002/06/25	5	7	1748.89	14.5	
2002/06/28	3	3	1747.23	-0.1	
2002/07/02	2	4	1698.83	-2.8	
2002/07/05	3	3	1704.19	0.3	
2002/07/09	2	4	1741.92	2.2	
2002/07/11	2	2	1689.22	-3.0	
2002/07/15	2	4	1685.54	-0.2	
2002/07/17	2	2	1680.2	-0.3	
2002/07/19	2	2	1714.09	2.0	
2002/07/29	6	10	1647.27	-3.9	
2002/07/30	1	1	1672.12	1.5	
2002/08/01	2	2	1639.22	-2.0	
2002/08/06	3	5	1679.81	2.5	
2002/08/06	0	0	1649.89	-1.8	
2002/08/12	4	6	1633.09	-1.0	
2002/08/14	2	2	1647.09	0.9	
2002/08/16	2	2	1652.98	0.4	
2002/08/16	0	0	1624.05	-1.8	
2002/08/22	4	6	1696.28	4.4	
2002/08/26	2	4	1668.82	-1.6	
2002/08/28	2	2	1683.51	0.9	
2002/09/02	3	5	1663.17	-1.2	
2002/09/03	1	1	1680.28	1.0	
2002/09/09	4	6	1617.01	-3.8	
2002/09/11	2	2	1605.98	-0.7	
2002/09/12	1	1	1631.67	1.6	
2002/09/19	5	7	1623.65	-0.5	
2002/09/19	0	0	1585.07	-2.4	
2002/10/14	11	25	1509.14	-4.8	
2002/10/16	2	2	1548.53	2.6	
2002/10/18	2	2	1500.54	-3.1	
2002/10/22	2	4	1553.86	3.6	
2002/10/29	5	7	1488.68	-4.2	
2002/10/31	2	2	1521.87	2.2	
2002/11/01	1	1	1498.21	-1.6	
2002/11/05	2	4	1565.23	4.5	
2002/11/08	3	3	1573.1	0.5	
2002/11/22	10	14	1375.54	-12.6	
2002/11/27	3	5	1353.14	-1.6	
2002/11/29	2	2	1450.19	7.2	
2002/12/03	2	4	1388.51	-4.3	
2002/12/04	1	1	1432.9	3.2	
2002/12/11	5	7	1367.31	-4.6	
2002/12/18	5	7	1424.48	4.2	
2002/12/19	1	1	1402.64	-1.5	
2002/12/23	2	4	1439.85	2.7	
2003/01/06	9	14	1311.68	-8.9	
2003/01/10	4	4	1411.37	7.6	
2003/01/17	5	7	1492.72	5.8	
2003/01/22	3	5	1446.35	-3.1	
2003/01/29	5	7	1508.59	4.3	
2003/02/11	2	13	1476.87	-2.1	
2003/02/13	2	2	1519.29	2.9	
2003/02/18	3	5	1488.83	-2.0	
2003/02/20	2	2	1517.77	1.9	
2003/02/24	2	4	1474.47	-2.9	
2003/02/27	3	3	1524.75	3.4	
2003/02/28	1	1	1501.42	-1.5	
2003/03/04	2	4	1529.75	1.9	
2003/03/12	6	8	1458.5	-4.7	
2003/03/13	1	1	1477.86	1.3	
2003/03/17	2	4	1453.37	-1.7	
2003/03/18	1	1	1478.99	1.8	
2003/03/19	1	1	1452.59	-1.8	
2003/03/25	4	6	1478.41	1.8	
2003/03/27	2	2	1447.01	-2.1	
2003/04/02	4	6	1525.77	5.4	
2003/04/04	2	2	1509.61	-1.1	
2003/04/07	1	3	1530.37	1.4	
2003/04/09	2	2	1510.34	-1.3	
2003/04/16	5	7	1649.6	9.2	
2003/04/17	1	1	1595.63	-3.3	
2003/04/21	2	4	1557.12	-2.4	
2003/04/28	5	7	1473.27	-5.4	
2003/04/30	2	2	1539.57	4.5	
2003/05/14	3	14	1477.25	-4.0	
2003/05/19	3	5	1563.11	5.8	
2003/05/22	3	3	1522.19	-2.6	
2003/05/28	4	6	1576.62	3.6	
2003/05/29	1	1	1543.34	-2.1	
2003/05/30	1	1	1581.61	2.5	
2003/06/03	2	4	1582.41	0.1	
2003/06/04	1	1	1546.62	-2.3	
2003/06/09	3	5	1527.83	-1.2	
2003/06/13	4	4	1572.41	2.9	
2003/06/17	2	4	1552.43	-1.3	
2003/06/26	7	9	1517.21	-2.3	
2003/06/26	0	0	1486.08	-2.1	
2003/07/02	4	6	1477.87	-0.6	
2003/07/07	3	5	1490.97	0.9	
2003/07/08	1	1	1513.55	1.5	
2003/07/11	3	3	1535.97	1.5	
2003/07/15	2	4	1516.89	-1.2	
2003/07/17	2	2	1540.19	1.5	
2003/07/21	2	4	1483.57	-3.7	
2003/07/28	5	7	1464.87	-1.3	
2003/07/30	2	2	1483.07	1.2	
2003/08/01	2	2	1464.98	-1.2	
2003/08/07	4	6	1497.1	2.2	
2003/08/11	2	4	1462.72	-2.3	
2003/08/18	5	7	1442.48	-1.4	
2003/08/20	2	2	1432.75	-0.7	
2003/08/26	4	6	1417.83	-1.0	
2003/08/29	3	3	1406.68	-0.8	
2003/09/02	2	4	1456.55	3.5	
2003/09/18	12	16	1383.4	-5.0	
2003/09/23	3	5	1372.85	-0.8	
2003/09/24	1	1	1396.94	1.8	
2003/09/30	4	6	1348.22	-3.5	
2003/10/13	4	13	1411.88	4.7	
2003/10/21	6	8	1350.21	-4.4	
2003/10/23	2	2	1407.39	4.2	
2003/10/31	6	8	1334.78	-5.2	
2003/11/04	2	4	1412.91	5.9	
2003/11/10	4	6	1322.05	-6.4	
2003/11/13	3	3	1307.4	-1.1	
2003/11/25	8	12	1423.58	8.9	
2003/11/28	3	3	1385.82	-2.7	
2003/12/03	3	5	1462.07	5.5	
2003/12/08	3	5	1459.48	-0.2	
2003/12/09	1	1	1429.06	-2.1	
2003/12/11	2	2	1475.38	3.2	
2003/12/16	3	5	1441.06	-2.3	
2003/12/17	1	1	1480.43	2.7	
2003/12/19	2	2	1429.71	-3.4	
2003/12/25	4	6	1525.3	6.7	
2003/12/31	4	6	1491.25	-2.2	
2004/01/12	7	12	1573.77	5.5	
2004/01/13	1	1	1627.49	3.4	
2004/01/16	3	3	1579.24	-3.0	
2004/02/02	3	17	1650.29	4.5	
2004/02/02	0	0	1585.96	-3.9	
2004/02/06	4	4	1705.91	7.6	
2004/02/10	2	4	1715.46	0.6	
2004/02/11	1	1	1660.01	-3.2	
2004/02/13	2	2	1653.24	-0.4	
2004/02/19	4	6	1728.02	4.5	
2004/02/23	2	4	1730.28	0.1	
2004/02/26	3	3	1628.84	-5.9	
2004/03/02	3	5	1694.81	4.1	
2004/03/04	2	2	1642.63	-3.1	
2004/03/09	3	5	1634.71	-0.5	
2004/03/18	7	9	1755.1	7.4	
2004/03/19	1	1	1710.84	-2.5	
2004/03/22	1	3	1760.08	2.9	
2004/03/30	6	8	1711.66	-2.8	
2004/04/07	6	8	1783.01	4.2	
2004/04/12	3	5	1702.4	-4.5	
2004/04/16	4	4	1656.3	-2.7	
2004/05/11	12	25	1545.63	-6.7	
2004/05/13	2	2	1606.07	3.9	
2004/05/18	3	5	1526.24	-5.0	
2004/05/19	1	1	1575.38	3.2	
2004/05/26	5	7	1508.65	-4.2	
2004/05/28	2	2	1561.0	3.5	
2004/06/02	3	5	1580.57	1.3	
2004/06/10	6	8	1456.32	-7.9	
2004/06/11	1	1	1499.46	3.0	
2004/06/14	1	3	1431.31	-4.5	
2004/06/16	2	2	1491.69	4.2	
2004/06/18	2	2	1411.03	-5.4	
2004/06/22	2	4	1456.13	3.2	
2004/06/29	5	7	1376.22	-5.5	
2004/07/02	3	3	1447.61	5.2	
2004/07/06	2	4	1466.78	1.3	
2004/07/08	2	2	1426.95	-2.7	
2004/07/09	1	1	1451.75	1.7	
2004/07/14	3	5	1378.91	-5.0	
2004/07/19	3	5	1465.84	6.3	
2004/07/28	7	9	1366.5	-6.8	
2004/07/30	2	2	1409.12	3.1	
2004/08/03	2	4	1363.69	-3.2	
2004/08/04	1	1	1424.55	4.5	
2004/08/10	4	6	1404.72	-1.4	
2004/08/12	2	2	1357.08	-3.4	
2004/08/17	3	5	1344.81	-0.9	
2004/08/18	1	1	1371.23	2.0	
2004/08/24	4	6	1317.56	-3.9	
2004/08/30	4	6	1310.02	-0.6	
2004/08/31	1	1	1360.75	3.9	
2004/09/02	2	2	1303.19	-4.2	
2004/09/13	7	11	1259.43	-3.4	
2004/09/21	6	8	1467.54	16.5	
2004/09/23	2	2	1408.61	-4.0	
2004/09/24	1	1	1496.21	6.2	
2004/09/28	2	4	1416.6	-5.3	
2004/10/08	3	10	1373.93	-3.0	
2004/10/11	1	3	1437.57	4.6	
2004/10/15	4	4	1312.55	-8.7	
2004/10/19	2	4	1361.81	3.8	
2004/10/22	3	3	1294.04	-5.0	
2004/10/25	1	3	1346.88	4.1	
2004/10/26	1	1	1289.87	-4.2	
2004/10/28	2	2	1356.63	5.2	
2004/10/29	1	1	1304.07	-3.9	
2004/11/02	2	4	1290.99	-1.0	
2004/11/04	2	2	1338.26	3.7	
2004/11/08	2	4	1292.91	-3.4	
2004/11/11	3	3	1379.86	6.7	
2004/11/16	3	5	1376.19	-0.3	
2004/11/17	1	1	1350.52	-1.9	
2004/11/22	3	5	1387.34	2.7	
2004/11/25	3	3	1348.41	-2.8	
2004/11/30	3	5	1332.29	-1.2	
2004/12/02	2	2	1324.55	-0.6	
2004/12/03	1	1	1343.71	1.4	
2004/12/09	4	6	1352.45	0.7	
2004/12/13	2	4	1299.8	-3.9	
2004/12/15	2	2	1317.82	1.4	
2004/12/15	0	0	1291.85	-2.0	
2004/12/21	4	6	1271.03	-1.6	
2004/12/23	2	2	1308.59	3.0	
2004/12/30	5	7	1264.15	-3.4	
2005/01/11	7	12	1260.87	-0.3	
2005/01/14	3	3	1268.86	0.6	
2005/01/18	2	4	1207.05	-4.9	
2005/01/21	3	3	1189.21	-1.5	
2005/01/24	1	3	1265.95	6.5	
2005/02/01	6	8	1187.26	-6.2	
2005/02/16	4	15	1291.46	8.8	
2005/02/18	2	2	1258.56	-2.5	
2005/02/23	3	5	1316.59	4.6	
2005/02/25	2	2	1328.53	0.9	
2005/03/02	3	5	1316.72	-0.9	
2005/03/03	1	1	1276.88	-3.0	
2005/03/09	4	6	1326.08	3.9	
2005/03/24	11	15	1187.58	-10.4	
2005/03/28	2	4	1185.46	-0.2	
2005/03/31	3	3	1162.03	-2.0	
2005/04/01	1	1	1237.8	6.5	
2005/04/06	3	5	1183.91	-4.4	
2005/04/11	3	5	1252.81	5.8	
2005/04/12	1	1	1218.51	-2.7	
2005/04/13	1	1	1254.32	2.9	
2005/04/18	3	5	1190.98	-5.0	
2005/04/25	5	7	1146.41	-3.7	
2005/04/28	3	3	1172.71	2.3	
2005/04/28	0	0	1135.73	-3.2	
2005/05/10	3	12	1108.42	-2.4	
2005/05/16	4	6	1082.14	-2.4	
2005/05/18	2	2	1108.84	2.5	
2005/05/19	1	1	1083.11	-2.3	
2005/05/24	3	5	1057.54	-2.4	
2005/05/30	4	6	1043.28	-1.3	
2005/05/31	1	1	1070.5	2.6	
2005/06/06	4	6	998.23	-6.8	
2005/06/09	3	3	1146.42	14.8	
2005/06/13	2	4	1085.87	-5.3	
2005/06/16	3	3	1064.03	-2.0	
2005/06/20	2	4	1115.86	4.9	
2005/06/24	4	4	1087.69	-2.5	
2005/06/27	1	3	1129.96	3.9	
2005/07/04	5	7	1030.18	-8.8	
2005/07/06	2	2	1028.22	-0.2	
2005/07/12	4	6	1048.92	2.0	
2005/07/12	0	0	1004.08	-4.3	
2005/07/14	2	2	1049.88	4.6	
2005/07/19	3	5	1004.66	-4.3	
2005/07/20	1	1	1025.1	2.0	
2005/07/22	2	2	1054.64	2.9	
2005/07/28	4	6	1097.63	4.1	
2005/08/03	4	6	1120.68	2.1	
2005/08/12	7	9	1192.05	6.4	
2005/08/18	4	6	1201.76	0.8	
2005/08/19	1	1	1132.86	-5.7	
2005/08/26	5	7	1174.54	3.7	
2005/08/31	3	5	1140.1	-2.9	
2005/09/06	4	6	1201.82	5.4	
2005/09/07	1	1	1168.58	-2.8	
2005/09/09	2	2	1204.46	3.1	
2005/09/12	1	3	1181.43	-1.9	
2005/09/15	3	3	1218.94	3.2	
2005/09/20	3	5	1223.56	0.4	
2005/09/22	2	2	1147.19	-6.2	
2005/09/28	4	6	1129.05	-1.6	
2005/09/30	2	2	1158.7	2.6	
2005/10/11	2	11	1133.9	-2.1	
2005/10/12	1	1	1165.67	2.8	
2005/10/17	3	5	1121.97	-3.7	
2005/10/19	2	2	1150.59	2.6	
2005/10/20	1	1	1119.38	-2.7	
2005/10/28	6	8	1067.41	-4.6	
2005/11/03	4	6	1111.44	4.1	
2005/11/04	1	1	1087.84	-2.1	
2005/11/09	3	5	1117.06	2.7	
2005/11/11	2	2	1078.58	-3.4	
2005/11/15	2	4	1099.03	1.9	
2005/11/16	1	1	1075.43	-2.1	
2005/11/21	3	5	1122.88	4.4	
2005/11/23	2	2	1093.95	-2.6	
2005/11/28	3	5	1119.34	2.3	
2005/11/30	2	2	1090.72	-2.6	
2005/12/06	4	6	1074.01	-1.5	
2005/12/15	7	9	1134.85	5.7	
2005/12/21	4	6	1142.39	0.7	
2005/12/22	1	1	1125.95	-1.4	
2005/12/26	2	4	1159.78	3.0	
2006/01/13	12	18	1231.22	6.2	
2006/01/17	2	4	1198.84	-2.6	
2006/01/20	3	3	1258.7	5.0	
2006/01/24	2	4	1262.09	0.3	
2006/02/07	3	14	1297.4	2.8	
2006/02/10	3	3	1266.22	-2.4	
2006/02/15	3	5	1300.99	2.7	
2006/02/17	2	2	1265.14	-2.8	
2006/02/21	2	4	1256.81	-0.7	
2006/02/22	1	1	1297.94	3.3	
2006/02/27	3	5	1304.61	0.5	
2006/02/28	1	1	1277.74	-2.1	
2006/03/01	1	1	1308.2	2.4	
2006/03/03	2	2	1275.62	-2.5	
2006/03/08	3	5	1238.16	-2.9	
2006/03/16	6	8	1277.19	3.2	
2006/03/20	2	4	1264.41	-1.0	
2006/03/21	1	1	1297.61	2.6	
2006/03/24	3	3	1308.06	0.8	
2006/03/27	1	3	1283.68	-1.9	
2006/03/29	2	2	1313.13	2.3	
2006/03/31	2	2	1285.73	-2.1	
2006/04/06	4	6	1348.52	4.9	
2006/04/11	3	5	1366.52	1.3	
2006/04/14	3	3	1328.44	-2.8	
2006/04/24	6	10	1429.06	7.6	
2006/04/28	4	4	1389.35	-2.8	
2006/05/16	7	18	1678.6	20.8	
2006/05/18	2	2	1582.96	-5.7	
2006/05/22	2	4	1674.22	5.8	
2006/05/24	2	2	1562.39	-6.7	
2006/06/02	7	9	1695.58	8.5	
2006/06/08	4	6	1540.93	-9.1	
2006/06/12	2	4	1529.5	-0.7	
2006/06/14	2	2	1512.52	-1.1	
2006/06/21	5	7	1617.71	7.0	
2006/06/27	4	6	1642.57	1.5	
2006/07/05	6	8	1757.47	7.0	
2006/07/12	5	7	1753.28	-0.2	
2006/07/14	2	2	1633.9	-6.8	
2006/07/18	2	4	1684.67	3.1	
2006/07/20	2	2	1636.26	-2.9	
2006/07/24	2	4	1632.69	-0.2	
2006/07/27	3	3	1701.61	4.2	
2006/08/02	4	6	1577.9	-7.3	
2006/08/04	2	2	1612.1	2.2	
2006/08/07	1	3	1541.41	-4.4	
2006/08/14	5	7	1611.66	4.6	
2006/08/15	1	1	1564.4	-2.9	
2006/08/16	1	1	1616.45	3.3	
2006/08/21	3	5	1558.1	-3.6	
2006/08/29	6	8	1667.53	7.0	
2006/09/01	3	3	1634.03	-2.0	
2006/09/07	4	6	1683.89	3.1	
2006/09/07	0	0	1655.41	-1.7	
2006/09/11	2	4	1653.01	-0.1	
2006/09/13	2	2	1713.99	3.7	
2006/09/14	1	1	1672.88	-2.4	
2006/09/19	3	5	1743.02	4.2	
2006/09/22	3	3	1746.61	0.2	
2006/09/26	2	4	1704.77	-2.4	
2006/10/10	5	14	1793.14	5.2	
2006/10/13	3	3	1792.87	-0.0	
2006/10/17	2	4	1758.31	-1.9	
2006/10/20	3	3	1801.33	2.4	
2006/10/23	1	3	1753.49	-2.7	
2006/10/25	2	2	1825.61	4.1	
2006/10/27	2	2	1842.73	0.9	
2006/10/30	1	3	1788.29	-3.0	
2006/11/07	6	8	1897.41	6.1	
2006/11/09	2	2	1858.59	-2.0	
2006/11/10	1	1	1920.18	3.3	
2006/11/14	2	4	1841.82	-4.1	
2006/11/16	2	2	1976.05	7.3	
2006/11/23	5	7	2071.24	4.8	
2006/11/29	4	6	1992.54	-3.8	
2006/12/05	4	6	2195.53	10.2	
2006/12/06	1	1	2097.42	-4.5	
2006/12/11	3	5	2084.27	-0.6	
2006/12/19	6	8	2381.63	14.3	
2006/12/21	2	2	2386.82	0.2	
2006/12/22	1	1	2321.92	-2.7	
2007/01/04	6	13	2847.61	22.6	
2007/01/10	4	6	2841.74	-0.2	
2007/01/12	2	2	2652.58	-6.7	
2007/01/17	3	5	2870.42	8.2	
2007/01/18	1	1	2679.71	-6.6	
2007/01/24	4	6	2994.28	11.7	
2007/01/26	2	2	2720.83	-9.1	
2007/01/30	2	4	2980.51	9.5	
2007/02/06	5	7	2541.52	-14.7	
2007/02/08	2	2	2751.16	8.2	
2007/02/27	8	19	3049.77	10.9	
2007/02/28	1	1	2732.88	-10.4	
2007/03/05	3	5	2723.06	-0.4	
2007/03/09	4	4	2962.42	8.8	
2007/03/13	2	4	2966.19	0.1	
2007/03/14	1	1	2868.81	-3.3	
2007/03/19	3	5	3038.0	5.9	
2007/03/19	0	0	2852.86	-6.1	
2007/03/22	3	3	3099.82	8.7	
2007/03/23	1	1	3008.15	-3.0	
2007/03/28	3	5	3052.08	1.5	
2007/03/29	1	1	3273.73	7.3	
2007/04/18	14	20	3623.87	10.7	
2007/04/19	1	1	3358.93	-7.3	
2007/05/10	10	21	4072.14	21.2	
2007/05/14	2	4	4081.43	0.2	
2007/05/16	2	2	3845.23	-5.8	
2007/05/21	3	5	3892.98	1.2	
2007/05/24	3	3	4208.39	8.1	
2007/05/29	3	5	4335.96	3.0	
2007/05/31	2	2	3858.04	-11.0	
2007/06/05	3	5	3404.15	-11.8	
2007/06/13	6	8	4193.45	23.2	
2007/06/15	2	2	4067.36	-3.0	
2007/06/20	3	5	4312.0	6.0	
2007/06/26	4	6	3818.85	-11.4	
2007/06/28	2	2	4113.28	7.7	
2007/07/02	2	4	3724.19	-9.5	
2007/07/04	2	2	3916.48	5.2	
2007/07/06	2	2	3563.54	-9.0	
2007/07/10	2	4	3929.42	10.3	
2007/07/13	3	3	3935.51	0.2	
2007/07/17	2	4	3767.22	-4.3	
2007/07/18	1	1	3971.61	5.4	
2007/07/26	6	8	4371.51	10.1	
2007/08/01	4	6	4502.3	3.0	
2007/08/01	0	0	4284.87	-4.8	
2007/08/15	10	14	4916.31	14.7	
2007/08/17	2	2	4646.43	-5.5	
2007/08/28	7	11	5209.51	12.1	
2007/09/04	5	7	5357.93	2.8	
2007/09/05	1	1	5223.67	-2.5	
2007/09/06	1	1	5412.32	3.6	
2007/09/12	4	6	5025.34	-7.1	
2007/09/18	4	6	5458.58	8.6	
2007/09/25	5	7	5509.23	0.9	
2007/09/27	2	2	5306.82	-3.7	
2007/10/08	2	11	5729.96	8.0	
2007/10/12	4	4	5658.81	-1.2	
2007/10/16	2	4	6124.04	8.2	
2007/10/23	5	7	5574.84	-9.0	
2007/10/24	1	1	5906.69	6.0	
2007/10/26	2	2	5462.01	-7.5	
2007/11/01	4	6	6005.13	9.9	
2007/11/12	7	11	5032.58	-16.2	
2007/11/15	3	3	5453.74	8.4	
2007/11/20	3	5	5158.54	-5.4	
2007/11/21	1	1	5344.93	3.6	
2007/11/23	2	2	4896.99	-8.4	
2007/11/28	3	5	4778.73	-2.4	
2007/11/29	1	1	5011.19	4.9	
2007/12/03	2	4	4798.01	-4.3	
2007/12/10	5	7	4990.72	4.0	
2007/12/11	1	1	5209.71	4.4	
2007/12/14	3	3	4860.16	-6.7	
2007/12/18	2	4	4812.16	-1.0	
2007/12/24	4	6	5284.34	9.8	
2007/12/28	4	4	5336.5	1.0	
2008/01/02	1	5	5201.89	-2.5	
2008/01/08	4	6	5480.07	5.3	
2008/01/14	4	6	5522.78	0.8	
2008/01/17	3	3	5039.79	-8.7	
2008/01/23	4	6	4510.5	-10.5	
2008/01/25	2	2	4806.89	6.6	
2008/01/30	3	5	4330.7	-9.9	
2008/02/01	2	2	4195.75	-3.1	
2008/02/04	1	3	4672.21	11.4	
2008/02/15	4	11	4431.46	-5.2	
2008/02/20	3	5	4695.8	6.0	
2008/02/26	4	6	4123.31	-12.2	
2008/03/04	5	7	4472.15	8.5	
2008/03/05	1	1	4210.96	-5.8	
2008/03/11	4	6	4063.47	-3.5	
2008/03/12	1	1	4272.98	5.2	
2008/03/18	4	6	3607.25	-15.6	
2008/03/20	2	2	3516.33	-2.5	
2008/03/25	3	5	3521.53	0.1	
2008/03/28	3	3	3357.23	-4.7	
2008/04/03	4	6	3271.29	-2.6	
2008/04/08	2	5	3656.96	11.8	
2008/04/10	2	2	3344.87	-8.5	
2008/04/15	3	5	3212.15	-4.0	
2008/04/22	5	7	2990.79	-6.9	
2008/04/25	3	3	3658.55	22.3	
2008/04/29	2	4	3453.28	-5.6	
2008/05/06	3	7	3786.02	9.6	
2008/05/08	2	2	3523.02	-6.9	
2008/05/13	3	5	3508.32	-0.4	
2008/05/15	2	2	3706.72	5.7	
2008/05/21	4	6	3355.08	-9.5	
2008/05/27	4	6	3333.95	-0.6	
2008/05/28	1	1	3486.33	4.6	
2008/06/02	3	5	3483.61	-0.1	
2008/06/18	11	16	2945.42	-15.4	
2008/06/18	0	0	2729.71	-7.3	
2008/06/20	2	2	2695.63	-1.2	
2008/06/26	4	6	2931.31	8.7	
2008/07/03	5	7	2566.53	-12.4	
2008/07/10	5	7	2952.04	15.0	
2008/07/11	1	1	2821.31	-4.4	
2008/07/15	2	4	2896.33	2.7	
2008/07/16	1	1	2656.61	-8.3	
2008/07/24	6	8	2912.7	9.6	
2008/07/28	2	4	2924.45	0.4	
2008/08/01	4	4	2721.95	-6.9	
2008/08/06	3	5	2678.86	-1.6	
2008/08/13	5	7	2370.74	-11.5	
2008/08/15	2	2	2476.86	4.5	
2008/08/19	2	4	2284.58	-7.8	
2008/08/20	1	1	2523.47	10.5	
2008/08/27	5	7	2310.46	-8.4	
2008/08/29	2	2	2420.85	4.8	
2008/09/03	3	5	2248.07	-7.1	
2008/09/18	10	15	1802.33	-19.8	
2008/09/22	2	4	2269.73	25.9	
2008/09/24	2	2	2116.96	-6.7	
2008/09/25	1	1	2333.28	10.2	
2008/10/08	4	13	2059.09	-11.8	
2008/10/13	3	5	1931.47	-6.2	
2008/10/14	1	1	2146.73	11.1	
2008/10/16	2	2	1901.5	-11.4	
2008/10/20	2	4	1890.92	-0.6	
2008/10/21	1	1	1996.66	5.6	
2008/10/28	5	7	1664.93	-16.6	
2008/11/04	5	7	1678.96	0.8	
2008/11/05	1	1	1788.26	6.5	
2008/11/07	2	2	1680.6	-6.0	
2008/11/11	2	4	1887.8	12.3	
2008/11/18	5	7	2050.88	8.6	
2008/11/19	1	1	1883.83	-8.1	
2008/11/25	4	6	1858.17	-1.4	
2008/11/27	2	2	2022.48	8.8	
2008/12/01	2	4	1838.1	-9.1	
2008/12/04	3	3	2055.21	11.8	
2008/12/09	3	5	2100.81	2.2	
2008/12/10	1	1	2005.56	-4.5	
2008/12/12	2	2	1932.27	-3.7	
2008/12/16	2	4	1907.83	-1.3	
2008/12/19	3	3	2038.66	6.9	
2008/12/25	4	6	1832.35	-10.1	
2008/12/29	2	4	1815.41	-0.9	
2008/12/31	2	2	1814.75	-0.0	
2009/01/07	3	7	1948.23	7.4	
2009/01/08	1	1	1862.26	-4.4	
2009/01/12	2	4	1924.44	3.3	
2009/01/13	1	1	1861.81	-3.3	
2009/01/19	4	6	2018.51	8.4	
2009/01/22	3	3	2009.85	-0.4	
2009/02/11	9	20	2305.71	14.7	
2009/02/12	1	1	2191.89	-4.9	
2009/02/17	3	5	2402.81	9.6	
2009/02/19	2	2	2190.47	-8.8	
2009/02/23	2	4	2313.59	5.6	
2009/03/03	6	8	2037.02	-12.0	
2009/03/05	2	2	2241.76	10.1	
2009/03/10	3	5	2088.16	-6.9	
2009/03/12	2	2	2086.02	-0.1	
2009/03/24	8	12	2369.45	13.6	
2009/03/26	2	2	2274.9	-4.0	
2009/03/27	1	1	2392.77	5.2	
2009/03/31	2	4	2299.16	-3.9	
2009/04/03	3	3	2456.81	6.9	
2009/04/09	3	6	2331.88	-5.1	
2009/04/16	5	7	2549.31	9.3	
2009/04/17	1	1	2481.9	-2.6	
2009/04/20	1	3	2559.04	3.1	
2009/04/22	2	2	2579.22	0.8	
2009/04/23	1	1	2422.79	-6.1	
2009/04/28	3	5	2372.34	-2.1	
2009/05/11	8	13	2663.95	12.3	
2009/05/12	1	1	2558.96	-3.9	
2009/05/13	1	1	2670.21	4.3	
2009/05/18	3	5	2589.61	-3.0	
2009/05/19	1	1	2688.11	3.8	
2009/05/25	4	6	2538.62	-5.6	
2009/06/03	5	9	2778.68	9.5	
2009/06/08	3	5	2795.15	0.6	
2009/06/09	1	1	2721.85	-2.6	
2009/06/11	2	2	2828.74	3.9	
2009/06/12	1	1	2722.22	-3.8	
2009/06/23	7	11	2941.05	8.0	
2009/06/23	0	0	2841.9	-3.4	
2009/06/25	2	2	2946.9	3.7	
2009/07/07	8	12	3130.07	6.2	
2009/07/08	1	1	3011.21	-3.8	
2009/07/10	2	2	3140.04	4.3	
2009/07/16	4	6	3221.07	2.6	
2009/07/29	9	13	3454.02	7.2	
2009/07/29	0	0	3174.21	-8.1	
2009/08/04	4	6	3478.01	9.6	
2009/08/10	4	6	3201.06	-8.0	
2009/08/19	7	9	2761.4	-13.7	
2009/08/24	3	5	3004.9	8.8	
2009/08/25	1	1	2823.64	-6.0	
2009/09/01	5	7	2639.76	-6.5	
2009/09/09	6	8	2962.29	12.2	
2009/09/15	4	6	3050.43	3.0	
2009/09/16	1	1	2960.59	-2.9	
2009/09/18	2	2	3068.03	3.6	
2009/09/21	1	3	2871.65	-6.4	
2009/09/24	3	3	2783.11	-3.1	
2009/09/29	3	5	2712.3	-2.5	
2009/10/15	6	16	3014.26	11.1	
2009/10/16	1	1	2931.92	-2.7	
2009/10/21	3	5	3105.51	5.9	
2009/10/22	1	1	3045.03	-1.9	
2009/10/23	1	1	3123.46	2.6	
2009/10/29	4	6	2952.01	-5.5	
2009/11/02	2	4	2923.52	-1.0	
2009/11/06	4	4	3183.57	8.9	
2009/11/10	2	4	3211.1	0.9	
2009/11/13	3	3	3127.5	-2.6	
2009/11/24	7	11	3361.39	7.5	
2009/11/27	3	3	3080.89	-8.3	
2009/12/02	3	5	3278.27	6.4	
2009/12/04	2	2	3214.84	-1.9	
2009/12/07	1	3	3334.01	3.7	
2009/12/10	3	3	3225.56	-3.3	
2009/12/14	2	4	3315.03	2.8	
2009/12/14	0	0	3178.23	-4.1	
2009/12/22	6	8	3039.86	-4.4	
2009/12/24	2	2	3156.53	3.8	
2010/01/04	6	11	3295.28	4.4	
2010/01/05	1	1	3221.46	-2.2	
2010/01/06	1	1	3295.87	2.3	
2010/01/08	2	2	3149.02	-4.5	
2010/01/11	1	3	3306.75	5.0	
2010/01/13	2	2	3165.49	-4.3	
2010/01/15	2	2	3241.82	2.4	
2010/01/19	2	4	3268.81	0.8	
2010/01/22	3	3	3062.63	-6.3	
2010/01/28	4	6	2963.89	-3.2	
2010/02/01	2	4	2912.89	-1.7	
2010/02/03	2	2	2890.02	-0.8	
2010/02/04	1	1	3015.13	4.3	
2010/02/22	7	18	3026.66	0.4	
2010/02/23	1	1	2938.75	-2.9	
2010/03/04	7	9	3102.4	5.6	
2010/03/05	1	1	3011.09	-2.9	
2010/03/10	3	5	3085.99	2.5	
2010/03/16	4	6	2963.44	-4.0	
2010/03/22	4	6	3083.35	4.0	
2010/03/26	4	4	3009.91	-2.4	
2010/03/30	2	4	3132.58	4.1	
2010/04/06	4	7	3177.97	1.4	
2010/04/08	2	2	3110.26	-2.1	
2010/04/13	3	5	3173.63	2.0	
2010/04/13	0	0	3101.48	-2.3	
2010/04/15	2	2	3181.66	2.6	
2010/04/20	3	5	2941.35	-7.6	
2010/04/28	6	8	2865.47	-2.6	
2010/05/11	8	13	2751.07	-4.0	
2010/05/12	1	1	2604.2	-5.3	
2010/05/14	2	2	2712.86	4.2	
2010/05/18	2	4	2529.63	-6.8	
2010/05/21	3	3	2481.97	-1.9	
2010/05/24	1	3	2680.49	8.0	
2010/05/27	3	3	2583.55	-3.6	
2010/05/28	1	1	2686.54	4.0	
2010/06/02	3	5	2521.06	-6.2	
2010/06/08	4	6	2491.65	-1.2	
2010/06/09	1	1	2589.47	3.9	
2010/06/17	3	8	2595.51	0.2	
2010/06/21	2	4	2504.31	-3.5	
2010/06/22	1	1	2598.35	3.8	
2010/07/02	8	10	2319.74	-10.7	
2010/07/12	6	10	2501.02	7.8	
2010/07/16	4	4	2389.07	-4.5	
2010/07/26	6	10	2589.48	8.4	
2010/07/29	3	3	2656.41	2.6	
2010/08/03	3	5	2681.79	1.0	
2010/08/04	1	1	2589.99	-3.4	
2010/08/09	3	5	2676.09	3.3	
2010/08/13	4	4	2564.84	-4.2	
2010/08/19	4	6	2701.93	5.3	
2010/08/27	6	8	2588.64	-4.2	
2010/08/30	1	3	2656.36	2.6	
2010/09/01	2	2	2662.88	0.2	
2010/09/01	0	0	2604.49	-2.2	
2010/09/07	4	6	2704.93	3.9	
2010/09/10	3	3	2628.83	-2.8	
2010/09/14	2	4	2703.78	2.9	
2010/09/16	2	2	2583.34	-4.5	
2010/09/20	2	4	2573.63	-0.4	
2010/09/27	2	7	2629.04	2.2	
2010/09/30	3	3	2597.6	-1.2	
2010/10/18	7	18	3026.1	16.5	
2010/10/20	2	2	3041.15	0.5	
2010/10/26	4	6	3073.38	1.1	
2010/10/29	3	3	2955.48	-3.8	
2010/11/02	2	4	3089.57	4.5	
2010/11/08	4	6	3160.7	2.3	
2010/11/10	2	2	3093.88	-2.1	
2010/11/11	1	1	3186.72	3.0	
2010/11/17	4	6	2824.12	-11.4	
2010/11/19	2	2	2806.64	-0.6	
2010/11/22	1	3	2904.97	3.5	
2010/11/23	1	1	2791.58	-3.9	
2010/11/25	2	2	2901.67	3.9	
2010/11/30	3	5	2758.92	-4.9	
2010/12/07	5	7	2884.53	4.6	
2010/12/07	0	0	2809.11	-2.6	
2010/12/10	3	3	2792.52	-0.6	
2010/12/15	3	5	2939.05	5.2	
2010/12/20	3	5	2804.56	-4.6	
2010/12/22	2	2	2917.2	4.0	
2010/12/29	5	7	2721.48	-6.7	
2011/01/04	3	6	2855.4	4.9	
2011/01/11	5	7	2770.34	-3.0	
2011/01/13	2	2	2837.53	2.4	
2011/01/18	3	5	2683.37	-5.4	
2011/01/21	3	3	2667.29	-0.6	
2011/01/25	2	4	2661.45	-0.2	
2011/02/01	5	7	2805.05	5.4	
2011/02/10	2	9	2760.18	-1.6	
2011/02/15	3	5	2934.47	6.3	
2011/02/17	2	2	2939.28	0.2	
2011/02/22	3	5	2944.41	0.2	
2011/02/23	1	1	2839.2	-3.6	
2011/03/01	4	6	2931.58	3.3	
2011/03/09	6	8	3012.04	2.7	
2011/03/15	4	6	2850.94	-5.3	
2011/03/17	2	2	2935.63	3.0	
2011/03/22	3	5	2884.75	-1.7	
2011/03/28	4	6	3005.78	4.2	
2011/03/31	3	3	2914.38	-3.0	
2011/04/11	5	11	3059.57	5.0	
2011/04/13	2	2	2994.47	-2.1	
2011/04/18	3	5	3067.46	2.4	
2011/04/20	2	2	2992.67	-2.4	
2011/04/29	7	9	2871.01	-4.1	
2011/05/06	4	7	2834.46	-1.3	
2011/05/11	3	5	2897.14	2.2	
2011/05/13	2	2	2832.25	-2.2	
2011/05/16	1	3	2877.09	1.6	
2011/05/17	1	1	2821.2	-1.9	
2011/05/19	2	2	2884.14	2.2	
2011/05/30	7	11	2689.21	-6.8	
2011/06/02	3	3	2676.54	-0.5	
2011/06/08	3	6	2754.12	2.9	
2011/06/13	3	5	2669.4	-3.1	
2011/06/14	1	1	2735.55	2.5	
2011/06/20	4	6	2610.99	-4.6	
2011/06/27	5	7	2769.04	6.1	
2011/06/29	2	2	2727.25	-1.5	
2011/07/05	4	6	2818.14	3.3	
2011/07/07	2	2	2825.12	0.2	
2011/07/12	3	5	2752.19	-2.6	
2011/07/18	4	6	2826.96	2.7	
2011/07/21	3	3	2763.42	-2.2	
2011/07/26	3	5	2677.12	-3.1	
2011/08/02	5	7	2651.28	-1.0	
2011/08/04	2	2	2698.82	1.8	
2011/08/09	3	5	2437.68	-9.7	
2011/08/16	5	7	2636.36	8.2	
2011/08/22	4	6	2507.78	-4.9	
2011/08/26	4	4	2616.64	4.3	
2011/08/31	3	5	2545.1	-2.7	
2011/09/06	4	6	2459.54	-3.4	
2011/09/09	3	3	2528.42	2.8	
2011/09/14	2	5	2439.37	-3.5	
2011/09/16	2	2	2499.48	2.5	
2011/09/20	2	4	2426.7	-2.9	
2011/09/21	1	1	2517.67	3.7	
2011/09/26	3	5	2384.64	-5.3	
2011/10/12	7	16	2318.63	-2.8	
2011/10/13	1	1	2439.64	5.2	
2011/10/17	2	4	2452.99	0.5	
2011/10/24	5	7	2307.15	-5.9	
2011/10/28	4	4	2483.76	7.7	
2011/11/02	3	5	2433.72	-2.0	
2011/11/04	2	2	2536.78	4.2	
2011/11/11	5	7	2472.76	-2.5	
2011/11/15	2	4	2534.06	2.5	
2011/11/16	1	1	2456.86	-3.0	
2011/11/22	4	6	2387.83	-2.8	
2011/11/24	2	2	2370.69	-0.7	
2011/11/29	3	5	2413.33	1.8	
2011/11/30	1	1	2319.44	-3.9	
2011/12/01	1	1	2423.56	4.5	
2011/12/06	3	5	2310.16	-4.7	
2011/12/08	2	2	2346.65	1.6	
2011/12/08	0	0	2302.64	-1.9	
2011/12/19	7	11	2164.89	-6.0	
2011/12/20	1	1	2239.86	3.5	
2011/12/22	2	2	2149.42	-4.0	
2011/12/28	4	6	2134.02	-0.7	
2012/01/04	3	7	2217.52	3.9	
2012/01/06	2	2	2132.63	-3.8	
2012/01/12	4	6	2295.22	7.6	
2012/01/17	3	5	2196.12	-4.3	
2012/01/18	1	1	2311.58	5.3	
2012/01/30	3	12	2324.49	0.6	
2012/02/01	2	2	2263.34	-2.6	
2012/02/06	3	5	2341.58	3.5	
2012/02/07	1	1	2278.82	-2.7	
2012/02/10	3	3	2368.98	4.0	
2012/02/13	1	3	2325.03	-1.9	
2012/02/15	2	2	2374.28	2.1	
2012/02/20	3	5	2388.01	0.6	
2012/02/27	5	7	2478.38	3.8	
2012/03/01	3	3	2418.33	-2.4	
2012/03/05	2	4	2469.84	2.1	
2012/03/07	2	2	2388.52	-3.3	
2012/03/14	5	7	2476.22	3.7	
2012/03/15	1	1	2366.02	-4.5	
2012/03/19	2	4	2412.34	2.0	
2012/03/21	2	2	2361.22	-2.1	
2012/03/26	3	5	2339.14	-0.9	
2012/03/29	3	3	2242.35	-4.1	
2012/04/06	3	8	2309.64	3.0	
2012/04/10	2	4	2258.85	-2.2	
2012/04/13	3	3	2369.7	4.9	
2012/04/17	2	4	2333.34	-1.5	
2012/04/24	5	7	2415.75	3.5	
2012/04/24	0	0	2350.4	-2.7	
2012/05/02	4	8	2446.35	4.1	
2012/05/04	2	2	2453.73	0.3	
2012/05/17	9	13	2383.31	-2.9	
2012/05/21	2	4	2330.33	-2.2	
2012/05/23	2	2	2378.08	2.0	
2012/05/28	3	5	2309.07	-2.9	
2012/05/29	1	1	2393.28	3.6	
2012/06/07	7	9	2328.67	-2.7	
2012/06/08	1	1	2276.71	-2.2	
2012/06/15	5	7	2283.4	0.3	
2012/06/18	1	3	2325.05	1.8	
2012/06/26	5	8	2203.94	-5.2	
2012/06/29	3	3	2188.72	-0.7	
2012/07/03	2	4	2244.83	2.6	
2012/07/12	7	9	2152.68	-4.1	
2012/07/13	1	1	2198.66	2.1	
2012/07/18	3	5	2138.79	-2.7	
2012/07/19	1	1	2197.79	2.8	
2012/07/24	3	5	2131.01	-3.0	
2012/07/31	5	7	2100.25	-1.4	
2012/08/09	7	9	2148.69	2.3	
2012/08/10	1	1	2176.79	1.3	
2012/08/20	6	10	2089.02	-4.0	
2012/08/21	1	1	2124.2	1.7	
2012/08/30	7	9	2032.54	-4.3	
2012/09/03	2	4	2066.78	1.7	
2012/09/05	2	2	2029.05	-1.8	
2012/09/07	2	2	2145.0	5.7	
2012/09/18	7	11	2053.66	-4.3	
2012/09/24	4	6	2005.26	-2.4	
2012/09/26	2	2	1999.48	-0.3	
2012/10/10	5	14	2121.99	6.1	
2012/10/12	2	2	2127.31	0.3	
2012/10/15	1	3	2085.12	-2.0	
2012/10/18	3	3	2137.69	2.5	
2012/10/29	7	11	2053.09	-4.0	
2012/11/05	5	7	2123.33	3.4	
2012/11/06	1	1	2078.47	-2.1	
2012/11/19	9	13	1995.72	-4.0	
2012/11/21	2	2	2031.15	1.8	
2012/11/21	0	0	1995.17	-1.8	
2012/11/23	2	2	2034.88	2.0	
2012/12/03	6	10	1988.19	-2.3	
2012/12/04	1	1	1949.46	-1.9	
2012/12/05	1	1	2040.6	4.7	
2012/12/11	4	6	2088.64	2.4	
2012/12/13	2	2	2059.47	-1.4	
2012/12/18	3	5	2183.71	6.0	
2012/12/20	2	2	2142.95	-1.9	
2012/12/21	1	1	2190.4	2.2	
2012/12/25	2	4	2146.86	-2.0	
2012/12/28	3	3	2204.0	2.7	
2013/01/04	2	7	2296.11	4.2	
2013/01/09	3	5	2259.05	-1.6	
2013/01/10	1	1	2295.48	1.6	
2013/01/11	1	1	2234.95	-2.6	
2013/01/15	2	4	2332.78	4.4	
2013/01/17	2	2	2275.88	-2.4	
2013/01/22	3	5	2335.81	2.6	
2013/01/24	2	2	2362.94	1.2	
2013/01/24	0	0	2287.3	-3.2	
2013/02/04	7	11	2440.38	6.7	
2013/02/07	3	3	2394.22	-1.9	
2013/02/18	2	11	2444.8	2.1	
2013/02/22	4	4	2308.76	-5.6	
2013/02/26	2	4	2340.71	1.4	
2013/02/26	0	0	2289.89	-2.2	
2013/03/01	3	3	2369.65	3.5	
2013/03/04	1	3	2259.25	-4.7	
2013/03/07	3	3	2352.02	4.1	
2013/03/13	4	6	2253.25	-4.2	
2013/03/15	2	2	2312.08	2.6	
2013/03/19	2	4	2232.02	-3.5	
2013/03/25	4	6	2344.89	5.1	
2013/03/26	1	1	2281.12	-2.7	
2013/04/02	5	7	2253.42	-1.2	
2013/04/08	2	6	2180.67	-3.2	
2013/04/11	3	3	2242.48	2.8	
2013/04/16	3	5	2165.78	-3.4	
2013/04/19	3	3	2250.11	3.9	
2013/04/23	2	4	2182.81	-3.0	
2013/05/02	4	9	2161.14	-1.0	
2013/05/08	4	6	2255.21	4.4	
2013/05/13	3	5	2250.85	-0.2	
2013/05/14	1	1	2205.87	-2.0	
2013/05/20	4	6	2309.39	4.7	
2013/05/22	2	2	2314.18	0.2	
2013/05/24	2	2	2270.25	-1.9	
2013/05/29	3	5	2334.33	2.8	
2013/06/13	8	15	2126.22	-8.9	
2013/06/25	8	12	1849.65	-13.0	
2013/07/02	5	7	2007.62	8.5	
2013/07/04	2	2	2022.14	0.7	
2013/07/09	3	5	1946.37	-3.7	
2013/07/11	2	2	2092.87	7.5	
2013/07/22	7	11	1970.64	-5.8	
2013/07/23	1	1	2051.53	4.1	
2013/07/30	5	7	1965.36	-4.2	
2013/08/07	6	8	2069.56	5.3	
2013/08/09	2	2	2030.13	-1.9	
2013/08/14	3	5	2122.97	4.6	
2013/08/16	2	2	2198.85	3.6	
2013/08/19	1	3	2052.7	-6.6	
2013/08/23	4	4	2029.37	-1.1	
2013/08/28	3	5	2113.82	4.2	
2013/08/30	2	2	2114.39	0.0	
2013/09/02	1	3	2078.46	-1.7	
2013/09/04	2	2	2133.0	2.6	
2013/09/12	6	8	2270.27	6.4	
2013/09/18	4	6	2172.04	-4.3	
2013/09/27	5	9	2149.59	-1.0	
2013/10/14	6	17	2242.98	4.3	
2013/10/17	3	3	2183.25	-2.7	
2013/10/21	2	4	2230.28	2.2	
2013/10/25	4	4	2122.68	-4.8	
2013/10/29	2	4	2093.2	-1.4	
2013/11/04	4	6	2160.58	3.2	
2013/11/05	1	1	2124.85	-1.7	
2013/11/06	1	1	2166.17	1.9	
2013/11/11	3	5	2093.63	-3.3	
2013/11/14	3	3	2078.99	-0.7	
2013/11/20	4	6	2207.11	6.2	
2013/11/21	1	1	2177.74	-1.3	
2013/11/22	1	1	2211.07	1.5	
2013/11/26	2	4	2176.18	-1.6	
2013/11/28	2	2	2234.39	2.7	
2013/12/02	2	4	2172.63	-2.8	
2013/12/04	2	2	2260.87	4.1	
2013/12/10	4	6	2250.5	-0.5	
2013/12/11	1	1	2193.16	-2.5	
2013/12/23	8	12	2068.54	-5.7	
2013/12/27	4	4	2069.59	0.1	
2013/12/31	2	4	2120.27	2.4	
2014/01/07	4	7	2029.25	-4.3	
2014/01/13	4	6	2000.4	-1.4	
2014/01/16	3	3	2034.71	1.7	
2014/01/20	2	4	1984.82	-2.5	
2014/01/24	4	4	2060.99	3.8	
2014/01/28	2	4	2026.99	-1.6	
2014/01/29	1	1	2051.58	1.2	
2014/02/07	2	9	2014.7	-1.8	
2014/02/11	2	4	2111.06	4.8	
2014/02/13	2	2	2122.83	0.6	
2014/02/14	1	1	2095.09	-1.3	
2014/02/17	1	3	2136.45	2.0	
2014/02/19	2	2	2111.17	-1.2	
2014/02/20	1	1	2177.98	3.2	
2014/02/26	4	6	2014.38	-7.5	
2014/03/03	3	5	2078.33	3.2	
2014/03/06	3	3	2030.95	-2.3	
2014/03/07	1	1	2079.49	2.4	
2014/03/12	3	5	1974.38	-5.1	
2014/03/13	1	1	2029.12	2.8	
2014/03/18	3	5	2034.92	0.3	
2014/03/21	3	3	1986.07	-2.4	
2014/03/31	6	10	2024.19	1.9	
2014/04/03	3	3	2066.01	2.1	
2014/04/04	1	1	2035.22	-1.5	
2014/04/10	3	6	2146.67	5.5	
2014/04/16	4	6	2092.16	-2.5	
2014/04/22	4	6	2047.33	-2.1	
2014/04/29	5	7	1997.64	-2.4	
2014/05/06	3	7	2038.7	2.1	
2014/05/09	3	3	2001.3	-1.8	
2014/05/13	2	4	2061.06	3.0	
2014/05/19	4	6	1996.01	-3.2	
2014/05/21	2	2	1991.06	-0.2	
2014/05/22	1	1	2041.96	2.6	
2014/05/26	2	4	2045.38	0.2	
2014/05/28	2	2	2029.34	-0.8	
2014/05/29	1	1	2057.08	1.4	
2014/06/04	3	6	2012.91	-2.1	
2014/06/16	8	12	2087.32	3.7	
2014/06/20	4	4	2010.53	-3.7	
2014/06/25	3	5	2018.36	0.4	
2014/07/03	6	8	2066.64	2.4	
2014/07/11	6	8	2033.0	-1.6	
2014/07/16	3	5	2075.49	2.1	
2014/07/18	2	2	2046.0	-1.4	
2014/08/05	12	18	2226.84	8.8	
2014/08/08	3	3	2180.6	-2.1	
2014/08/11	1	3	2225.96	2.1	
2014/08/13	2	2	2230.99	0.2	
2014/08/20	5	7	2248.94	0.8	
2014/08/21	1	1	2211.63	-1.7	
2014/08/26	3	5	2200.62	-0.5	
2014/08/29	3	3	2193.26	-0.3	
2014/09/09	6	11	2331.92	6.3	
2014/09/11	2	2	2343.59	0.5	
2014/09/12	1	1	2302.77	-1.7	
2014/09/16	2	4	2347.94	2.0	
2014/09/17	1	1	2282.79	-2.8	
2014/09/19	2	2	2331.56	2.1	
2014/09/22	1	3	2284.38	-2.0	
2014/09/25	3	3	2365.15	3.5	
2014/10/09	5	14	2391.35	1.1	
2014/10/13	2	4	2341.12	-2.1	
2014/10/16	3	3	2389.67	2.1	
2014/10/17	1	1	2312.83	-3.2	
2014/10/21	2	4	2361.65	2.1	
2014/10/27	4	6	2279.84	-3.5	
2014/11/03	5	7	2436.79	6.9	
2014/11/06	3	3	2401.75	-1.4	
2014/11/11	3	5	2508.62	4.4	
2014/11/17	4	6	2508.77	0.0	
2014/11/20	3	3	2437.48	-2.8	
2014/12/09	13	19	3091.32	26.8	
2014/12/10	1	1	2807.68	-9.2	
2014/12/15	3	5	2890.9	3.0	
2014/12/22	5	7	3189.87	10.3	
2014/12/24	2	2	2934.91	-8.0	
2014/12/29	3	5	3223.86	9.8	
2015/01/06	4	8	3394.22	5.3	
2015/01/09	3	3	3404.83	0.3	
2015/01/12	1	3	3191.58	-6.3	
2015/01/16	4	4	3400.32	6.5	
2015/01/19	1	3	3095.07	-9.0	
2015/01/23	4	4	3406.79	10.1	
2015/01/27	2	4	3290.22	-3.4	
2015/02/02	4	6	3122.57	-5.1	
2015/02/05	3	3	3251.21	4.1	
2015/02/09	2	4	3049.11	-6.2	
2015/02/13	4	4	3237.16	6.2	
2015/02/26	4	13	3202.19	-1.1	
2015/03/02	2	4	3336.76	4.2	
2015/03/05	3	3	3221.67	-3.4	
2015/03/09	2	4	3198.37	-0.7	
2015/03/24	11	15	3715.87	16.2	
2015/03/31	5	7	3835.57	3.2	
2015/04/16	11	16	4031.24	5.1	
2015/04/20	2	4	4356.0	8.1	
2015/04/21	1	1	4188.57	-3.8	
2015/04/23	2	2	4444.41	6.1	
2015/04/28	3	5	4572.39	2.9	
2015/04/29	1	1	4398.64	-3.8	
2015/05/08	6	9	4099.04	-6.8	
2015/05/13	3	5	4415.63	7.7	
2015/05/18	3	5	4260.51	-3.5	
2015/05/28	8	10	4986.5	17.0	
2015/05/29	1	1	4431.56	-11.1	
2015/06/04	4	6	4647.41	4.9	
2015/06/10	4	6	5164.16	11.1	
2015/06/12	2	2	5178.19	0.3	
2015/06/17	3	5	4767.22	-7.9	
2015/06/23	3	6	4264.77	-10.5	
2015/06/25	2	2	4720.7	10.7	
2015/06/30	3	5	3847.88	-18.5	
2015/07/01	1	1	4317.05	12.2	
2015/07/03	2	2	3629.56	-15.9	
2015/07/09	4	6	3373.54	-7.1	
2015/07/14	3	5	4035.43	19.6	
2015/07/16	2	2	3688.44	-8.6	
2015/07/24	6	8	4184.45	13.4	
2015/07/28	2	4	3537.36	-15.5	
2015/07/30	2	2	3844.37	8.7	
2015/08/03	2	4	3549.5	-7.7	
2015/08/05	2	2	3782.35	6.6	
2015/08/11	4	6	3970.34	5.0	
2015/08/13	2	2	3838.16	-3.3	
2015/08/14	1	1	4000.68	4.2	
2015/08/18	2	4	4006.34	0.1	
2015/08/19	1	1	3558.38	-11.2	
2015/08/26	5	7	2850.71	-19.9	
2015/08/28	2	2	3235.84	13.5	
2015/09/02	3	5	3019.09	-6.7	
2015/09/07	1	5	3217.58	6.6	
2015/09/08	1	1	3011.12	-6.4	
2015/09/09	1	1	3256.74	8.2	
2015/09/16	5	7	2983.54	-8.4	
2015/09/17	1	1	3204.7	7.4	
2015/09/21	2	4	3060.86	-4.5	
2015/09/22	1	1	3213.48	5.0	
2015/09/29	5	7	3021.16	-6.0	
2015/10/12	4	13	3318.71	9.8	
2015/10/21	7	9	3447.26	3.9	
2015/10/21	0	0	3265.44	-5.3	
2015/10/26	3	5	3457.52	5.9	
2015/10/27	1	1	3332.62	-3.6	
2015/11/03	5	7	3302.18	-0.9	
2015/11/09	4	6	3673.76	11.3	
2015/11/16	5	7	3519.42	-4.2	
2015/11/17	1	1	3678.27	4.5	
2015/11/23	4	6	3654.75	-0.6	
2015/11/24	1	1	3563.1	-2.5	
2015/11/26	2	2	3668.38	3.0	
2015/11/30	2	4	3327.81	-9.3	
2015/12/03	3	3	3591.73	7.9	
2015/12/14	7	11	3399.28	-5.4	
2015/12/23	7	9	3684.57	8.4	
2015/12/24	1	1	3572.28	-3.0	
2015/12/28	2	4	3641.59	1.9	
2015/12/29	1	1	3515.52	-3.5	
2015/12/31	2	2	3580.6	1.9	
2016/01/05	2	5	3189.6	-10.9	
2016/01/14	7	9	2867.55	-10.1	
2016/01/18	2	4	2844.7	-0.8	
2016/01/20	2	2	3016.28	6.0	
2016/01/22	2	2	2851.73	-5.5	
2016/01/27	3	5	2638.3	-7.5	
2016/02/04	6	8	2793.3	5.9	
2016/02/15	2	11	2682.09	-4.0	
2016/02/18	3	3	2893.21	7.9	
2016/02/22	2	4	2933.96	1.4	
2016/02/29	5	7	2638.96	-10.1	
2016/03/07	5	7	2911.84	10.3	
2016/03/08	1	1	2802.56	-3.8	
2016/03/11	3	3	2772.55	-1.1	
2016/03/14	1	3	2889.82	4.2	
2016/03/21	5	7	3028.32	4.8	
2016/03/28	5	7	3008.17	-0.7	
2016/03/29	1	1	2905.25	-3.4	
2016/03/31	2	2	3023.41	4.1	
2016/04/07	4	7	3062.36	1.3	
2016/04/08	1	1	2960.46	-3.3	
2016/04/13	3	5	3097.16	4.6	
2016/04/18	3	5	3022.97	-2.4	
2016/04/20	2	2	2905.05	-3.9	
2016/04/25	3	5	2917.02	0.4	
2016/04/27	2	2	2976.02	2.0	
2016/04/28	1	1	2916.37	-2.0	
2016/05/04	3	6	3004.42	3.0	
2016/05/12	6	8	2781.24	-7.4	
2016/05/17	3	5	2860.32	2.8	
2016/05/18	1	1	2781.42	-2.8	
2016/05/23	3	5	2848.07	2.4	
2016/05/26	3	3	2780.76	-2.4	
2016/06/01	4	6	2929.08	5.3	
2016/06/06	3	5	2945.94	0.6	
2016/06/15	5	9	2811.78	-4.6	
2016/06/17	2	2	2900.3	3.1	
2016/06/20	1	3	2864.02	-1.3	
2016/06/21	1	1	2919.3	1.9	
2016/07/07	12	16	3024.11	3.6	
2016/07/08	1	1	2983.88	-1.3	
2016/07/13	3	5	3069.05	2.9	
2016/07/19	4	6	3014.29	-1.8	
2016/07/21	2	2	3053.33	1.3	
2016/07/25	2	4	3003.29	-1.6	
2016/07/27	2	2	3057.42	1.8	
2016/07/27	0	0	2939.23	-3.9	
2016/08/01	3	5	2931.96	-0.2	
2016/08/12	9	11	2999.04	2.3	
2016/08/16	2	4	3140.44	4.7	
2016/08/19	3	3	3082.77	-1.8	
2016/08/23	2	4	3073.53	-0.3	
2016/08/25	2	2	3041.51	-1.0	
2016/09/01	5	7	3088.7	1.6	
2016/09/02	1	1	3050.49	-1.2	
2016/09/07	3	5	3105.68	1.8	
2016/09/12	3	5	2999.93	-3.4	
2016/09/14	2	2	2995.42	-0.2	
2016/09/22	4	8	3054.44	2.0	
2016/09/27	3	5	2969.13	-2.8	
2016/09/29	2	2	3009.2	1.3	
2016/10/11	3	12	3066.1	1.9	
2016/10/17	4	6	3033.75	-1.1	
2016/10/19	2	2	3096.22	2.1	
2016/10/21	2	2	3069.27	-0.9	
2016/10/24	1	3	3137.03	2.2	
2016/10/27	3	3	3100.39	-1.2	
2016/10/31	2	4	3081.07	-0.6	
2016/11/03	3	3	3094.1	0.4	
2016/11/04	1	1	3141.33	1.5	
2016/11/08	2	4	3156.88	0.5	
2016/11/09	1	1	3096.95	-1.9	
2016/11/14	3	5	3221.46	4.0	
2016/11/17	3	3	3187.21	-1.1	
2016/11/23	4	6	3262.88	2.4	
2016/11/25	2	2	3209.6	-1.6	
2016/11/29	2	4	3301.21	2.9	
2016/11/30	1	1	3239.52	-1.9	
2016/12/02	2	2	3279.71	1.2	
2016/12/05	1	3	3194.88	-2.6	
2016/12/07	2	2	3189.49	-0.2	
2016/12/12	3	5	3245.09	1.7	
2016/12/13	1	1	3118.71	-3.9	
2016/12/15	2	2	3100.91	-0.6	
2016/12/20	3	5	3084.8	-0.5	
2016/12/22	2	2	3143.17	1.9	
2016/12/26	2	4	3068.42	-2.4	
2016/12/29	3	3	3087.34	0.6	
2017/01/09	6	11	3147.74	2.0	
2017/01/10	1	1	3174.58	0.9	
2017/01/16	4	6	3044.29	-4.1	
2017/01/18	2	2	3123.72	2.6	
2017/01/26	6	8	3163.1	1.3	
2017/02/06	2	11	3135.39	-0.9	
2017/02/08	2	2	3132.03	-0.1	
2017/02/13	3	5	3219.41	2.8	
2017/02/15	2	2	3236.0	0.5	
2017/02/20	3	5	3198.96	-1.1	
2017/02/23	3	3	3264.08	2.0	
2017/02/27	2	4	3224.09	-1.2	
2017/03/01	2	2	3259.98	1.1	
2017/03/03	2	2	3206.61	-1.6	
2017/03/08	3	5	3245.3	1.2	
2017/03/09	1	1	3205.28	-1.2	
2017/03/13	2	4	3193.16	-0.4	
2017/03/14	1	1	3246.33	1.7	
2017/03/17	3	3	3274.19	0.9	
2017/03/20	1	3	3228.12	-1.4	
2017/03/23	3	3	3221.93	-0.2	
2017/03/27	2	4	3283.24	1.9	
2017/03/30	3	3	3195.85	-2.7	
2017/04/07	4	8	3295.19	3.1	
2017/04/11	2	4	3244.4	-1.5	
2017/04/19	6	8	3147.07	-3.0	
2017/04/24	3	5	3111.21	-1.1	
2017/04/24	1	0	3129.53	0.6
