 22496146.250  5093162.559 1
 22496248.642  5092992.836 1
 22496350.496  5092806.144 1
 22496453.427  5092653.389 1
 22496630.186  5092401.219 1
 22496824.186  5092207.219 1
 22496936.140  5092096.275 1
 22497090.132  5091854.417 1
 22497175.283  5091626.524 1
 22497277.676  5091456.800 1
 22497379.530  5091270.109 1
 22497284.156  5091175.610 2
 22497132.609  5091009.018 2
 22497004.099  5090840.599 2
 22496890.947  5090670.962 2
 22496755.295  5090520.120 2
 22496588.929  5090371.715 2
 22496398.719  5090199.684 2
 22496247.711  5090050.061 2
 22496026.517  5089871.982 2
 22495783.093  5089721.184 2
 22495557.987  5089662.491 2
 22495322.511  5089519.567 2
 22497512.760  5091344.595 2
 22497602.069  5091490.607 2
 22497684.237  5091654.197 2
 22497821.502  5091855.943 2
 22496804.255  5092064.209 3
 22496728.152  5091849.107 3
 22496629.012  5091635.832 3
 22496524.076  5091482.553 3
 22496513.315  5091143.193 3
 22496554.277  5090978.343 3
 22497146.060  5091433.219 4
 22497059.441  5091372.046 4
 22497012.292  5091341.765 4
 22497499.946  5091668.815 5
 22497414.525  5091888.224 5
 22497366.154  5092062.167 5
 22497227.788  5092311.292 5
 22497086.464  5092467.092 5
 22497184.259  5092637.948 5
 22497412.594  5092798.449 5
 22497541.373  5092975.352 5
 22497562.918  5093169.266 5
 22497555.900  5093433.488 5
 22497601.826  5093667.995 5
