------------------------------------------------------------------------
999999
------------------------------------------------------------------------
--------正在查找历史K线日期：！！！！日期选完，请注意看K线趋势，同时注意成交量的表现：
------------------------------------------------------------------------
--------最近交易日的相关数据：
日期[星期]    	涨幅	最大涨幅	最小涨幅	量比	波动幅度	
2016/08/16[2]	-0.49	0.49	-0.74	0.94	1.23
2016/08/17[3]	-0.02	0.14	-0.64	0.77	0.77
2016/08/18[4]	-0.17	0.52	-0.52	1.07	1.04
------------------------------------------------------------------------
模式识别结果统计:
统计总数	<=0(占比%)	>=1	<-1
80   	66(82.50%)	2	6
收盘涨幅:-2.88	-2.03	-1.88	-1.63	-1.42	-1.04	-0.97	-0.83	-0.82	-0.8	-0.71	-0.66	-0.62	-0.57	-0.54	-0.49	-0.48	-0.47	-0.46	-0.46	-0.45	-0.45	-0.45	-0.44	-0.43	-0.43	-0.42	-0.42	-0.42	-0.42	-0.41	-0.41	-0.41	-0.41	-0.41	-0.41	-0.4	-0.4	-0.4	-0.4	-0.39	-0.39	-0.39	-0.38	-0.38	-0.38	-0.38	-0.37	-0.37	-0.37	-0.36	-0.36	-0.36	-0.36	-0.36	-0.36	-0.35	-0.35	-0.34	-0.34	-0.32	-0.28	-0.14	-0.08	-0.05	-0.04	0.17	0.26	0.26	0.37	0.38	0.44	0.45	0.49	0.82	0.86	0.88	0.88	1.5	1.85
收盘涨幅中位数:-0.40
------------------------------------------------------------------------
日期[星期]	次日涨幅	次日开盘	次日最高	次日最低	量能	当日涨幅
1991/01/22[2]	-0.41	-0.41	0.0	-0.43	0.17	-0.39
1991/01/23[3]	-0.42	-0.42	0.0	-0.45	3.09	-0.41
1991/01/24[4]	-0.42	-0.42	-0.41	-0.44	1.7	-0.42
1991/01/25[5]	-0.45	-0.45	-0.38	-0.45	1.86	-0.42
1991/01/28[1]	-0.39	-0.39	-0.37	-0.39	1.48	-0.45
1991/01/29[2]	-0.39	-0.39	0.0	-0.41	0.27	-0.39
1991/01/30[3]	-0.36	-0.39	0.02	-0.39	0.38	-0.39
1991/01/31[4]	-0.35	-0.36	0.0	-0.4	0.97	-0.36
1991/02/01[5]	-0.36	-0.36	0.05	-0.36	0.68	-0.35
1991/02/04[1]	-0.36	-0.38	-0.36	-0.4	1.6	-0.36
1991/02/05[2]	0.44	0.43	0.44	-0.4	15.48	-0.36
1991/02/27[3]	-0.34	-0.36	0.04	-0.37	0.2	-0.34
1991/02/28[4]	-0.36	-0.36	-0.36	-0.41	10.55	-0.34
1991/03/01[5]	-0.41	-0.33	-0.33	-0.42	3.16	-0.36
1991/03/04[1]	-0.4	-0.43	0.0	-0.44	0.35	-0.41
1991/03/05[2]	-0.4	-0.43	-0.39	-0.43	0.39	-0.4
1991/03/06[3]	-0.4	-0.4	0.0	-0.4	0.73	-0.4
1991/03/07[4]	-0.4	-0.44	0.0	-0.44	0.79	-0.4
1991/03/08[5]	-0.45	-0.45	0.0	-0.45	1.64	-0.4
1991/03/11[1]	-0.42	-0.45	0.0	-0.45	0.55	-0.45
1991/03/12[2]	-2.03	-2.05	0.0	-2.05	1.86	-0.42
1991/03/18[1]	-0.39	-0.38	0.0	-0.39	1.58	-0.37
1991/03/19[2]	-0.45	-0.45	-0.01	-0.47	0.71	-0.39
1991/03/20[3]	-0.44	-0.42	0.0	-0.44	0.76	-0.45
1991/03/21[4]	-0.41	-0.41	0.0	-0.41	0.22	-0.44
1991/03/22[5]	-0.41	-0.41	0.0	-0.42	1.37	-0.41
1991/03/25[1]	-0.41	-0.41	0.02	-0.41	2.14	-0.41
1991/03/26[2]	-0.41	-0.41	0.02	-0.41	2.63	-0.41
1991/03/27[3]	-0.42	-0.39	0.02	-0.42	0.57	-0.41
1991/03/28[4]	-0.35	-0.37	0.0	-0.41	1.44	-0.42
1991/03/29[5]	0.45	0.42	0.45	-0.42	2.27	-0.35
1991/04/09[2]	-0.38	-0.39	0.0	-0.44	0.17	-0.39
1991/04/10[3]	-0.43	-0.43	0.0	-0.45	1.46	-0.38
1991/04/11[4]	-0.36	-0.37	0.01	-0.41	0.51	-0.43
1991/04/12[5]	-0.37	-0.4	0.01	-0.41	1.67	-0.36
1991/04/15[1]	-0.36	-0.35	0.0	-0.36	0.75	-0.37
1991/04/16[2]	-0.37	-0.35	0.0	-0.38	0.35	-0.36
1991/04/17[3]	-0.38	-0.38	0.03	-0.38	1.91	-0.37
1991/04/18[4]	-0.32	-0.32	0.04	-0.34	0.89	-0.38
1991/04/19[5]	-0.38	-0.38	0.0	-0.43	3.63	-0.32
1991/04/22[1]	-0.38	-0.36	0.0	-0.41	0.67	-0.38
1991/04/23[2]	-0.34	-0.42	0.0	-0.42	0.66	-0.38
1991/04/24[3]	-0.37	-0.35	0.0	-0.4	0.52	-0.34
1991/04/25[4]	0.17	0.82	0.82	-0.73	10.1	-0.37
1991/07/09[2]	-0.48	-0.18	0.71	-0.68	1.44	-0.47
1991/07/10[3]	-0.46	-0.57	0.0	-0.64	0.71	-0.48
1991/07/11[4]	-0.43	-0.43	0.0	-0.72	0.84	-0.46
1991/07/12[5]	0.26	0.83	0.98	-0.7	0.62	-0.43
1991/09/25[3]	-0.47	-0.53	0.0	-0.69	0.97	-0.48
1991/09/26[4]	-0.28	0.43	0.86	-0.63	4.71	-0.47
1991/09/27[5]	-0.49	-0.85	0.07	-0.85	5.16	-0.28
1991/09/30[1]	0.86	0.35	0.86	-0.62	0.76	-0.49
1998/03/09[1]	-0.08	-0.1	0.42	-1.19	1.0	-0.47
1998/03/10[2]	-0.82	0.12	0.89	-1.03	0.97	-0.08
1998/07/29[3]	0.26	0.07	0.46	-0.17	1.13	-0.46
1998/10/20[2]	-2.88	-0.01	-0.0	-3.02	0.95	-0.21
1998/11/13[5]	0.88	0.14	0.88	-0.07	0.84	-0.04
1999/03/24[3]	-1.04	-0.1	-0.1	-1.2	0.7	-0.16
2000/04/25[2]	-0.04	0.12	0.51	-0.39	0.67	-0.21
2000/04/26[3]	-1.42	0.15	0.43	-1.59	0.94	-0.04
2000/10/13[5]	-0.8	-0.04	-0.03	-1.06	0.92	-0.42
2001/06/11[1]	0.38	-0.05	0.39	-0.12	1.01	-0.38
2001/06/29[5]	-0.54	0.11	0.23	-0.74	1.29	-0.06
2002/07/25[4]	-0.46	-0.0	0.31	-0.5	1.09	-0.44
2002/07/26[5]	0.49	-0.16	0.51	-0.62	0.89	-0.46
2003/06/18[3]	-0.97	0.01	0.23	-1.51	1.33	-0.21
2004/03/26[5]	-0.83	0.03	0.36	-0.93	0.99	-0.14
2004/12/29[3]	-0.05	-0.09	0.49	-0.8	1.08	-0.36
2004/12/30[4]	-0.57	0.13	0.56	-0.72	1.04	-0.05
2005/03/29[2]	-1.88	-0.22	-0.22	-1.94	1.15	-0.42
2012/11/07[3]	-1.63	-0.69	-0.63	-1.67	0.83	-0.01
2013/04/03[3]	-0.62	-1.31	-0.57	-2.01	0.91	-0.11
2013/06/27[4]	1.5	-0.74	1.95	-1.25	1.05	-0.08
2013/11/25[1]	-0.14	-0.08	0.3	-0.45	0.95	-0.47
2013/11/26[2]	0.82	-0.06	1.12	-0.28	0.93	-0.14
2014/06/03[2]	-0.66	-0.02	0.01	-1.25	0.95	-0.04
2014/09/11[4]	0.88	-0.14	0.88	-0.39	1.17	-0.29
2014/11/17[1]	-0.71	0.01	0.12	-0.98	0.98	-0.19
2016/04/29[5]	1.85	0.07	1.88	-0.29	0.79	-0.25
2016/07/20[3]	0.37	-0.01	0.84	-0.02	0.89	-0.29
------------------------------------------------------------------------
增加成交量匹配条件：
------------------------------------------------------------------------
模式识别结果统计:
统计总数	<=0(占比%)	>=1	<-1
13   	 9(69.23%)	0	0
收盘涨幅:-0.46	-0.45	-0.43	-0.42	-0.41	-0.38	-0.36	-0.28	-0.08	0.17	0.26	0.38	0.88
收盘涨幅中位数:-0.36
------------------------------------------------------------------------
日期[星期]	次日涨幅	次日开盘	次日最高	次日最低	量能	当日涨幅
1991/01/23[3]	-0.42	-0.42	0.0	-0.45	3.09	-0.41
1991/02/04[1]	-0.36	-0.38	-0.36	-0.4	1.6	-0.36
1991/03/08[5]	-0.45	-0.45	0.0	-0.45	1.64	-0.4
1991/03/22[5]	-0.41	-0.41	0.0	-0.42	1.37	-0.41
1991/04/10[3]	-0.43	-0.43	0.0	-0.45	1.46	-0.38
1991/04/17[3]	-0.38	-0.38	0.03	-0.38	1.91	-0.37
1991/04/25[4]	0.17	0.82	0.82	-0.73	10.1	-0.37
1991/09/26[4]	-0.28	0.43	0.86	-0.63	4.71	-0.47
1998/03/09[1]	-0.08	-0.1	0.42	-1.19	1.0	-0.47
1998/07/29[3]	0.26	0.07	0.46	-0.17	1.13	-0.46
2001/06/11[1]	0.38	-0.05	0.39	-0.12	1.01	-0.38
2002/07/25[4]	-0.46	-0.0	0.31	-0.5	1.09	-0.44
2014/09/11[4]	0.88	-0.14	0.88	-0.39	1.17	-0.29
------------------------------------------------------------------------
昨日市场情绪指数41.67
------------------------------------------------------------------------
399001
------------------------------------------------------------------------
--------正在查找历史K线日期：！！！！日期选完，请注意看K线趋势，同时注意成交量的表现：
------------------------------------------------------------------------
--------最近交易日的相关数据：
日期[星期]    	涨幅	最大涨幅	最小涨幅	量比	波动幅度	
2016/08/16[2]	0.56	0.84	0.21	0.92	0.63
2016/08/17[3]	0.07	0.49	-0.46	0.92	0.95
2016/08/18[4]	-0.11	0.51	-0.52	1.06	1.04
------------------------------------------------------------------------
模式识别结果统计:
统计总数	<=0(占比%)	>=1	<-1
127   	73(57.48%)	18	38
收盘涨幅:-9.46	-5.07	-4.86	-3.79	-3.58	-3.28	-3.25	-2.76	-2.31	-2.19	-2.09	-1.94	-1.91	-1.89	-1.81	-1.76	-1.65	-1.64	-1.56	-1.53	-1.47	-1.44	-1.42	-1.38	-1.36	-1.35	-1.32	-1.29	-1.28	-1.24	-1.21	-1.18	-1.16	-1.16	-1.12	-1.07	-1.05	-1.02	-0.97	-0.93	-0.92	-0.79	-0.77	-0.66	-0.62	-0.59	-0.59	-0.58	-0.57	-0.57	-0.56	-0.53	-0.52	-0.43	-0.38	-0.38	-0.38	-0.37	-0.36	-0.35	-0.33	-0.31	-0.3	-0.3	-0.19	-0.18	-0.18	-0.17	-0.17	-0.13	-0.12	-0.1	-0.06	0.01	0.02	0.05	0.05	0.07	0.08	0.13	0.14	0.15	0.17	0.18	0.2	0.23	0.25	0.25	0.28	0.32	0.32	0.33	0.34	0.34	0.35	0.36	0.36	0.39	0.39	0.44	0.47	0.49	0.51	0.56	0.75	0.77	0.8	0.85	0.92	1.02	1.06	1.12	1.15	1.17	1.17	1.22	1.3	1.57	1.61	1.64	1.66	1.89	2.06	2.14	2.2	2.32	2.45
收盘涨幅中位数:-0.30
------------------------------------------------------------------------
日期[星期]	次日涨幅	次日开盘	次日最高	次日最低	量能	当日涨幅
1991/06/28[5]	-0.13	-0.33	-0.01	-1.04	1.23	-0.5
1991/08/02[5]	0.2	-0.14	0.33	-0.47	0.71	-0.23
1991/09/24[2]	0.51	-0.29	1.23	-0.52	0.81	-0.36
1992/01/13[1]	-1.42	-0.03	0.05	-1.9	1.04	-0.92
1992/03/19[4]	-0.53	0.34	0.37	-1.3	0.58	-0.14
1992/07/31[5]	-5.07	0.19	0.32	-5.38	0.98	-0.77
1992/10/13[2]	-1.91	-0.22	0.07	-2.13	0.47	-0.62
1993/04/14[3]	0.08	0.16	0.79	-1.25	0.73	-0.71
1994/04/07[4]	-2.76	-0.4	-0.05	-4.02	3.24	-0.25
1994/07/07[4]	1.61	-1.54	2.68	-2.32	0.74	0.0
1995/06/27[2]	-0.37	0.06	0.07	-0.8	0.98	-0.69
1995/09/05[2]	1.06	0.04	1.06	-0.59	0.84	-0.56
1995/09/25[1]	0.07	0.13	0.35	-0.25	0.72	-0.78
1995/11/07[2]	-1.44	-0.16	-0.16	-1.76	0.75	-0.68
1995/11/16[4]	0.39	-0.06	0.71	-0.11	0.75	-0.43
1996/01/16[2]	-1.24	-0.14	-0.08	-1.42	0.87	-0.12
1996/01/31[3]	0.36	-0.02	0.44	-0.63	1.1	-0.01
1996/03/19[2]	0.05	-0.15	0.23	-0.23	0.95	-0.22
1996/03/26[2]	-0.35	-0.25	-0.25	-1.21	1.0	-0.8
1996/08/14[3]	-1.56	-0.19	0.56	-1.74	0.89	-0.5
1997/02/17[1]	-9.46	-0.92	-0.55	-9.84	0.63	-0.19
1997/08/29[5]	-0.59	-0.52	0.3	-1.14	1.27	-0.89
1998/03/05[4]	-0.66	-1.0	-0.52	-1.15	0.95	-0.83
1998/05/26[2]	0.49	0.06	0.55	-0.26	0.87	-0.22
1998/06/02[2]	-0.38	0.05	0.13	-0.53	0.87	-0.16
1998/09/29[2]	0.92	0.26	1.04	0.14	0.79	-0.34
1998/10/20[2]	-3.28	-0.11	-0.11	-3.37	0.81	-0.83
1999/08/30[1]	0.34	0.25	0.69	-0.92	1.09	-0.22
2000/01/25[2]	0.32	-0.21	0.75	-0.68	0.85	-0.23
2000/04/21[5]	-0.57	-0.1	0.36	-0.89	1.03	-0.62
2000/06/27[2]	0.17	0.0	0.78	-0.17	1.0	-0.15
2000/06/30[5]	-1.89	-0.5	-0.5	-2.07	1.06	-0.33
2000/07/14[5]	-1.32	0.13	0.35	-1.38	0.77	-0.09
2000/07/28[5]	0.85	0.12	0.86	-0.31	0.79	-0.04
2000/08/02[3]	0.36	0.14	0.73	-0.03	1.02	-0.12
2000/08/11[5]	-0.1	0.1	0.47	-0.25	1.02	-0.37
2000/08/18[5]	0.28	-0.06	0.3	-0.42	1.06	-0.1
2000/09/14[4]	-0.36	-0.21	-0.18	-1.06	0.84	-0.91
2000/11/03[5]	0.39	0.3	0.48	-0.22	1.31	-0.01
2000/11/21[2]	1.17	-0.26	1.19	-0.49	1.04	-0.65
2000/12/05[2]	-1.02	0.11	0.36	-1.24	1.01	-0.71
2001/01/04[4]	-0.18	-0.0	0.12	-0.69	0.78	-0.45
2001/02/15[4]	0.13	-0.19	0.18	-1.5	1.15	-0.74
2001/04/03[2]	-1.47	-0.0	0.55	-1.8	0.83	-0.69
2001/04/17[2]	-0.62	-0.0	0.29	-0.82	0.76	-0.19
2001/05/09[3]	0.25	-0.0	0.77	-0.03	1.22	-0.26
2001/05/15[2]	0.25	0.12	0.45	-0.38	0.82	-0.01
2001/06/07[4]	-0.06	0.25	0.25	-0.64	0.85	-0.92
2001/07/05[4]	-0.59	-0.01	0.28	-0.66	1.06	-0.67
2001/12/10[1]	-1.35	-0.11	-0.03	-1.54	0.78	-0.09
2002/07/01[1]	0.77	-0.19	0.8	-0.86	0.49	-0.9
2002/07/09[2]	-2.09	-0.01	0.22	-2.15	0.97	-0.4
2002/07/31[3]	0.32	-0.2	0.63	-0.82	0.77	-0.75
2002/08/05[1]	1.02	-0.16	1.74	-0.33	0.96	-0.56
2002/08/15[4]	0.35	-0.1	0.78	-0.83	0.97	-0.48
2002/09/04[3]	-1.36	-0.13	-0.09	-1.67	0.94	-0.43
2002/10/31[4]	0.47	-0.01	0.51	-0.53	0.93	-0.06
2002/12/05[4]	0.15	-0.01	0.85	-0.44	0.71	-0.7
2003/03/05[3]	-1.28	0.03	0.03	-1.4	1.11	-0.22
2003/04/03[4]	1.17	-0.09	1.33	-0.16	0.93	-0.29
2003/07/09[3]	2.32	0.06	2.79	0.04	0.81	-0.69
2003/07/24[4]	-1.21	-0.12	0.71	-1.62	0.85	-0.78
2003/09/12[5]	-1.12	-0.1	0.59	-1.28	1.15	-0.8
2003/11/17[1]	-1.94	-0.02	-0.02	-2.04	0.8	-0.57
2003/12/05[5]	-0.97	0.03	0.67	-1.13	0.98	-0.51
2003/12/11[4]	-0.17	-0.08	0.14	-0.7	1.03	-0.08
2004/04/05[1]	0.75	0.04	0.79	-0.8	1.11	-0.14
2004/04/08[4]	-2.31	0.01	0.34	-2.52	0.88	-0.54
2004/05/20[4]	1.12	0.11	1.12	0.11	0.8	-0.8
2004/11/23[2]	-0.56	0.05	0.57	-0.64	1.01	-0.96
2005/01/12[3]	0.33	-0.03	0.57	-0.3	1.09	-0.17
2005/08/10[3]	2.14	0.02	2.19	-0.3	1.06	0.0
2005/10/13[4]	-1.38	0.08	0.08	-1.57	0.92	-0.72
2005/11/28[1]	-1.16	-0.34	-0.11	-1.24	0.87	-0.42
2005/12/27[2]	0.01	-0.17	0.18	-0.53	0.83	-0.49
2006/03/24[5]	1.57	-0.05	1.57	-0.59	0.96	-0.37
2006/07/26[3]	-1.65	-0.12	0.16	-2.17	1.01	-0.53
2006/09/13[3]	-0.38	-0.17	0.32	-1.18	1.03	-0.85
2006/09/22[5]	0.05	-0.14	1.19	-0.65	0.99	-0.3
2007/07/13[5]	-3.79	0.03	0.08	-3.8	0.85	-0.27
2008/01/15[2]	-3.58	-1.03	-1.03	-4.06	1.11	-0.56
2008/06/03[2]	-0.18	-0.25	0.17	-1.96	0.99	-0.54
2008/08/15[5]	-4.86	0.28	0.3	-4.97	0.95	-0.55
2009/01/21[3]	1.15	0.34	1.22	-0.6	1.22	-0.71
2009/11/11[3]	0.56	0.22	1.47	0.17	0.89	-0.34
2009/12/15[2]	-1.16	-0.47	0.42	-1.31	0.99	-0.82
2010/01/19[2]	-3.25	0.19	0.29	-3.59	1.0	-0.08
2010/02/22[1]	-1.18	-0.23	-0.23	-2.38	1.19	-0.74
2010/03/10[3]	-0.19	0.07	0.62	-0.92	0.91	-0.93
2010/03/22[1]	-0.38	0.08	0.39	-0.59	1.02	-0.0
2010/03/23[2]	-0.12	0.09	0.44	-0.36	0.98	-0.38
2010/04/15[4]	-0.77	-0.08	-0.04	-1.19	1.03	-0.35
2010/07/27[2]	2.45	0.01	2.52	-0.37	0.93	-0.24
2010/12/06[1]	1.89	-0.28	2.42	-1.39	0.95	-0.16
2011/02/01[2]	-1.53	-0.73	0.42	-1.81	0.84	-0.03
2011/05/11[3]	-1.07	-0.72	0.38	-1.07	1.17	-0.12
2011/05/19[4]	0.02	0.08	0.52	-0.23	1.07	-0.59
2011/07/28[4]	-0.79	-0.13	0.25	-1.41	1.0	-0.26
2011/08/16[2]	-0.58	-0.15	0.52	-0.75	0.87	-0.87
2011/12/08[4]	-1.05	-0.67	0.03	-1.47	1.32	-0.27
2012/02/13[1]	-0.43	-0.11	0.13	-1.11	1.02	-0.06
2012/07/04[3]	-1.64	-0.61	-0.61	-2.11	0.89	-0.4
2012/12/21[5]	-0.31	-0.13	0.5	-0.61	1.09	-0.4
2013/01/04[5]	0.14	-0.24	0.4	-0.68	1.07	-0.22
2013/03/25[1]	-0.93	-0.25	0.28	-1.76	0.96	-0.32
2013/04/08[1]	0.44	0.13	1.27	0.09	1.03	-0.12
2013/05/09[4]	0.23	-0.39	0.74	-0.61	1.11	-0.27
2013/07/03[3]	1.3	-0.81	2.57	-1.38	1.05	-0.84
2013/08/23[5]	2.06	0.41	2.21	0.17	1.14	-0.96
2013/09/13[5]	-0.33	0.22	0.4	-0.69	0.93	-0.31
2013/10/15[2]	-1.81	-0.41	-0.11	-2.31	1.0	-0.68
2014/02/13[4]	0.34	-0.21	0.49	-0.45	1.05	-0.57
2014/04/14[1]	-1.76	-0.2	-0.2	-1.9	0.92	-0.05
2014/04/24[4]	-1.29	0.06	0.53	-1.29	1.06	-0.21
2014/05/22[4]	0.8	0.07	0.88	-0.31	1.28	-0.29
2014/05/27[2]	1.66	0.04	1.67	-0.19	0.92	-0.21
2014/07/01[2]	0.18	0.01	0.3	-0.54	1.0	-0.62
2014/07/04[5]	-0.17	0.04	0.54	-0.44	0.9	-0.02
2014/07/16[3]	-0.92	-0.15	-0.15	-1.52	0.87	-0.58
2014/09/09[2]	-0.52	-0.45	-0.36	-1.12	0.99	-0.16
2014/10/13[1]	-0.3	-0.16	0.44	-0.72	0.9	-0.58
2015/05/14[4]	-2.19	-0.46	-0.46	-2.89	0.97	-0.98
2015/12/11[5]	2.2	-0.91	2.2	-1.07	0.9	-0.39
2016/06/07[2]	-0.3	-0.17	0.24	-1.12	0.96	-0.15
2016/06/21[2]	1.64	-0.23	1.64	-0.27	1.18	-0.88
2016/07/15[5]	-0.57	-0.28	0.11	-1.06	0.96	-0.28
2016/08/05[5]	1.22	-0.26	1.22	-0.8	0.96	-0.23
------------------------------------------------------------------------
增加成交量匹配条件：
------------------------------------------------------------------------
模式识别结果统计:
统计总数	<=0(占比%)	>=1	<-1
10   	 5(50.00%)	2	5
收盘涨幅:-1.42	-1.28	-1.18	-1.12	-1.05	0.13	0.25	0.33	1.15	1.64
收盘涨幅中位数:-0.46
------------------------------------------------------------------------
日期[星期]	次日涨幅	次日开盘	次日最高	次日最低	量能	当日涨幅
1992/01/13[1]	-1.42	-0.03	0.05	-1.9	1.04	-0.92
2001/02/15[4]	0.13	-0.19	0.18	-1.5	1.15	-0.74
2001/05/09[3]	0.25	-0.0	0.77	-0.03	1.22	-0.26
2003/03/05[3]	-1.28	0.03	0.03	-1.4	1.11	-0.22
2003/09/12[5]	-1.12	-0.1	0.59	-1.28	1.15	-0.8
2005/01/12[3]	0.33	-0.03	0.57	-0.3	1.09	-0.17
2009/01/21[3]	1.15	0.34	1.22	-0.6	1.22	-0.71
2010/02/22[1]	-1.18	-0.23	-0.23	-2.38	1.19	-0.74
2011/12/08[4]	-1.05	-0.67	0.03	-1.47	1.32	-0.27
2016/06/21[2]	1.64	-0.23	1.64	-0.27	1.18	-0.88
------------------------------------------------------------------------
昨日市场情绪指数43.10
