------------------------------------------------------------------------
999999
------------------------------------------------------------------------
--------正在查找历史K线日期：！！！！日期选完，请注意看K线趋势，同时注意成交量的表现：
------------------------------------------------------------------------
--------最近交易日的相关数据：
日期[星期]    	涨幅	最大涨幅	最小涨幅	量比	波动幅度	
2016/08/04[4]	0.13	0.15	-0.66	0.95	0.8
2016/08/05[5]	-0.19	0.31	-0.36	1.06	0.67
2016/08/08[1]	0.93	0.94	-0.59	1.1	1.53
------------------------------------------------------------------------
模式识别结果统计:
统计总数	<=0(占比%)	>=1	<-1
21   	12(57.14%)	2	3
收盘涨幅:-1.7	-1.61	-1.58	-0.74	-0.71	-0.66	-0.5	-0.47	-0.47	-0.37	-0.11	-0.08	0.03	0.22	0.29	0.45	0.51	0.74	0.9	1.73	3.39
收盘涨幅中位数:-0.11
------------------------------------------------------------------------
日期[星期]	次日涨幅	次日开盘	次日最高	次日最低	量能	当日涨幅
1997/12/25[4]	0.9	0.55	1.1	0.44	1.13	0.99
2000/07/18[2]	0.22	0.32	0.53	-0.33	1.11	0.58
2000/08/07[1]	0.51	0.16	0.52	0.07	0.7	0.64
2000/08/14[1]	0.03	0.13	0.31	-0.49	0.99	0.66
2000/08/21[1]	-1.61	0.16	0.28	-1.62	1.26	0.89
2000/11/22[3]	0.29	0.28	0.59	-0.19	0.97	0.73
2001/03/19[1]	0.45	0.14	0.46	0.03	1.13	0.81
2002/10/16[3]	-1.58	0.04	0.09	-1.69	1.36	0.83
2003/03/03[1]	-0.08	0.13	0.28	-0.5	1.22	0.9
2005/09/19[1]	-0.66	0.13	0.24	-1.29	1.15	0.63
2006/06/23[5]	1.73	0.13	1.87	0.13	1.08	0.6
2009/01/22[4]	-0.71	-0.19	0.19	-0.93	0.99	1.0
2010/08/19[4]	-1.7	-0.41	-0.17	-1.9	0.96	0.81
2012/08/21[2]	-0.5	0.03	0.14	-0.98	1.3	0.54
2013/09/06[5]	3.39	0.53	3.67	0.53	1.13	0.83
2014/05/28[3]	-0.47	0.08	0.33	-0.54	1.2	0.77
2014/06/13[5]	0.74	-0.0	0.8	-0.06	1.19	0.93
2014/06/26[4]	-0.11	-0.33	0.26	-0.67	1.2	0.65
2014/07/31[4]	-0.74	-0.34	0.78	-0.77	0.89	0.93
2016/04/26[2]	-0.37	0.08	0.38	-0.52	0.94	0.61
2016/06/22[3]	-0.47	-0.11	-0.05	-0.93	0.79	0.94
------------------------------------------------------------------------
增加成交量匹配条件：
------------------------------------------------------------------------
模式识别结果统计:
统计总数	<=0(占比%)	>=1	<-1
 2   	 1(50.00%)	0	0
收盘涨幅:-0.5	0.74
收盘涨幅中位数:0.12
------------------------------------------------------------------------
日期[星期]	次日涨幅	次日开盘	次日最高	次日最低	量能	当日涨幅
2012/08/21[2]	-0.5	0.03	0.14	-0.98	1.3	0.54
2014/06/13[5]	0.74	-0.0	0.8	-0.06	1.19	0.93
------------------------------------------------------------------------
399001
------------------------------------------------------------------------
--------正在查找历史K线日期：！！！！日期选完，请注意看K线趋势，同时注意成交量的表现：
------------------------------------------------------------------------
--------最近交易日的相关数据：
日期[星期]    	涨幅	最大涨幅	最小涨幅	量比	波动幅度	
2016/08/04[4]	0.83	0.92	-0.44	1.11	1.37
2016/08/05[5]	-0.23	0.52	-0.32	0.96	0.84
2016/08/08[1]	1.22	1.22	-0.8	1.06	2.03
------------------------------------------------------------------------
模式识别结果统计:
统计总数	<=0(占比%)	>=1	<-1
15   	 9(60.00%)	1	1
收盘涨幅:-1.06	-0.95	-0.53	-0.41	-0.39	-0.35	-0.07	-0.02	-0.01	0.25	0.28	0.31	0.67	0.97	2.95
收盘涨幅中位数:-0.02
------------------------------------------------------------------------
日期[星期]	次日涨幅	次日开盘	次日最高	次日最低	量能	当日涨幅
2012/08/09[4]	-1.06	-0.02	-0.02	-1.21	1.11	1.38
2012/10/18[4]	-0.02	0.22	0.71	-0.21	1.43	1.82
2013/05/28[2]	-0.39	0.15	0.74	-0.46	1.07	1.96
2013/06/28[5]	0.31	-0.59	0.41	-1.95	0.84	1.99
2013/07/04[4]	0.67	0.62	2.11	0.62	1.09	1.3
2014/05/28[3]	-0.53	0.2	0.7	-0.54	1.26	1.66
2014/06/26[4]	0.28	-0.01	0.73	-0.29	1.27	1.03
2014/07/31[4]	-0.95	-0.47	0.81	-0.96	0.94	1.32
2014/10/08[3]	0.25	0.2	0.63	-0.64	1.11	1.28
2014/11/21[5]	2.95	1.99	3.76	1.59	1.21	1.55
2015/04/10[5]	0.97	0.62	1.16	-0.29	0.85	1.57
2016/04/26[2]	-0.35	0.12	0.68	-0.49	0.98	1.02
2016/05/16[1]	-0.01	0.08	0.98	-0.71	1.05	1.55
2016/06/22[3]	-0.41	-0.09	0.14	-1.12	0.84	1.64
2016/07/04[1]	-0.07	-0.11	0.15	-0.6	1.24	1.45
------------------------------------------------------------------------
增加成交量匹配条件：
------------------------------------------------------------------------
模式识别结果统计:
统计总数	<=0(占比%)	>=1	<-1
 6   	 3(50.00%)	1	1
收盘涨幅:-1.06	-0.53	-0.01	0.25	0.28	2.95
收盘涨幅中位数:0.12
------------------------------------------------------------------------
日期[星期]	次日涨幅	次日开盘	次日最高	次日最低	量能	当日涨幅
2012/08/09[4]	-1.06	-0.02	-0.02	-1.21	1.11	1.38
2014/05/28[3]	-0.53	0.2	0.7	-0.54	1.26	1.66
2014/06/26[4]	0.28	-0.01	0.73	-0.29	1.27	1.03
2014/10/08[3]	0.25	0.2	0.63	-0.64	1.11	1.28
2014/11/21[5]	2.95	1.99	3.76	1.59	1.21	1.55
2016/05/16[1]	-0.01	0.08	0.98	-0.71	1.05	1.55
