------------------------------------------------------------------------
999999
------------------------------------------------------------------------
--------正在查找历史K线日期：！！！！日期选完，请注意看K线趋势，同时注意成交量的表现：
------------------------------------------------------------------------
--------最近交易日的相关数据：
日期[星期]    	涨幅	最大涨幅	最小涨幅	量比	波动幅度	
2016/08/03[3]	0.24	0.33	-0.49	1.22	0.82
2016/08/04[4]	0.13	0.15	-0.66	0.95	0.8
2016/08/05[5]	-0.19	0.31	-0.36	1.06	0.67
------------------------------------------------------------------------
模式识别结果统计:
统计总数	<=0(占比%)	>=1	<-1
45   	25(55.56%)	0	7
收盘涨幅:-3.16	-2.59	-1.69	-1.65	-1.25	-1.24	-1.17	-0.95	-0.94	-0.85	-0.58	-0.37	-0.36	-0.35	-0.31	-0.3	-0.3	-0.27	-0.2	-0.15	-0.13	-0.07	-0.06	-0.05	-0.03	0.01	0.02	0.03	0.07	0.1	0.14	0.16	0.18	0.18	0.19	0.27	0.28	0.4	0.48	0.58	0.6	0.64	0.89	0.9	0.94
收盘涨幅中位数:-0.06
------------------------------------------------------------------------
日期[星期]	次日涨幅	次日开盘	次日最高	次日最低	量能	当日涨幅
1991/01/16[3]	0.01	-0.42	0.01	-0.44	0.35	-0.37
1991/02/25[1]	-0.35	-0.37	0.03	-0.37	0.24	-0.35
1991/04/05[5]	-0.37	-0.35	-0.35	-0.4	1.1	-0.15
1992/01/20[1]	0.16	0.16	0.16	0.0	1.78	0.0
1992/02/12[3]	0.19	0.25	0.36	0.2	0.91	0.0
1992/03/13[5]	0.18	0.16	0.28	0.0	0.24	-0.14
1992/03/19[4]	0.18	0.16	0.19	0.0	3.38	-0.09
1992/03/24[2]	-0.15	-0.1	0.09	-0.15	0.43	-0.05
1992/03/31[2]	-0.06	0.08	0.16	-0.06	1.37	-0.05
1992/04/09[4]	0.1	-0.03	0.1	-0.12	1.7	-0.2
1993/07/23[5]	-3.16	-0.43	-0.43	-3.16	1.36	-0.24
1998/05/19[2]	-0.36	0.03	0.21	-0.74	0.76	-0.43
1999/11/09[2]	-0.95	-0.02	-0.02	-1.86	0.92	-0.5
2000/07/17[1]	0.58	0.0	0.58	-0.04	0.98	-0.24
2000/08/04[5]	0.64	-0.06	0.64	-0.42	1.07	-0.49
2000/08/18[5]	0.89	0.25	0.89	0.15	0.9	-0.07
2000/09/14[4]	-0.05	-0.07	-0.05	-0.64	0.73	-0.47
2001/02/14[3]	-0.85	0.01	0.19	-0.95	0.81	-0.02
2001/05/22[2]	-0.58	0.02	0.14	-1.59	0.45	-0.15
2001/06/07[4]	-0.3	-0.03	-0.02	-0.81	0.91	-0.39
2003/02/28[5]	0.9	-0.02	0.91	-0.06	0.8	-0.12
2003/07/31[4]	0.02	-0.02	0.11	-0.8	0.85	-0.2
2003/12/15[1]	-0.27	-0.08	-0.08	-1.99	0.81	-0.03
2005/02/28[1]	-0.2	-0.06	0.21	-0.79	0.67	-0.49
2005/05/20[5]	-2.59	-0.36	-0.36	-2.71	0.91	-0.38
2005/10/24[1]	-1.69	-0.09	-0.09	-1.74	0.96	-0.01
2005/12/21[3]	0.4	-0.11	0.46	-0.43	1.13	-0.49
2006/01/24[2]	0.48	-0.06	0.65	-0.49	0.99	-0.3
2006/06/22[4]	0.6	-0.1	0.75	-0.88	0.81	-0.13
2006/10/27[5]	0.14	-0.16	0.47	-1.05	1.46	-0.19
2009/11/11[3]	-0.07	0.2	0.78	-0.38	0.9	-0.11
2010/04/07[3]	-0.94	-0.15	-0.14	-1.21	0.86	-0.33
2012/02/13[1]	-0.3	-0.13	0.03	-0.83	0.89	-0.01
2012/05/07[1]	-0.13	-0.02	-0.01	-0.85	1.06	-0.0
2012/05/08[2]	-1.65	-0.67	-0.67	-1.69	0.96	-0.13
2012/07/04[3]	-1.17	-0.41	-0.41	-1.56	0.88	-0.08
2012/09/25[2]	-1.24	-0.07	0.18	-1.47	0.84	-0.19
2012/12/19[3]	0.28	-0.28	0.58	-0.89	0.75	-0.01
2013/01/08[2]	-0.03	-0.21	0.34	-0.75	1.04	-0.41
2013/03/25[1]	-1.25	-0.35	-0.29	-1.96	0.96	-0.07
2014/07/04[5]	0.03	-0.06	0.23	-0.41	0.85	-0.19
2014/11/05[3]	0.27	0.02	0.32	-0.72	0.85	-0.47
2016/05/12[4]	-0.31	-0.26	0.5	-0.77	1.0	-0.04
2016/06/06[1]	0.07	0.07	0.15	-0.36	0.83	-0.16
2016/06/21[2]	0.94	-0.2	0.95	-0.31	1.2	-0.35
------------------------------------------------------------------------
增加成交量匹配条件：
------------------------------------------------------------------------
模式识别结果统计:
统计总数	<=0(占比%)	>=1	<-1
 5   	 1(20.00%)	0	0
收盘涨幅:-0.03	0.1	0.16	0.4	0.64
收盘涨幅中位数:0.16
------------------------------------------------------------------------
日期[星期]	次日涨幅	次日开盘	次日最高	次日最低	量能	当日涨幅
1992/01/20[1]	0.16	0.16	0.16	0.0	1.78	0.0
1992/04/09[4]	0.1	-0.03	0.1	-0.12	1.7	-0.2
2000/08/04[5]	0.64	-0.06	0.64	-0.42	1.07	-0.49
2005/12/21[3]	0.4	-0.11	0.46	-0.43	1.13	-0.49
2013/01/08[2]	-0.03	-0.21	0.34	-0.75	1.04	-0.41
------------------------------------------------------------------------
399001
------------------------------------------------------------------------
--------正在查找历史K线日期：！！！！日期选完，请注意看K线趋势，同时注意成交量的表现：
------------------------------------------------------------------------
--------最近交易日的相关数据：
日期[星期]    	涨幅	最大涨幅	最小涨幅	量比	波动幅度	
2016/08/03[3]	0.3	0.44	-0.43	1.17	0.88
2016/08/04[4]	0.83	0.92	-0.44	1.11	1.37
2016/08/05[5]	-0.23	0.52	-0.32	0.96	0.84
------------------------------------------------------------------------
模式识别结果统计:
统计总数	<=0(占比%)	>=1	<-1
25   	14(56.00%)	5	5
收盘涨幅:-2.19	-1.81	-1.76	-1.64	-1.29	-0.93	-0.92	-0.57	-0.52	-0.33	-0.31	-0.3	-0.3	-0.17	0.14	0.18	0.23	0.34	0.44	0.8	1.3	1.64	1.66	2.06	2.2
收盘涨幅中位数:-0.30
------------------------------------------------------------------------
日期[星期]	次日涨幅	次日开盘	次日最高	次日最低	量能	当日涨幅
2012/07/04[3]	-1.64	-0.61	-0.61	-2.11	0.89	-0.4
2012/12/21[5]	-0.31	-0.13	0.5	-0.61	1.09	-0.4
2013/01/04[5]	0.14	-0.24	0.4	-0.68	1.07	-0.22
2013/03/25[1]	-0.93	-0.25	0.28	-1.76	0.96	-0.32
2013/04/08[1]	0.44	0.13	1.27	0.09	1.03	-0.12
2013/05/09[4]	0.23	-0.39	0.74	-0.61	1.11	-0.27
2013/07/03[3]	1.3	-0.81	2.57	-1.38	1.05	-0.84
2013/08/23[5]	2.06	0.41	2.21	0.17	1.14	-0.96
2013/09/13[5]	-0.33	0.22	0.4	-0.69	0.93	-0.31
2013/10/15[2]	-1.81	-0.41	-0.11	-2.31	1.0	-0.68
2014/02/13[4]	0.34	-0.21	0.49	-0.45	1.05	-0.57
2014/04/14[1]	-1.76	-0.2	-0.2	-1.9	0.92	-0.05
2014/04/24[4]	-1.29	0.06	0.53	-1.29	1.06	-0.21
2014/05/22[4]	0.8	0.07	0.88	-0.31	1.28	-0.29
2014/05/27[2]	1.66	0.04	1.67	-0.19	0.92	-0.21
2014/07/01[2]	0.18	0.01	0.3	-0.54	1.0	-0.62
2014/07/04[5]	-0.17	0.04	0.54	-0.44	0.9	-0.02
2014/07/16[3]	-0.92	-0.15	-0.15	-1.52	0.87	-0.58
2014/09/09[2]	-0.52	-0.45	-0.36	-1.12	0.99	-0.16
2014/10/13[1]	-0.3	-0.16	0.44	-0.72	0.9	-0.58
2015/05/14[4]	-2.19	-0.46	-0.46	-2.89	0.97	-0.98
2015/12/11[5]	2.2	-0.91	2.2	-1.07	0.9	-0.39
2016/06/07[2]	-0.3	-0.17	0.24	-1.12	0.96	-0.15
2016/06/21[2]	1.64	-0.23	1.64	-0.27	1.18	-0.88
2016/07/15[5]	-0.57	-0.28	0.11	-1.06	0.96	-0.28
------------------------------------------------------------------------
增加成交量匹配条件：
------------------------------------------------------------------------
模式识别结果统计:
统计总数	<=0(占比%)	>=1	<-1
 4   	 4(100.00%)	0	2
收盘涨幅:-2.19	-1.64	-0.92	-0.17
收盘涨幅中位数:-1.28
------------------------------------------------------------------------
日期[星期]	次日涨幅	次日开盘	次日最高	次日最低	量能	当日涨幅
2012/07/04[3]	-1.64	-0.61	-0.61	-2.11	0.89	-0.4
2014/07/04[5]	-0.17	0.04	0.54	-0.44	0.9	-0.02
2014/07/16[3]	-0.92	-0.15	-0.15	-1.52	0.87	-0.58
2015/05/14[4]	-2.19	-0.46	-0.46	-2.89	0.97	-0.98
------------------------------------------------------------------------
999999
------------------------------------------------------------------------
--------正在查找历史K线日期：！！！！日期选完，请注意看K线趋势，同时注意成交量的表现：
------------------------------------------------------------------------
--------最近交易日的相关数据：
日期[星期]    	涨幅	最大涨幅	最小涨幅	量比	波动幅度	
2016/08/03[3]	0.24	0.33	-0.49	1.22	0.82
2016/08/04[4]	0.13	0.15	-0.66	0.95	0.8
2016/08/05[5]	-0.19	0.31	-0.36	1.06	0.67
------------------------------------------------------------------------
模式识别结果统计:
统计总数	<=0(占比%)	>=1	<-1
45   	25(55.56%)	0	7
收盘涨幅:-3.16	-2.59	-1.69	-1.65	-1.25	-1.24	-1.17	-0.95	-0.94	-0.85	-0.58	-0.37	-0.36	-0.35	-0.31	-0.3	-0.3	-0.27	-0.2	-0.15	-0.13	-0.07	-0.06	-0.05	-0.03	0.01	0.02	0.03	0.07	0.1	0.14	0.16	0.18	0.18	0.19	0.27	0.28	0.4	0.48	0.58	0.6	0.64	0.89	0.9	0.94
收盘涨幅中位数:-0.06
------------------------------------------------------------------------
日期[星期]	次日涨幅	次日开盘	次日最高	次日最低	量能	当日涨幅
1991/01/16[3]	0.01	-0.42	0.01	-0.44	0.35	-0.37
1991/02/25[1]	-0.35	-0.37	0.03	-0.37	0.24	-0.35
1991/04/05[5]	-0.37	-0.35	-0.35	-0.4	1.1	-0.15
1992/01/20[1]	0.16	0.16	0.16	0.0	1.78	0.0
1992/02/12[3]	0.19	0.25	0.36	0.2	0.91	0.0
1992/03/13[5]	0.18	0.16	0.28	0.0	0.24	-0.14
1992/03/19[4]	0.18	0.16	0.19	0.0	3.38	-0.09
1992/03/24[2]	-0.15	-0.1	0.09	-0.15	0.43	-0.05
1992/03/31[2]	-0.06	0.08	0.16	-0.06	1.37	-0.05
1992/04/09[4]	0.1	-0.03	0.1	-0.12	1.7	-0.2
1993/07/23[5]	-3.16	-0.43	-0.43	-3.16	1.36	-0.24
1998/05/19[2]	-0.36	0.03	0.21	-0.74	0.76	-0.43
1999/11/09[2]	-0.95	-0.02	-0.02	-1.86	0.92	-0.5
2000/07/17[1]	0.58	0.0	0.58	-0.04	0.98	-0.24
2000/08/04[5]	0.64	-0.06	0.64	-0.42	1.07	-0.49
2000/08/18[5]	0.89	0.25	0.89	0.15	0.9	-0.07
2000/09/14[4]	-0.05	-0.07	-0.05	-0.64	0.73	-0.47
2001/02/14[3]	-0.85	0.01	0.19	-0.95	0.81	-0.02
2001/05/22[2]	-0.58	0.02	0.14	-1.59	0.45	-0.15
2001/06/07[4]	-0.3	-0.03	-0.02	-0.81	0.91	-0.39
2003/02/28[5]	0.9	-0.02	0.91	-0.06	0.8	-0.12
2003/07/31[4]	0.02	-0.02	0.11	-0.8	0.85	-0.2
2003/12/15[1]	-0.27	-0.08	-0.08	-1.99	0.81	-0.03
2005/02/28[1]	-0.2	-0.06	0.21	-0.79	0.67	-0.49
2005/05/20[5]	-2.59	-0.36	-0.36	-2.71	0.91	-0.38
2005/10/24[1]	-1.69	-0.09	-0.09	-1.74	0.96	-0.01
2005/12/21[3]	0.4	-0.11	0.46	-0.43	1.13	-0.49
2006/01/24[2]	0.48	-0.06	0.65	-0.49	0.99	-0.3
2006/06/22[4]	0.6	-0.1	0.75	-0.88	0.81	-0.13
2006/10/27[5]	0.14	-0.16	0.47	-1.05	1.46	-0.19
2009/11/11[3]	-0.07	0.2	0.78	-0.38	0.9	-0.11
2010/04/07[3]	-0.94	-0.15	-0.14	-1.21	0.86	-0.33
2012/02/13[1]	-0.3	-0.13	0.03	-0.83	0.89	-0.01
2012/05/07[1]	-0.13	-0.02	-0.01	-0.85	1.06	-0.0
2012/05/08[2]	-1.65	-0.67	-0.67	-1.69	0.96	-0.13
2012/07/04[3]	-1.17	-0.41	-0.41	-1.56	0.88	-0.08
2012/09/25[2]	-1.24	-0.07	0.18	-1.47	0.84	-0.19
2012/12/19[3]	0.28	-0.28	0.58	-0.89	0.75	-0.01
2013/01/08[2]	-0.03	-0.21	0.34	-0.75	1.04	-0.41
2013/03/25[1]	-1.25	-0.35	-0.29	-1.96	0.96	-0.07
2014/07/04[5]	0.03	-0.06	0.23	-0.41	0.85	-0.19
2014/11/05[3]	0.27	0.02	0.32	-0.72	0.85	-0.47
2016/05/12[4]	-0.31	-0.26	0.5	-0.77	1.0	-0.04
2016/06/06[1]	0.07	0.07	0.15	-0.36	0.83	-0.16
2016/06/21[2]	0.94	-0.2	0.95	-0.31	1.2	-0.35
------------------------------------------------------------------------
增加成交量匹配条件：
------------------------------------------------------------------------
模式识别结果统计:
统计总数	<=0(占比%)	>=1	<-1
 5   	 1(20.00%)	0	0
收盘涨幅:-0.03	0.1	0.16	0.4	0.64
收盘涨幅中位数:0.16
------------------------------------------------------------------------
日期[星期]	次日涨幅	次日开盘	次日最高	次日最低	量能	当日涨幅
1992/01/20[1]	0.16	0.16	0.16	0.0	1.78	0.0
1992/04/09[4]	0.1	-0.03	0.1	-0.12	1.7	-0.2
2000/08/04[5]	0.64	-0.06	0.64	-0.42	1.07	-0.49
2005/12/21[3]	0.4	-0.11	0.46	-0.43	1.13	-0.49
2013/01/08[2]	-0.03	-0.21	0.34	-0.75	1.04	-0.41
------------------------------------------------------------------------
399001
------------------------------------------------------------------------
--------正在查找历史K线日期：！！！！日期选完，请注意看K线趋势，同时注意成交量的表现：
------------------------------------------------------------------------
--------最近交易日的相关数据：
日期[星期]    	涨幅	最大涨幅	最小涨幅	量比	波动幅度	
2016/08/03[3]	0.3	0.44	-0.43	1.17	0.88
2016/08/04[4]	0.83	0.92	-0.44	1.11	1.37
2016/08/05[5]	-0.23	0.52	-0.32	0.96	0.84
------------------------------------------------------------------------
模式识别结果统计:
统计总数	<=0(占比%)	>=1	<-1
25   	14(56.00%)	5	5
收盘涨幅:-2.19	-1.81	-1.76	-1.64	-1.29	-0.93	-0.92	-0.57	-0.52	-0.33	-0.31	-0.3	-0.3	-0.17	0.14	0.18	0.23	0.34	0.44	0.8	1.3	1.64	1.66	2.06	2.2
收盘涨幅中位数:-0.30
------------------------------------------------------------------------
日期[星期]	次日涨幅	次日开盘	次日最高	次日最低	量能	当日涨幅
2012/07/04[3]	-1.64	-0.61	-0.61	-2.11	0.89	-0.4
2012/12/21[5]	-0.31	-0.13	0.5	-0.61	1.09	-0.4
2013/01/04[5]	0.14	-0.24	0.4	-0.68	1.07	-0.22
2013/03/25[1]	-0.93	-0.25	0.28	-1.76	0.96	-0.32
2013/04/08[1]	0.44	0.13	1.27	0.09	1.03	-0.12
2013/05/09[4]	0.23	-0.39	0.74	-0.61	1.11	-0.27
2013/07/03[3]	1.3	-0.81	2.57	-1.38	1.05	-0.84
2013/08/23[5]	2.06	0.41	2.21	0.17	1.14	-0.96
2013/09/13[5]	-0.33	0.22	0.4	-0.69	0.93	-0.31
2013/10/15[2]	-1.81	-0.41	-0.11	-2.31	1.0	-0.68
2014/02/13[4]	0.34	-0.21	0.49	-0.45	1.05	-0.57
2014/04/14[1]	-1.76	-0.2	-0.2	-1.9	0.92	-0.05
2014/04/24[4]	-1.29	0.06	0.53	-1.29	1.06	-0.21
2014/05/22[4]	0.8	0.07	0.88	-0.31	1.28	-0.29
2014/05/27[2]	1.66	0.04	1.67	-0.19	0.92	-0.21
2014/07/01[2]	0.18	0.01	0.3	-0.54	1.0	-0.62
2014/07/04[5]	-0.17	0.04	0.54	-0.44	0.9	-0.02
2014/07/16[3]	-0.92	-0.15	-0.15	-1.52	0.87	-0.58
2014/09/09[2]	-0.52	-0.45	-0.36	-1.12	0.99	-0.16
2014/10/13[1]	-0.3	-0.16	0.44	-0.72	0.9	-0.58
2015/05/14[4]	-2.19	-0.46	-0.46	-2.89	0.97	-0.98
2015/12/11[5]	2.2	-0.91	2.2	-1.07	0.9	-0.39
2016/06/07[2]	-0.3	-0.17	0.24	-1.12	0.96	-0.15
2016/06/21[2]	1.64	-0.23	1.64	-0.27	1.18	-0.88
2016/07/15[5]	-0.57	-0.28	0.11	-1.06	0.96	-0.28
------------------------------------------------------------------------
增加成交量匹配条件：
------------------------------------------------------------------------
模式识别结果统计:
统计总数	<=0(占比%)	>=1	<-1
 4   	 4(100.00%)	0	2
收盘涨幅:-2.19	-1.64	-0.92	-0.17
收盘涨幅中位数:-1.28
------------------------------------------------------------------------
日期[星期]	次日涨幅	次日开盘	次日最高	次日最低	量能	当日涨幅
2012/07/04[3]	-1.64	-0.61	-0.61	-2.11	0.89	-0.4
2014/07/04[5]	-0.17	0.04	0.54	-0.44	0.9	-0.02
2014/07/16[3]	-0.92	-0.15	-0.15	-1.52	0.87	-0.58
2015/05/14[4]	-2.19	-0.46	-0.46	-2.89	0.97	-0.98
