------------------------------------------------------------------------
999999
------------------------------------------------------------------------
--------正在查找历史K线日期：！！！！日期选完，请注意看K线趋势，同时注意成交量的表现：
------------------------------------------------------------------------
--------最近交易日的相关数据：
日期[星期]    	涨幅	最大涨幅	最小涨幅	量比	波动幅度	
2016/08/19[5]	0.13	0.3	-0.69	0.85	0.98
2016/08/22[1]	-0.75	0.15	-0.79	0.95	0.94
2016/08/23[2]	0.16	0.53	-0.37	0.87	0.89
------------------------------------------------------------------------
模式识别结果统计:
统计总数	<=0(占比%)	>=1	<-1
33   	20(60.61%)	7	8
收盘涨幅:-2.8	-2.69	-1.92	-1.64	-1.54	-1.42	-1.23	-1.08	-0.79	-0.76	-0.75	-0.68	-0.63	-0.53	-0.47	-0.35	-0.33	-0.3	-0.24	-0.21	0.22	0.22	0.42	0.6	0.88	0.96	1.0	1.01	1.14	1.23	1.96	2.47	2.53
收盘涨幅中位数:-0.33
------------------------------------------------------------------------
日期[星期]	次日涨幅	次日开盘	次日最高	次日最低	量能	当日涨幅
1992/07/03[5]	1.0	0.72	2.19	0.09	1.62	0.14
1993/09/10[5]	-2.69	-0.88	-0.88	-3.32	0.72	0.21
1994/02/18[5]	-1.92	0.1	0.1	-2.15	0.96	0.08
1998/02/19[4]	-0.53	0.16	0.43	-0.65	0.72	0.22
1998/06/05[5]	-0.35	0.24	0.47	-0.54	0.99	0.16
1999/05/05[3]	1.01	-0.01	1.07	-0.03	1.07	0.47
1999/12/07[2]	-0.24	0.04	0.19	-0.44	0.91	0.09
2001/08/15[3]	-1.42	0.05	0.16	-1.48	0.61	0.4
2002/03/25[1]	-1.54	-0.04	-0.0	-1.99	0.82	0.34
2002/04/19[5]	-0.47	-0.09	0.12	-0.98	1.11	0.43
2002/07/16[2]	0.6	0.05	0.63	-0.68	0.82	0.22
2002/12/06[5]	-0.33	-0.07	0.37	-0.68	0.8	0.05
2003/02/18[2]	0.96	0.01	0.98	-0.43	0.65	-0.0
2003/03/14[5]	0.22	-0.06	0.24	-0.86	0.93	0.09
2003/08/07[4]	-1.08	-0.01	0.0	-1.27	1.01	0.08
2003/08/29[5]	1.96	0.1	1.97	-0.13	1.19	0.44
2003/10/21[2]	2.47	0.13	2.84	-0.09	1.28	0.35
2004/07/08[4]	-0.63	-0.0	0.83	-0.74	0.88	0.1
2004/07/21[3]	-2.8	0.01	0.11	-3.0	0.77	0.01
2006/03/27[1]	0.22	-0.01	0.52	-0.23	0.83	0.09
2006/09/08[5]	0.42	0.01	0.43	-0.9	0.83	0.41
2006/10/13[5]	-0.75	0.17	0.25	-1.03	0.81	0.36
2010/03/24[3]	-1.23	-0.18	-0.18	-1.46	0.97	0.12
2010/06/04[5]	-1.64	-1.77	-1.04	-2.43	0.77	0.04
2011/11/28[1]	1.23	0.67	1.27	0.22	1.02	0.12
2012/09/12[3]	-0.76	-0.13	0.17	-0.78	1.05	0.28
2012/10/12[5]	-0.3	0.0	0.11	-0.94	0.92	0.1
2012/10/24[3]	-0.68	-0.06	0.6	-0.73	1.0	0.07
2012/12/24[1]	2.53	-0.22	2.84	-0.56	0.76	0.27
2013/01/23[3]	-0.79	-0.03	1.81	-1.45	0.79	0.25
2014/05/08[4]	-0.21	0.06	0.26	-0.69	1.05	0.26
2015/11/24[2]	0.88	-0.06	0.89	-0.24	0.79	0.16
2016/07/25[1]	1.14	-0.06	1.15	-0.07	0.89	0.1
------------------------------------------------------------------------
增加成交量匹配条件：
------------------------------------------------------------------------
模式识别结果统计:
统计总数	<=0(占比%)	>=1	<-1
 7   	 6(85.71%)	0	5
收盘涨幅:-2.8	-2.69	-1.92	-1.54	-1.42	-0.3	0.42
收盘涨幅中位数:-1.54
------------------------------------------------------------------------
日期[星期]	次日涨幅	次日开盘	次日最高	次日最低	量能	当日涨幅
1993/09/10[5]	-2.69	-0.88	-0.88	-3.32	0.72	0.21
1994/02/18[5]	-1.92	0.1	0.1	-2.15	0.96	0.08
2001/08/15[3]	-1.42	0.05	0.16	-1.48	0.61	0.4
2002/03/25[1]	-1.54	-0.04	-0.0	-1.99	0.82	0.34
2004/07/21[3]	-2.8	0.01	0.11	-3.0	0.77	0.01
2006/09/08[5]	0.42	0.01	0.43	-0.9	0.83	0.41
2012/10/12[5]	-0.3	0.0	0.11	-0.94	0.92	0.1
------------------------------------------------------------------------
昨日市场情绪指数:	47.07
------------------------------------------------------------------------
市场风险指数:	3.15
------------------------------------------------------------------------
周期(日)	幅度	低点	高点	点位	涨幅	信号
5日	0.25	3073.53	3140.44	3090.26	0.02%	注意压力位！
5日	0.33	3073.53	3140.44	3095.61	0.19%	注意压力位！
5日	0.5	3073.53	3140.44	3106.99	0.56%	注意压力位！
5日	0.618	3073.53	3140.44	3114.88	0.81%	注意压力位！
5日	0.825	3073.53	3140.44	3128.73	1.25%
10日	0.25	2998.68	3140.44	3034.12	-1.83%
10日	0.33	2998.68	3140.44	3045.46	-1.45%
10日	0.5	2998.68	3140.44	3069.56	-0.66%	支撑位！
10日	0.618	2998.68	3140.44	3086.29	-0.11%	支撑位！
10日	0.825	2998.68	3140.44	3115.63	0.83%	注意压力位！
20日	0.25	2931.96	3140.44	2984.08	-3.54%
20日	0.33	2931.96	3140.44	3000.76	-2.96%
20日	0.5	2931.96	3140.44	3036.20	-1.76%
20日	0.618	2931.96	3140.44	3060.80	-0.94%	支撑位！
20日	0.825	2931.96	3140.44	3103.96	0.46%	注意压力位！
30日	0.25	2931.96	3140.44	2984.08	-3.54%
30日	0.33	2931.96	3140.44	3000.76	-2.96%
30日	0.5	2931.96	3140.44	3036.20	-1.76%
30日	0.618	2931.96	3140.44	3060.80	-0.94%	支撑位！
30日	0.825	2931.96	3140.44	3103.96	0.46%	注意压力位！
60日	0.25	2794.66	3140.44	2881.11	-7.24%
60日	0.33	2794.66	3140.44	2908.77	-6.22%
60日	0.5	2794.66	3140.44	2967.55	-4.12%
60日	0.618	2794.66	3140.44	3008.35	-2.70%
60日	0.825	2794.66	3140.44	3079.93	-0.32%	支撑位！
90日	0.25	2780.76	3140.44	2870.68	-7.63%
90日	0.33	2780.76	3140.44	2899.45	-6.56%
90日	0.5	2780.76	3140.44	2960.60	-4.36%
90日	0.618	2780.76	3140.44	3003.04	-2.89%
90日	0.825	2780.76	3140.44	3077.50	-0.40%	支撑位！
120日	0.25	2732.54	3140.44	2834.51	-9.00%
120日	0.33	2732.54	3140.44	2867.15	-7.76%
120日	0.5	2732.54	3140.44	2936.49	-5.22%
120日	0.618	2732.54	3140.44	2984.62	-3.52%
120日	0.825	2732.54	3140.44	3069.06	-0.67%	支撑位！
150日	0.25	2638.3	3140.44	2763.84	-11.79%
150日	0.33	2638.3	3140.44	2804.01	-10.19%
150日	0.5	2638.3	3140.44	2889.37	-6.93%
150日	0.618	2638.3	3140.44	2948.62	-4.78%
150日	0.825	2638.3	3140.44	3052.57	-1.22%
180日	0.25	2638.3	3684.57	2899.87	-6.55%
180日	0.33	2638.3	3684.57	2983.57	-3.56%
180日	0.5	2638.3	3684.57	3161.44	2.27%
180日	0.618	2638.3	3684.57	3284.89	5.94%
180日	0.825	2638.3	3684.57	3501.47	11.76%
------------------------------------------------------------------------
399001
------------------------------------------------------------------------
--------正在查找历史K线日期：！！！！日期选完，请注意看K线趋势，同时注意成交量的表现：
------------------------------------------------------------------------
--------最近交易日的相关数据：
日期[星期]    	涨幅	最大涨幅	最小涨幅	量比	波动幅度	
2016/08/19[5]	-0.06	0.3	-0.55	0.85	0.85
2016/08/22[1]	-1.3	0.2	-1.3	0.99	1.51
2016/08/23[2]	0.18	0.58	-0.48	0.88	1.06
------------------------------------------------------------------------
模式识别结果统计:
统计总数	<=0(占比%)	>=1	<-1
64   	34(53.12%)	15	10
收盘涨幅:-5.28	-4.13	-2.96	-2.87	-2.63	-2.13	-1.56	-1.38	-1.13	-1.05	-0.87	-0.83	-0.8	-0.75	-0.7	-0.7	-0.68	-0.68	-0.56	-0.55	-0.54	-0.52	-0.48	-0.39	-0.38	-0.38	-0.37	-0.35	-0.24	-0.23	-0.07	-0.04	-0.03	-0.02	0.02	0.04	0.05	0.06	0.2	0.24	0.3	0.34	0.39	0.56	0.6	0.67	0.75	0.81	0.99	1.01	1.14	1.18	1.35	1.36	1.38	1.58	1.72	1.78	2.38	2.39	2.57	2.67	2.88	4.22
收盘涨幅中位数:-0.04
------------------------------------------------------------------------
日期[星期]	次日涨幅	次日开盘	次日最高	次日最低	量能	当日涨幅
1991/06/18[2]	-0.54	-0.49	0.02	-0.74	0.71	0.03
1991/06/25[2]	0.56	-0.56	0.75	-0.9	2.24	0.04
1992/01/17[5]	1.38	0.02	2.17	-0.17	0.94	0.86
1992/10/07[3]	-0.38	0.15	0.74	-0.77	0.8	0.72
1994/02/18[5]	-2.87	-0.44	-0.25	-2.99	0.76	0.19
1994/03/11[5]	4.22	2.18	5.96	1.62	1.43	0.59
1994/11/18[5]	-0.83	-0.58	-0.06	-1.41	1.14	0.04
1995/03/17[5]	0.81	1.14	2.11	-0.9	1.23	1.0
1995/06/01[4]	-0.56	0.28	0.38	-0.56	1.26	0.86
1995/07/12[3]	1.36	0.03	1.66	0.03	0.63	0.12
1995/11/14[2]	0.39	-0.02	0.4	-0.7	0.91	0.2
1996/08/12[1]	0.99	0.11	0.99	-0.17	1.05	0.34
1997/03/06[4]	-0.37	0.21	0.72	-0.84	0.75	0.83
1997/04/14[1]	1.14	0.38	1.29	-0.16	0.93	0.57
1998/03/10[2]	-0.48	0.23	1.33	-0.65	1.13	0.06
1998/11/20[5]	-0.68	0.12	0.37	-1.1	0.87	0.19
1999/11/02[2]	-0.39	0.09	0.6	-1.06	0.64	0.42
1999/11/05[5]	2.39	0.39	2.72	0.1	0.97	0.82
2000/07/04[2]	-0.38	0.13	0.38	-0.48	1.12	0.3
2000/07/18[2]	-0.03	0.25	0.64	-0.51	1.5	0.52
2000/12/12[2]	-0.52	0.07	0.08	-0.62	0.79	0.81
2001/01/09[2]	1.01	0.05	1.04	-0.01	0.73	0.43
2002/01/10[4]	-2.96	-0.01	-0.01	-3.01	2.02	0.32
2002/03/27[3]	0.06	0.01	0.95	-0.34	0.87	0.2
2002/05/27[1]	0.6	0.32	1.13	0.1	0.72	0.1
2002/09/17[2]	-0.68	-0.05	-0.05	-0.79	1.04	0.12
2002/10/29[2]	0.02	-0.01	0.36	-0.98	1.1	0.93
2003/02/24[1]	1.78	0.11	1.81	0.11	0.58	0.0
2003/06/24[2]	-0.75	0.07	0.33	-0.92	0.77	0.45
2003/09/16[2]	-1.13	-0.03	-0.01	-1.39	1.2	0.91
2003/10/17[5]	-0.02	-0.07	0.34	-0.42	0.77	0.31
2003/11/10[1]	0.34	-0.1	0.72	-1.02	0.63	0.07
2004/05/26[3]	2.67	0.16	2.85	-0.33	0.79	0.95
2004/08/24[2]	-0.55	0.1	0.13	-1.03	1.59	0.98
2004/08/30[1]	1.72	1.23	2.77	1.02	0.81	0.22
2005/01/18[2]	-0.7	-0.01	0.01	-0.81	0.93	0.78
2005/03/03[4]	-0.07	0.03	0.54	-0.2	0.71	0.99
2005/04/19[2]	-1.38	-0.31	-0.3	-1.79	0.98	0.19
2005/05/17[2]	-0.7	-0.11	0.97	-1.95	1.06	0.52
2005/07/19[2]	1.18	0.19	1.48	-0.24	0.88	0.31
2005/12/06[2]	0.67	-0.05	0.78	-0.23	0.78	0.57
2006/06/12[1]	-0.35	-0.51	0.85	-1.22	0.63	0.21
2006/06/15[4]	2.88	0.53	2.88	0.53	0.88	0.15
2007/09/20[4]	0.04	0.31	0.6	-2.44	0.94	0.82
2008/10/23[4]	-2.63	-0.12	0.72	-3.66	0.97	0.75
2009/12/10[4]	0.05	0.53	1.25	-0.18	0.85	0.7
2010/01/08[5]	-0.8	2.2	2.55	-1.34	0.8	0.24
2010/05/05[3]	-5.28	-0.61	-0.61	-5.29	1.31	0.39
2011/01/11[2]	0.2	0.41	1.08	-1.08	0.88	0.44
2011/05/13[5]	-0.87	-0.38	0.49	-0.91	0.89	0.7
2011/09/14[3]	0.24	0.16	1.08	-0.09	1.08	0.44
2011/12/22[4]	0.75	-0.11	2.14	-0.48	1.22	0.28
2012/03/01[4]	2.38	0.18	2.39	0.18	0.83	0.06
2012/03/26[1]	-1.05	0.13	0.63	-1.16	0.8	0.62
2012/05/15[2]	-2.13	-0.32	-0.32	-2.13	0.93	0.38
2013/06/05[3]	-1.56	-0.42	0.05	-1.62	0.71	0.21
2013/11/11[1]	1.35	0.13	1.59	-0.01	0.85	0.16
2014/02/07[5]	2.57	0.51	2.77	0.46	1.18	0.58
2014/04/16[3]	-0.23	0.21	0.59	-0.37	0.84	0.25
2014/06/20[5]	-0.04	0.14	0.81	-0.16	0.74	0.21
2014/08/08[5]	1.58	0.21	1.67	0.21	0.82	0.16
2014/11/19[3]	-0.24	-0.17	0.14	-0.42	1.05	0.35
2016/04/19[2]	-4.13	0.28	0.42	-5.57	0.9	0.32
2016/08/02[2]	0.3	-0.21	0.44	-0.43	0.75	0.64
------------------------------------------------------------------------
增加成交量匹配条件：
------------------------------------------------------------------------
模式识别结果统计:
统计总数	<=0(占比%)	>=1	<-1
 9   	 7(77.78%)	2	3
收盘涨幅:-4.13	-1.38	-1.05	-0.75	-0.68	-0.39	-0.35	1.35	2.38
收盘涨幅中位数:-0.68
------------------------------------------------------------------------
日期[星期]	次日涨幅	次日开盘	次日最高	次日最低	量能	当日涨幅
1998/11/20[5]	-0.68	0.12	0.37	-1.1	0.87	0.19
1999/11/02[2]	-0.39	0.09	0.6	-1.06	0.64	0.42
2003/06/24[2]	-0.75	0.07	0.33	-0.92	0.77	0.45
2005/04/19[2]	-1.38	-0.31	-0.3	-1.79	0.98	0.19
2006/06/12[1]	-0.35	-0.51	0.85	-1.22	0.63	0.21
2012/03/01[4]	2.38	0.18	2.39	0.18	0.83	0.06
2012/03/26[1]	-1.05	0.13	0.63	-1.16	0.8	0.62
2013/11/11[1]	1.35	0.13	1.59	-0.01	0.85	0.16
2016/04/19[2]	-4.13	0.28	0.42	-5.57	0.9	0.32
------------------------------------------------------------------------
昨日市场情绪指数:	48.42
------------------------------------------------------------------------
市场风险指数:	2.08
------------------------------------------------------------------------
周期(日)	幅度	低点	高点	点位	涨幅	信号
5日	0.25	10680.1	10946.75	10746.76	-0.03%	支撑位！
5日	0.33	10680.1	10946.75	10768.09	0.17%	注意压力位！
5日	0.5	10680.1	10946.75	10813.42	0.58%	注意压力位！
5日	0.618	10680.1	10946.75	10844.89	0.87%	注意压力位！
5日	0.825	10680.1	10946.75	10900.09	1.37%
10日	0.25	10364.48	10946.75	10510.05	-2.29%
10日	0.33	10364.48	10946.75	10556.63	-1.83%
10日	0.5	10364.48	10946.75	10655.61	-0.89%	支撑位！
10日	0.618	10364.48	10946.75	10724.32	-0.24%	支撑位！
10日	0.825	10364.48	10946.75	10844.85	0.87%	注意压力位！
20日	0.25	10086.66	10946.75	10301.68	-4.35%
20日	0.33	10086.66	10946.75	10370.49	-3.66%
20日	0.5	10086.66	10946.75	10516.70	-2.22%
20日	0.618	10086.66	10946.75	10618.20	-1.24%
20日	0.825	10086.66	10946.75	10796.23	0.43%	注意压力位！
30日	0.25	10086.66	10946.75	10301.68	-4.35%
30日	0.33	10086.66	10946.75	10370.49	-3.66%
30日	0.5	10086.66	10946.75	10516.70	-2.22%
30日	0.618	10086.66	10946.75	10618.20	-1.24%
30日	0.825	10086.66	10946.75	10796.23	0.43%	注意压力位！
60日	0.25	9681.25	10946.75	9997.62	-7.53%
60日	0.33	9681.25	10946.75	10098.86	-6.45%
60日	0.5	9681.25	10946.75	10314.00	-4.23%
60日	0.618	9681.25	10946.75	10463.33	-2.74%
60日	0.825	9681.25	10946.75	10725.29	-0.23%	支撑位！
90日	0.25	9544.13	10946.75	9894.78	-8.65%
90日	0.33	9544.13	10946.75	10006.99	-7.43%
90日	0.5	9544.13	10946.75	10245.44	-4.93%
90日	0.618	9544.13	10946.75	10410.95	-3.26%
90日	0.825	9544.13	10946.75	10701.29	-0.46%	支撑位！
120日	0.25	9254.25	10946.75	9677.38	-11.09%
120日	0.33	9254.25	10946.75	9812.77	-9.55%
120日	0.5	9254.25	10946.75	10100.50	-6.43%
120日	0.618	9254.25	10946.75	10300.22	-4.37%
120日	0.825	9254.25	10946.75	10650.56	-0.94%	支撑位！
150日	0.25	8986.53	10946.75	9476.59	-13.44%
150日	0.33	8986.53	10946.75	9633.40	-11.59%
150日	0.5	8986.53	10946.75	9966.64	-7.86%
150日	0.618	8986.53	10946.75	10197.95	-5.42%
150日	0.825	8986.53	10946.75	10603.71	-1.38%
180日	0.25	8986.53	13187.06	10036.66	-7.11%
180日	0.33	8986.53	13187.06	10372.70	-3.64%
180日	0.5	8986.53	13187.06	11086.80	3.04%
180日	0.618	8986.53	13187.06	11582.46	7.18%
180日	0.825	8986.53	13187.06	12451.97	13.67%
