------------------------------------------------------------------------
999999
------------------------------------------------------------------------
--------正在查找历史K线日期：！！！！日期选完，请注意看K线趋势，同时注意成交量的表现：
------------------------------------------------------------------------
--------最近交易日的相关数据：
日期[星期]    	涨幅	最大涨幅	最小涨幅	量比	波动幅度	
2016/07/28[4]	0.08	0.38	-0.8	0.68	1.18
2016/07/29[5]	-0.5	0.19	-0.71	0.79	0.91
2016/08/01[1]	-0.87	-0.22	-1.59	0.98	1.37
------------------------------------------------------------------------
模式识别结果统计:
统计总数	<=0(占比%)	>=1	<-1
26   	15(57.69%)	3	3
收盘涨幅:-1.13	-1.02	-1.0	-0.71	-0.65	-0.61	-0.51	-0.51	-0.43	-0.24	-0.23	-0.18	-0.1	-0.06	-0.03	0.03	0.03	0.13	0.17	0.23	0.43	0.85	0.86	1.34	1.96	2.51
收盘涨幅中位数:-0.08
------------------------------------------------------------------------
日期[星期]	次日涨幅	次日开盘	次日最高	次日最低	量能	当日涨幅
1992/06/23[2]	-0.61	-0.63	0.0	-1.18	0.7	-1.0
1993/11/03[3]	-0.18	-0.13	0.12	-1.54	1.04	-0.86
1999/11/10[3]	-0.43	-0.04	0.64	-0.63	1.53	-0.95
1999/12/09[4]	0.86	-0.02	0.87	-0.23	0.98	-0.57
2000/04/12[3]	1.34	0.03	1.37	0.02	0.96	-0.76
2000/12/06[3]	-0.03	-0.15	0.12	-0.72	0.82	-0.77
2001/02/15[4]	-0.23	-0.23	-0.22	-1.78	1.03	-0.85
2001/05/23[3]	0.03	0.02	0.24	-0.25	1.33	-0.58
2001/05/28[1]	0.03	-0.09	0.42	-0.14	1.1	-0.63
2001/07/05[4]	-0.51	-0.08	0.26	-0.59	0.89	-0.93
2010/04/08[4]	0.85	0.01	0.89	-0.13	1.11	-0.94
2011/07/07[4]	0.13	0.1	0.47	-0.36	1.15	-0.58
2011/07/19[2]	-0.1	0.48	0.73	-0.63	0.86	-0.7
2011/12/09[5]	-1.02	-0.13	0.02	-1.08	0.78	-0.62
2012/04/17[2]	1.96	0.26	2.08	0.12	0.99	-0.94
2012/06/07[4]	-0.51	0.57	0.6	-0.72	1.03	-0.71
2013/04/12[5]	-1.13	-0.31	-0.08	-1.33	0.91	-0.58
2013/05/31[5]	-0.06	-0.02	0.56	-0.28	0.97	-0.74
2013/08/15[4]	-0.65	-0.28	5.62	-0.97	0.87	-0.87
2014/01/09[4]	-0.71	-0.2	0.08	-0.97	1.06	-0.82
2014/03/27[4]	-0.24	0.01	0.66	-0.55	1.16	-0.83
2014/04/24[4]	-1.0	0.17	0.42	-1.04	1.0	-0.5
2014/07/17[4]	0.17	-0.39	0.57	-0.47	0.76	-0.57
2015/12/11[5]	2.51	-0.9	2.54	-1.03	0.91	-0.61
2015/12/24[4]	0.43	0.04	0.63	-0.3	0.76	-0.65
2016/07/08[5]	0.23	0.19	1.17	0.09	0.76	-0.95
------------------------------------------------------------------------
增加成交量匹配条件：
------------------------------------------------------------------------
模式识别结果统计:
统计总数	<=0(占比%)	>=1	<-1
 3   	 3(100.00%)	0	1
收盘涨幅:-1.13	-0.65	-0.06
收盘涨幅中位数:-0.65
------------------------------------------------------------------------
日期[星期]	次日涨幅	次日开盘	次日最高	次日最低	量能	当日涨幅
2013/04/12[5]	-1.13	-0.31	-0.08	-1.33	0.91	-0.58
2013/05/31[5]	-0.06	-0.02	0.56	-0.28	0.97	-0.74
2013/08/15[4]	-0.65	-0.28	5.62	-0.97	0.87	-0.87
------------------------------------------------------------------------
399001
------------------------------------------------------------------------
--------正在查找历史K线日期：！！！！日期选完，请注意看K线趋势，同时注意成交量的表现：
------------------------------------------------------------------------
--------最近交易日的相关数据：
日期[星期]    	涨幅	最大涨幅	最小涨幅	量比	波动幅度	
2016/07/28[4]	-0.09	0.73	-1.38	0.68	2.11
2016/07/29[5]	-0.64	0.14	-0.98	0.77	1.12
2016/08/01[1]	-1.39	-0.38	-2.35	1.02	1.97
------------------------------------------------------------------------
模式识别结果统计:
统计总数	<=0(占比%)	>=1	<-1
10   	 6(60.00%)	3	1
收盘涨幅:-1.58	-0.99	-0.51	-0.51	-0.15	-0.07	0.58	1.36	1.36	2.24
收盘涨幅中位数:-0.11
------------------------------------------------------------------------
日期[星期]	次日涨幅	次日开盘	次日最高	次日最低	量能	当日涨幅
2012/07/20[5]	-1.58	-0.83	-0.83	-1.93	0.84	-1.85
2012/08/17[5]	-0.51	-0.88	-0.18	-1.64	0.91	-1.0
2012/11/08[4]	-0.51	-0.18	0.26	-0.71	1.11	-1.89
2013/02/26[2]	1.36	0.37	1.82	0.27	1.24	-1.44
2013/04/15[1]	1.36	-0.88	1.46	-1.01	1.0	-1.15
2013/05/31[5]	-0.07	0.02	0.95	-0.33	0.98	-1.29
2013/09/17[2]	-0.15	-0.36	0.36	-1.04	1.0	-1.91
2014/01/10[5]	-0.99	-0.02	0.65	-1.66	0.84	-1.27
2014/01/30[4]	0.58	-0.76	0.58	-1.23	0.86	-1.75
2015/02/02[1]	2.24	1.04	2.31	0.28	0.86	-1.68
------------------------------------------------------------------------
增加成交量匹配条件：
------------------------------------------------------------------------
模式识别结果统计:
统计总数	<=0(占比%)	>=1	<-1
 3   	 1(33.33%)	2	0
收盘涨幅:-0.15	1.36	1.36
收盘涨幅中位数:1.36
------------------------------------------------------------------------
日期[星期]	次日涨幅	次日开盘	次日最高	次日最低	量能	当日涨幅
2013/02/26[2]	1.36	0.37	1.82	0.27	1.24	-1.44
2013/04/15[1]	1.36	-0.88	1.46	-1.01	1.0	-1.15
2013/09/17[2]	-0.15	-0.36	0.36	-1.04	1.0	-1.91
