------------------------------------------------------------------------
999999
------------------------------------------------------------------------
--------正在查找历史K线日期：！！！！日期选完，请注意看K线趋势，同时注意成交量的表现：
------------------------------------------------------------------------
--------最近交易日的相关数据：
日期[星期]    	涨幅	最大涨幅	最小涨幅	量比	波动幅度	
2016/08/25[4]	-0.57	-0.4	-1.44	1.19	1.03
2016/08/26[5]	0.06	0.63	-0.14	0.86	0.77
2016/08/29[1]	-0.01	0.15	-0.38	0.97	0.53
------------------------------------------------------------------------
模式识别结果统计:
统计总数	<=0(占比%)	>=1	<-1
19   	10(52.63%)	3	4
收盘涨幅:-2.86	-2.43	-1.84	-1.22	-0.93	-0.63	-0.57	-0.57	-0.47	-0.18	0.01	0.25	0.26	0.35	0.35	0.61	1.02	1.07	2.07
收盘涨幅中位数:-0.18
------------------------------------------------------------------------
日期[星期]	次日涨幅	次日开盘	次日最高	次日最低	量能	当日涨幅
1992/06/16[2]	0.25	0.39	1.7	-0.04	0.93	-0.44
1998/06/08[1]	-2.43	-0.24	-0.24	-3.3	0.88	-0.35
1999/07/29[4]	0.35	0.26	0.59	-0.53	0.82	-0.08
1999/12/08[3]	-0.57	0.0	0.0	-0.79	1.01	-0.24
2001/05/25[5]	-0.63	0.04	0.06	-1.0	0.95	-0.21
2001/07/04[3]	-0.93	0.01	0.1	-1.15	0.71	-0.44
2002/04/22[1]	-0.18	-0.05	0.45	-0.34	0.62	-0.47
2002/09/11[3]	0.26	-0.03	0.7	-0.35	0.89	-0.29
2002/12/09[1]	-1.22	-0.02	0.43	-1.23	0.91	-0.33
2010/06/17[4]	-1.84	-0.14	0.34	-2.15	0.84	-0.38
2012/10/15[1]	0.01	-0.08	0.62	-0.43	0.79	-0.3
2012/11/20[2]	1.07	-0.04	1.11	-0.68	0.94	-0.4
2013/08/22[4]	-0.47	0.43	0.62	-1.83	1.04	-0.28
2013/11/04[1]	0.35	-0.46	0.4	-1.15	0.85	0.0
2014/03/07[5]	-2.86	-0.76	-0.74	-3.03	0.95	-0.08
2014/05/09[5]	2.07	0.59	2.21	0.27	0.98	-0.2
2014/07/21[1]	1.02	-0.19	1.15	-0.23	0.88	-0.22
2016/04/25[1]	0.61	-0.07	0.64	-0.43	0.92	-0.42
2016/08/24[3]	-0.57	-0.4	-0.4	-1.44	0.9	-0.12
------------------------------------------------------------------------
增加成交量匹配条件：
------------------------------------------------------------------------
模式识别结果统计:
统计总数	<=0(占比%)	>=1	<-1
 2   	 1(50.00%)	0	0
收盘涨幅:-0.63	0.25
收盘涨幅中位数:-0.19
------------------------------------------------------------------------
日期[星期]	次日涨幅	次日开盘	次日最高	次日最低	量能	当日涨幅
1992/06/16[2]	0.25	0.39	1.7	-0.04	0.93	-0.44
2001/05/25[5]	-0.63	0.04	0.06	-1.0	0.95	-0.21
------------------------------------------------------------------------
昨日市场情绪指数:	45.83
------------------------------------------------------------------------
市场风险指数:	3.21
------------------------------------------------------------------------
周期(日)	幅度	低点	高点	点位	涨幅	信号
5日	0.25	3041.51	3112.74	3059.32	-0.35%	支撑位！
5日	0.33	3041.51	3112.74	3065.02	-0.16%	支撑位！
5日	0.5	3041.51	3112.74	3077.12	0.23%	注意压力位！
5日	0.618	3041.51	3112.74	3085.53	0.50%	注意压力位！
5日	0.825	3041.51	3112.74	3100.27	0.98%	注意压力位！
10日	0.25	3041.51	3140.44	3066.24	-0.12%	支撑位！
10日	0.33	3041.51	3140.44	3074.16	0.13%	注意压力位！
10日	0.5	3041.51	3140.44	3090.98	0.68%	注意压力位！
10日	0.618	3041.51	3140.44	3102.65	1.05%
10日	0.825	3041.51	3140.44	3123.13	1.70%
20日	0.25	2931.96	3140.44	2984.08	-2.88%
20日	0.33	2931.96	3140.44	3000.76	-2.31%
20日	0.5	2931.96	3140.44	3036.20	-1.11%
20日	0.618	2931.96	3140.44	3060.80	-0.30%	支撑位！
20日	0.825	2931.96	3140.44	3103.96	1.09%
30日	0.25	2931.96	3140.44	2984.08	-2.88%
30日	0.33	2931.96	3140.44	3000.76	-2.31%
30日	0.5	2931.96	3140.44	3036.20	-1.11%
30日	0.618	2931.96	3140.44	3060.80	-0.30%	支撑位！
30日	0.825	2931.96	3140.44	3103.96	1.09%
60日	0.25	2807.6	3140.44	2890.81	-6.20%
60日	0.33	2807.6	3140.44	2917.44	-5.23%
60日	0.5	2807.6	3140.44	2974.02	-3.23%
60日	0.618	2807.6	3140.44	3013.30	-1.88%
60日	0.825	2807.6	3140.44	3082.19	0.39%	注意压力位！
90日	0.25	2780.76	3140.44	2870.68	-6.94%
90日	0.33	2780.76	3140.44	2899.45	-5.88%
90日	0.5	2780.76	3140.44	2960.60	-3.70%
90日	0.618	2780.76	3140.44	3003.04	-2.23%
90日	0.825	2780.76	3140.44	3077.50	0.24%	注意压力位！
120日	0.25	2772.55	3140.44	2864.52	-7.17%
120日	0.33	2772.55	3140.44	2893.95	-6.08%
120日	0.5	2772.55	3140.44	2956.49	-3.84%
120日	0.618	2772.55	3140.44	2999.91	-2.34%
120日	0.825	2772.55	3140.44	3076.06	0.20%	注意压力位！
150日	0.25	2638.3	3140.44	2763.84	-11.08%
150日	0.33	2638.3	3140.44	2804.01	-9.49%
150日	0.5	2638.3	3140.44	2889.37	-6.25%
150日	0.618	2638.3	3140.44	2948.62	-4.12%
150日	0.825	2638.3	3140.44	3052.57	-0.57%	支撑位！
180日	0.25	2638.3	3684.57	2899.87	-5.87%
180日	0.33	2638.3	3684.57	2983.57	-2.90%
180日	0.5	2638.3	3684.57	3161.44	2.89%
180日	0.618	2638.3	3684.57	3284.89	6.54%
180日	0.825	2638.3	3684.57	3501.47	12.32%
------------------------------------------------------------------------
399001
------------------------------------------------------------------------
--------正在查找历史K线日期：！！！！日期选完，请注意看K线趋势，同时注意成交量的表现：
------------------------------------------------------------------------
--------最近交易日的相关数据：
日期[星期]    	涨幅	最大涨幅	最小涨幅	量比	波动幅度	
2016/08/25[4]	-0.76	-0.57	-1.82	1.1	1.25
2016/08/26[5]	0.14	0.99	-0.03	0.93	1.02
2016/08/29[1]	0.29	0.59	-0.11	0.89	0.7
------------------------------------------------------------------------
模式识别结果统计:
统计总数	<=0(占比%)	>=1	<-1
110   	63(57.27%)	18	22
收盘涨幅:-4.84	-2.53	-2.3	-2.06	-1.75	-1.58	-1.58	-1.56	-1.45	-1.42	-1.4	-1.37	-1.37	-1.35	-1.31	-1.3	-1.29	-1.22	-1.1	-1.1	-1.08	-1.08	-0.96	-0.92	-0.92	-0.88	-0.85	-0.8	-0.8	-0.8	-0.78	-0.75	-0.74	-0.71	-0.69	-0.68	-0.67	-0.62	-0.59	-0.56	-0.56	-0.54	-0.51	-0.48	-0.43	-0.4	-0.36	-0.33	-0.3	-0.23	-0.22	-0.22	-0.21	-0.16	-0.16	-0.15	-0.12	-0.12	-0.12	-0.1	-0.08	-0.02	-0.01	0.04	0.04	0.11	0.14	0.14	0.14	0.15	0.21	0.22	0.25	0.35	0.39	0.46	0.48	0.49	0.53	0.55	0.6	0.67	0.72	0.73	0.74	0.75	0.75	0.79	0.84	0.88	0.94	0.95	1.02	1.07	1.18	1.33	1.35	1.68	1.72	2.09	2.1	2.13	2.28	2.59	2.6	2.78	2.92	2.98	3.28	4.06
收盘涨幅中位数:-0.15
------------------------------------------------------------------------
日期[星期]	次日涨幅	次日开盘	次日最高	次日最低	量能	当日涨幅
1991/08/01[4]	-0.23	-0.51	0.07	-0.78	1.26	0.16
1991/09/23[1]	-0.36	-0.26	-0.1	-0.73	2.48	0.07
1991/09/26[4]	0.84	0.0	1.37	-0.37	0.71	0.32
1992/01/10[5]	-0.92	0.1	0.13	-1.25	0.79	0.28
1992/03/12[4]	0.04	0.12	0.46	-0.57	0.72	0.37
1992/03/24[2]	4.06	0.01	4.61	-0.28	1.2	0.86
1992/10/12[1]	-0.62	0.55	0.92	-1.02	2.31	0.04
1993/04/13[2]	-0.71	0.27	0.61	-1.46	0.82	0.33
1993/04/16[5]	-1.42	0.43	0.98	-1.71	1.14	0.99
1994/03/18[5]	-2.3	0.65	1.26	-2.74	1.85	0.18
1995/04/07[5]	2.1	2.89	4.11	1.79	3.24	0.88
1995/04/21[5]	-4.84	-4.91	-4.05	-7.99	1.08	0.3
1995/06/26[1]	-0.69	-0.24	0.65	-0.92	1.26	0.78
1995/09/04[1]	-0.56	-0.15	0.16	-1.01	0.57	0.34
1995/10/16[1]	0.79	0.22	1.16	0.22	1.03	0.73
1995/11/06[1]	-0.68	-0.05	-0.05	-0.94	0.86	0.43
1995/11/20[1]	0.55	-0.01	0.64	-0.01	0.75	0.28
1995/12/08[5]	-1.56	-0.15	0.15	-1.64	1.17	0.38
1996/01/15[1]	-0.12	-0.18	0.31	-0.4	0.73	0.26
1996/02/12[1]	2.78	0.02	3.17	0.0	0.97	0.5
1996/03/14[4]	0.21	-0.41	0.44	-0.89	1.39	0.45
1996/03/25[1]	-0.8	-0.08	0.18	-1.02	1.3	0.23
1996/04/01[1]	-1.08	-0.19	-0.19	-1.28	1.14	0.58
1997/12/10[3]	0.6	0.33	0.65	-1.2	1.02	0.78
1998/02/18[3]	0.53	-0.01	0.77	-0.33	0.94	0.16
1998/05/22[5]	0.72	0.08	0.82	-0.58	1.22	0.26
1998/05/25[1]	-0.22	0.3	0.61	-0.56	1.26	0.72
1998/06/01[1]	-0.16	0.18	0.46	-0.65	1.1	0.46
1998/10/16[5]	0.74	0.2	0.89	0.2	1.26	0.79
1999/01/22[5]	-1.29	0.21	0.44	-1.4	1.06	0.64
1999/03/24[3]	-1.45	-0.15	-0.15	-1.56	0.66	0.43
1999/07/29[4]	0.39	0.23	0.73	-0.57	0.88	0.2
1999/08/24[2]	-1.75	0.17	0.32	-2.33	1.16	0.29
2000/06/26[1]	-0.15	0.22	0.34	-0.67	1.09	0.32
2000/06/29[4]	-0.33	0.13	0.46	-0.6	1.08	0.46
2000/07/26[3]	0.73	0.46	1.78	0.33	1.37	0.81
2000/08/01[2]	-0.12	0.12	0.46	-0.68	1.23	0.22
2000/08/08[2]	0.67	-0.08	0.75	-0.12	0.89	0.78
2000/08/17[4]	-0.1	0.06	0.21	-0.41	0.8	0.25
2000/08/25[5]	0.14	0.1	0.21	-0.2	0.77	0.29
2000/11/02[4]	-0.01	0.16	0.34	-0.31	1.18	0.54
2000/11/17[5]	0.14	-0.04	0.18	-1.24	0.92	0.01
2000/12/01[5]	0.11	0.18	0.3	-0.34	1.43	0.41
2000/12/29[5]	0.95	0.07	0.99	-0.39	1.16	1.0
2001/02/14[3]	-0.74	0.06	0.44	-0.83	0.65	0.11
2001/03/07[3]	1.33	0.01	1.56	-0.4	1.92	0.31
2001/04/10[2]	0.14	0.16	0.34	-0.47	0.92	0.67
2001/04/30[1]	0.75	0.17	0.91	0.14	0.82	0.07
2001/05/11[5]	0.94	0.07	0.95	-0.36	1.32	0.33
2001/06/06[3]	-0.92	0.05	0.13	-1.01	0.72	0.4
2001/07/04[3]	-0.67	0.03	0.23	-0.99	0.61	0.14
2002/07/03[3]	-1.3	0.19	0.51	-1.34	1.07	0.61
2002/07/30[2]	-0.75	0.05	0.49	-0.89	1.27	0.1
2002/08/02[5]	-0.56	0.06	0.06	-0.66	0.66	0.11
2002/08/14[3]	-0.48	0.04	0.04	-0.65	1.07	0.78
2002/08/19[1]	1.68	-0.04	1.78	-0.08	0.79	0.14
2002/09/03[2]	-0.43	0.09	0.36	-0.55	1.12	0.26
2002/12/13[5]	1.02	0.09	1.03	-0.28	1.19	0.88
2003/03/24[1]	-1.1	-0.0	0.08	-1.15	0.77	0.22
2003/07/15[2]	0.48	0.16	0.51	-0.24	1.3	0.51
2003/07/23[3]	-0.78	-0.1	-0.06	-1.0	0.83	0.42
2003/07/30[3]	0.46	0.1	0.85	-0.1	0.97	0.42
2003/09/11[4]	-0.8	0.0	0.0	-0.93	0.97	0.39
2003/09/24[3]	-1.08	0.1	0.17	-1.24	0.99	0.35
2003/12/04[4]	-0.51	0.07	0.21	-1.05	0.89	0.38
2003/12/10[3]	-0.08	0.27	0.36	-0.55	1.52	0.97
2004/04/07[3]	-0.54	-0.02	-0.02	-0.86	1.01	0.3
2004/05/19[3]	-0.8	0.09	0.8	-1.08	1.26	0.46
2004/07/29[4]	-1.37	0.04	0.06	-1.49	1.09	0.78
2004/08/18[3]	-1.35	0.08	0.08	-1.91	1.01	0.22
2004/10/19[2]	0.15	-0.07	0.18	-1.33	1.14	0.37
2005/01/10[1]	0.22	0.04	0.46	-0.27	0.89	0.89
2005/05/20[5]	-2.06	-0.17	-0.17	-2.35	0.93	0.09
2005/10/24[1]	-1.58	-0.1	-0.1	-1.68	0.9	0.48
2005/11/09[3]	-1.58	0.02	0.02	-1.71	1.14	0.36
2005/11/17[4]	2.98	0.02	3.64	-0.04	1.02	0.13
2005/12/23[5]	0.75	0.05	1.16	0.02	1.28	0.78
2006/02/15[3]	-2.53	-0.13	-0.06	-2.63	1.14	0.82
2006/08/25[5]	2.92	0.09	2.97	0.08	1.24	0.51
2006/09/12[2]	-0.85	-0.04	0.55	-0.86	1.1	0.43
2006/09/21[4]	-0.3	0.12	0.65	-0.67	0.99	0.82
2008/01/03[4]	1.18	0.32	1.59	-0.27	1.3	0.31
2009/05/18[1]	1.07	0.96	1.47	0.44	0.97	0.4
2009/11/09[1]	0.88	0.75	1.45	0.6	0.84	0.38
2009/11/13[5]	3.28	0.68	3.28	0.68	1.03	0.64
2010/01/29[5]	-1.22	-0.1	-0.09	-2.43	1.2	0.14
2010/12/03[5]	-0.16	0.35	0.71	-0.62	0.84	0.27
2011/05/10[2]	-0.12	0.1	0.54	-0.81	1.0	0.76
2011/05/18[3]	-0.59	0.32	0.91	-0.63	0.8	0.84
2011/07/11[1]	-1.37	-0.76	-0.46	-1.66	1.0	0.28
2012/02/21[2]	1.72	0.15	1.75	0.06	0.94	0.82
2012/04/11[3]	2.09	0.16	2.15	-0.23	1.04	0.06
2012/06/18[1]	-1.31	-0.25	-0.25	-1.5	0.99	0.94
2012/10/31[3]	2.28	0.04	2.51	0.04	1.02	0.9
2012/12/20[4]	-0.4	0.11	1.4	-0.72	1.04	0.62
2012/12/31[1]	-0.22	0.96	1.1	-1.37	1.06	0.99
2013/01/08[2]	0.49	-0.36	0.75	-0.48	1.2	0.02
2013/03/15[5]	-1.1	-0.56	0.58	-1.36	1.32	0.13
2013/04/02[2]	0.04	0.53	1.13	-0.33	1.17	0.25
2013/08/09[5]	2.59	0.44	2.6	0.34	1.1	0.38
2013/08/22[4]	-0.96	0.44	0.75	-2.42	1.06	0.11
2013/10/11[5]	0.25	-0.01	0.89	-0.35	0.97	0.6
2014/02/17[1]	-1.4	0.04	0.04	-1.71	1.24	0.76
2014/05/26[1]	-0.21	-0.14	0.42	-0.29	1.16	0.47
2014/07/03[4]	-0.02	0.15	0.38	-0.23	1.1	0.34
2014/07/14[1]	0.35	0.0	0.49	-0.12	1.11	1.0
2014/07/21[1]	1.35	-0.18	1.52	-0.22	0.95	0.21
2014/11/07[5]	2.13	0.78	2.14	0.2	1.24	0.28
2015/03/13[5]	2.6	0.66	2.63	0.29	0.9	0.67
2016/06/20[1]	-0.88	0.62	1.32	-1.26	0.88	0.39
------------------------------------------------------------------------
增加成交量匹配条件：
------------------------------------------------------------------------
模式识别结果统计:
统计总数	<=0(占比%)	>=1	<-1
12   	 6(50.00%)	1	2
收盘涨幅:-1.58	-1.1	-0.92	-0.88	-0.56	-0.3	0.04	0.14	0.14	0.53	0.67	2.78
收盘涨幅中位数:-0.13
------------------------------------------------------------------------
日期[星期]	次日涨幅	次日开盘	次日最高	次日最低	量能	当日涨幅
1992/03/12[4]	0.04	0.12	0.46	-0.57	0.72	0.37
1995/09/04[1]	-0.56	-0.15	0.16	-1.01	0.57	0.34
1996/02/12[1]	2.78	0.02	3.17	0.0	0.97	0.5
1998/02/18[3]	0.53	-0.01	0.77	-0.33	0.94	0.16
2000/08/08[2]	0.67	-0.08	0.75	-0.12	0.89	0.78
2000/08/25[5]	0.14	0.1	0.21	-0.2	0.77	0.29
2001/04/10[2]	0.14	0.16	0.34	-0.47	0.92	0.67
2001/06/06[3]	-0.92	0.05	0.13	-1.01	0.72	0.4
2003/03/24[1]	-1.1	-0.0	0.08	-1.15	0.77	0.22
2005/10/24[1]	-1.58	-0.1	-0.1	-1.68	0.9	0.48
2006/09/21[4]	-0.3	0.12	0.65	-0.67	0.99	0.82
2016/06/20[1]	-0.88	0.62	1.32	-1.26	0.88	0.39
------------------------------------------------------------------------
昨日市场情绪指数:	48.82
------------------------------------------------------------------------
市场风险指数:	3.06
------------------------------------------------------------------------
周期(日)	幅度	低点	高点	点位	涨幅	信号
5日	0.25	10564.37	10894.85	10646.99	-0.73%	支撑位！
5日	0.33	10564.37	10894.85	10673.43	-0.48%	支撑位！
5日	0.5	10564.37	10894.85	10729.61	0.05%	注意压力位！
5日	0.618	10564.37	10894.85	10768.61	0.41%	注意压力位！
5日	0.825	10564.37	10894.85	10837.02	1.04%
10日	0.25	10552.96	10946.75	10651.41	-0.69%	支撑位！
10日	0.33	10552.96	10946.75	10682.91	-0.39%	支撑位！
10日	0.5	10552.96	10946.75	10749.85	0.24%	注意压力位！
10日	0.618	10552.96	10946.75	10796.32	0.67%	注意压力位！
10日	0.825	10552.96	10946.75	10877.84	1.41%
20日	0.25	10086.66	10946.75	10301.68	-4.10%
20日	0.33	10086.66	10946.75	10370.49	-3.41%
20日	0.5	10086.66	10946.75	10516.70	-1.97%
20日	0.618	10086.66	10946.75	10618.20	-1.00%
20日	0.825	10086.66	10946.75	10796.23	0.67%	注意压力位！
30日	0.25	10086.66	10946.75	10301.68	-4.10%
30日	0.33	10086.66	10946.75	10370.49	-3.41%
30日	0.5	10086.66	10946.75	10516.70	-1.97%
30日	0.618	10086.66	10946.75	10618.20	-1.00%
30日	0.825	10086.66	10946.75	10796.23	0.67%	注意压力位！
60日	0.25	9779.12	10946.75	10071.03	-6.49%
60日	0.33	9779.12	10946.75	10164.44	-5.51%
60日	0.5	9779.12	10946.75	10362.94	-3.49%
60日	0.618	9779.12	10946.75	10500.72	-2.13%
60日	0.825	9779.12	10946.75	10742.41	0.17%	注意压力位！
90日	0.25	9544.13	10946.75	9894.78	-8.38%
90日	0.33	9544.13	10946.75	10006.99	-7.17%
90日	0.5	9544.13	10946.75	10245.44	-4.67%
90日	0.618	9544.13	10946.75	10410.95	-3.01%
90日	0.825	9544.13	10946.75	10701.29	-0.22%	支撑位！
120日	0.25	9254.25	10946.75	9677.38	-10.82%
120日	0.33	9254.25	10946.75	9812.77	-9.29%
120日	0.5	9254.25	10946.75	10100.50	-6.18%
120日	0.618	9254.25	10946.75	10300.22	-4.12%
120日	0.825	9254.25	10946.75	10650.56	-0.69%	支撑位！
150日	0.25	8986.53	10946.75	9476.59	-13.17%
150日	0.33	8986.53	10946.75	9633.40	-11.33%
150日	0.5	8986.53	10946.75	9966.64	-7.60%
150日	0.618	8986.53	10946.75	10197.95	-5.16%
150日	0.825	8986.53	10946.75	10603.71	-1.14%
180日	0.25	8986.53	13187.06	10036.66	-6.85%
180日	0.33	8986.53	13187.06	10372.70	-3.39%
180日	0.5	8986.53	13187.06	11086.80	3.27%
180日	0.618	8986.53	13187.06	11582.46	7.41%
180日	0.825	8986.53	13187.06	12451.97	13.87%
