------------------------------------------------------------------------
999999
------------------------------------------------------------------------
--------正在查找历史K线日期：！！！！日期选完，请注意看K线趋势，同时注意成交量的表现：
------------------------------------------------------------------------
--------最近交易日的相关数据：
日期[星期]    	涨幅	最大涨幅	最小涨幅	量比	波动幅度	
2016/08/17[3]	-0.02	0.14	-0.64	0.77	0.77
2016/08/18[4]	-0.17	0.52	-0.52	1.07	1.04
2016/08/19[5]	0.13	0.3	-0.69	0.85	0.98
------------------------------------------------------------------------
模式识别结果统计:
统计总数	<=0(占比%)	>=1	<-1
34   	17(50.00%)	5	5
收盘涨幅:-2.92	-2.33	-1.78	-1.18	-1.13	-0.89	-0.87	-0.86	-0.7	-0.64	-0.62	-0.56	-0.51	-0.45	-0.03	0.0	-0.0	0.05	0.06	0.12	0.18	0.2	0.27	0.4	0.43	0.5	0.87	0.88	0.97	1.0	1.4	1.41	2.05	2.74
收盘涨幅中位数:0.03
------------------------------------------------------------------------
日期[星期]	次日涨幅	次日开盘	次日最高	次日最低	量能	当日涨幅
1991/02/06[3]	0.5	0.46	0.5	0.0	0.78	0.44
1991/04/01[1]	0.4	0.4	0.46	0.0	5.49	0.45
1991/04/26[5]	-0.7	-0.61	0.63	-0.7	8.93	0.17
1991/07/15[1]	1.0	0.94	1.0	0.0	3.8	0.26
1992/03/26[4]	0.43	0.14	0.44	0.0	0.87	0.27
1992/04/02[4]	0.06	0.08	0.12	0.0	0.41	0.03
1994/04/08[5]	-2.92	-1.47	-1.26	-3.2	0.77	0.23
1994/06/30[4]	-2.33	-0.0	0.03	-2.51	1.39	0.23
1995/10/17[2]	2.05	0.47	2.05	0.47	0.73	0.15
1996/03/15[5]	0.97	-0.1	1.0	-0.23	1.01	0.02
1998/07/30[4]	0.12	0.08	0.31	-0.22	2.56	0.26
1998/11/24[2]	-1.18	0.11	0.39	-1.31	1.47	0.4
2000/10/30[1]	-0.62	0.05	0.33	-0.87	1.1	0.31
2000/12/26[2]	-0.87	0.07	0.17	-0.98	0.86	0.39
2001/06/12[2]	0.88	0.19	0.88	0.18	0.9	0.38
2002/07/29[1]	0.2	0.05	0.39	-0.53	1.04	0.49
2002/09/25[3]	-0.64	0.0	0.13	-0.71	1.04	0.07
2002/10/14[1]	-0.45	-0.01	0.19	-0.63	0.8	0.5
2002/11/01[5]	1.4	0.36	1.42	0.29	0.81	0.22
2003/07/15[2]	0.27	0.0	0.29	-0.33	1.26	0.26
2003/08/19[2]	-0.56	-0.01	0.05	-1.17	0.91	0.32
2003/09/10[3]	0.05	-0.02	0.45	-0.1	0.85	0.22
2004/09/07[2]	-1.13	-0.11	-0.08	-1.67	1.04	0.21
2004/12/03[5]	0.18	0.05	0.42	-0.73	1.04	0.31
2009/11/13[5]	2.74	0.59	2.76	0.59	1.12	0.46
2010/09/21[2]	1.41	0.35	1.45	0.22	0.72	0.11
2012/07/27[5]	-0.89	-0.03	0.42	-0.99	0.98	0.13
2013/01/10[4]	-1.78	0.07	0.29	-2.13	0.98	0.37
2013/08/30[5]	0.0	0.27	0.49	-0.95	1.28	0.05
2013/12/09[1]	-0.03	0.07	0.55	-0.29	0.9	0.05
2014/08/22[5]	-0.51	0.01	0.03	-0.84	0.97	0.46
2015/06/11[4]	0.87	0.42	1.11	-0.36	0.94	0.3
2016/07/21[4]	-0.86	-0.03	0.01	-1.04	1.18	0.37
2016/08/19[5]	-0.0	-0.0	-0.0	-0.0	0.85	0.13
------------------------------------------------------------------------
增加成交量匹配条件：
------------------------------------------------------------------------
模式识别结果统计:
统计总数	<=0(占比%)	>=1	<-1
 8   	 5(62.50%)	0	1
收盘涨幅:-2.92	-0.89	-0.87	-0.45	-0.0	0.05	0.43	0.88
收盘涨幅中位数:-0.23
------------------------------------------------------------------------
日期[星期]	次日涨幅	次日开盘	次日最高	次日最低	量能	当日涨幅
1992/03/26[4]	0.43	0.14	0.44	0.0	0.87	0.27
1994/04/08[5]	-2.92	-1.47	-1.26	-3.2	0.77	0.23
2000/12/26[2]	-0.87	0.07	0.17	-0.98	0.86	0.39
2001/06/12[2]	0.88	0.19	0.88	0.18	0.9	0.38
2002/10/14[1]	-0.45	-0.01	0.19	-0.63	0.8	0.5
2003/09/10[3]	0.05	-0.02	0.45	-0.1	0.85	0.22
2012/07/27[5]	-0.89	-0.03	0.42	-0.99	0.98	0.13
2016/08/19[5]	-0.0	-0.0	-0.0	-0.0	0.85	0.13
------------------------------------------------------------------------
昨日市场情绪指数69.27
------------------------------------------------------------------------
市场风险指数1.54
------------------------------------------------------------------------
399001
------------------------------------------------------------------------
--------正在查找历史K线日期：！！！！日期选完，请注意看K线趋势，同时注意成交量的表现：
------------------------------------------------------------------------
--------最近交易日的相关数据：
日期[星期]    	涨幅	最大涨幅	最小涨幅	量比	波动幅度	
2016/08/17[3]	0.07	0.49	-0.46	0.92	0.95
2016/08/18[4]	-0.11	0.51	-0.52	1.06	1.04
2016/08/19[5]	-0.06	0.3	-0.55	0.85	0.85
------------------------------------------------------------------------
模式识别结果统计:
统计总数	<=0(占比%)	>=1	<-1
135   	75(55.56%)	24	24
收盘涨幅:-6.22	-4.4	-2.93	-2.67	-2.27	-2.22	-2.21	-1.91	-1.85	-1.74	-1.74	-1.65	-1.62	-1.61	-1.59	-1.52	-1.45	-1.42	-1.42	-1.39	-1.38	-1.32	-1.01	-1.0	-0.98	-0.98	-0.96	-0.96	-0.96	-0.95	-0.94	-0.94	-0.92	-0.86	-0.78	-0.75	-0.72	-0.71	-0.7	-0.68	-0.66	-0.63	-0.62	-0.61	-0.61	-0.58	-0.57	-0.5	-0.46	-0.46	-0.4	-0.4	-0.38	-0.33	-0.28	-0.28	-0.23	-0.21	-0.16	-0.16	-0.16	-0.16	-0.15	-0.15	-0.15	-0.15	-0.12	-0.12	-0.1	-0.09	-0.06	-0.02	-0.02	0.0	-0.0	0.05	0.08	0.09	0.1	0.1	0.1	0.14	0.14	0.14	0.15	0.15	0.16	0.18	0.24	0.25	0.25	0.27	0.37	0.38	0.46	0.48	0.5	0.54	0.6	0.67	0.67	0.68	0.7	0.71	0.72	0.74	0.77	0.82	0.9	0.91	0.95	1.02	1.05	1.11	1.17	1.18	1.21	1.25	1.27	1.28	1.3	1.32	1.36	1.36	1.41	1.71	1.73	1.79	1.8	1.99	2.01	2.28	2.3	3.01	4.0
收盘涨幅中位数:-0.12
------------------------------------------------------------------------
日期[星期]	次日涨幅	次日开盘	次日最高	次日最低	量能	当日涨幅
1991/06/29[6]	-0.94	-0.7	-0.43	-1.4	0.42	-0.13
1991/07/25[4]	-1.45	-0.6	-0.34	-1.68	1.4	-0.7
1991/08/06[2]	-0.09	-0.23	0.1	-0.42	1.06	-0.23
1991/08/13[2]	-0.15	-0.15	0.21	-0.35	1.01	-0.24
1991/09/14[6]	-0.71	-0.67	-0.31	-1.72	0.63	-0.4
1991/10/21[1]	-1.74	0.1	0.23	-2.2	1.85	-0.43
1991/12/20[5]	0.25	0.18	0.62	-0.49	1.0	-0.14
1992/03/09[1]	-0.16	0.04	0.59	-1.26	1.27	-0.33
1992/03/20[5]	0.67	-0.06	1.49	-0.67	0.91	-0.53
1993/10/11[1]	0.48	-0.31	0.98	-0.58	1.0	-0.77
1994/06/10[5]	-2.93	-0.38	-0.14	-3.19	0.87	-0.61
1994/11/22[2]	-0.7	-0.76	0.24	-1.85	1.03	-0.36
1994/12/01[4]	-0.57	0.13	0.83	-0.85	0.53	-0.02
1995/01/24[2]	0.67	0.72	2.0	0.44	1.01	-0.37
1995/02/15[3]	-0.94	-1.13	-0.94	-1.64	1.2	-0.13
1995/04/19[3]	0.08	0.11	0.38	-0.29	1.08	-0.77
1995/06/13[2]	-0.46	0.2	0.41	-0.76	0.95	-0.18
1995/06/20[2]	1.11	0.29	1.11	-0.46	1.27	0.0
1995/06/28[3]	-0.72	-0.04	0.17	-1.24	0.53	-0.37
1995/07/26[3]	0.7	0.0	0.7	-0.21	2.06	-0.81
1995/07/31[1]	1.28	0.02	1.28	-0.38	0.73	-0.22
1995/12/07[4]	0.38	0.18	0.96	-0.01	1.73	0.0
1995/12/14[4]	-0.96	-0.08	0.18	-1.28	0.66	-0.52
1995/12/22[5]	-2.27	-0.43	-0.33	-2.44	0.75	-0.08
1996/03/27[3]	-0.68	-0.12	0.08	-0.8	0.77	-0.35
1997/09/01[1]	0.6	-0.0	0.91	-0.48	0.83	-0.59
1997/10/14[2]	2.28	0.12	2.81	-0.23	0.86	-0.03
1998/01/08[4]	-0.16	-0.25	0.43	-1.58	1.09	-0.27
1998/02/13[5]	-0.46	0.14	0.14	-0.85	0.77	-0.12
1998/03/06[5]	-1.01	0.19	0.41	-1.12	1.01	-0.66
1998/06/03[3]	-0.61	-0.05	0.31	-0.73	0.98	-0.38
1998/07/29[3]	-0.38	0.06	0.26	-0.73	0.91	-0.72
1998/12/04[5]	-0.62	2.13	2.3	-0.79	1.01	-0.93
1999/03/10[3]	1.8	-0.25	2.25	-0.25	0.9	-0.78
1999/03/16[2]	-0.28	0.02	1.01	-0.34	0.83	-0.54
1999/05/05[3]	0.95	0.04	0.99	-0.12	1.02	-0.04
1999/08/16[1]	1.79	0.12	4.28	0.12	1.1	-0.94
1999/09/15[3]	-0.61	-0.06	0.26	-0.8	1.04	-0.87
1999/11/04[4]	0.82	-0.2	2.18	-0.2	1.36	-1.0
1999/12/03[5]	-0.86	0.15	0.15	-1.23	0.75	-0.06
1999/12/09[4]	1.71	-0.03	1.76	-0.29	0.91	-0.83
2000/04/24[1]	-0.1	0.05	0.55	-0.85	0.92	-0.57
2000/06/19[1]	-0.4	-0.02	0.43	-0.79	0.78	-0.09
2000/07/06[4]	1.05	0.15	1.31	0.13	0.89	-0.67
2000/07/24[1]	0.14	-0.06	0.37	-0.25	1.03	-0.48
2000/08/14[1]	-0.66	-0.13	0.19	-1.09	0.9	-0.1
2000/09/15[5]	-1.74	0.08	0.08	-1.83	0.69	-0.36
2000/10/31[2]	0.68	0.0	0.75	-0.01	0.96	-0.52
2000/12/22[5]	-0.96	0.02	0.02	-1.21	0.93	-0.46
2001/01/05[5]	-1.52	0.02	0.02	-1.94	0.96	-0.18
2001/04/18[3]	-0.63	-0.05	0.05	-1.56	0.92	-0.62
2001/05/24[4]	0.0	-0.14	0.21	-0.76	0.76	-0.28
2001/05/29[2]	1.73	0.04	1.74	0.04	0.72	-0.35
2001/06/08[5]	-0.98	-0.02	0.05	-1.32	1.06	-0.06
2001/06/27[3]	-0.58	0.08	0.33	-0.72	0.93	-0.28
2001/07/06[5]	-0.12	0.21	0.39	-0.24	0.67	-0.59
2001/07/16[1]	-0.75	0.02	0.05	-1.51	1.44	-0.55
2002/06/13[4]	-0.78	-0.19	-0.19	-0.92	0.5	-0.79
2002/07/25[4]	-0.23	-0.02	0.66	-0.41	1.14	-0.56
2002/08/26[1]	0.25	-0.0	0.43	-0.12	0.9	-0.81
2002/08/29[4]	-0.02	-0.03	0.22	-0.17	0.81	-0.48
2002/09/27[5]	-1.42	-0.51	-0.51	-1.87	0.94	-0.66
2002/12/19[4]	1.36	0.09	1.53	-0.19	0.72	-0.09
2002/12/25[3]	-2.67	-0.15	-0.13	-2.78	1.31	-0.64
2003/02/18[2]	0.91	-0.0	0.91	-0.54	0.7	-0.11
2003/03/18[2]	0.72	-0.08	1.12	-0.58	0.98	-0.35
2003/06/17[2]	0.14	0.06	0.89	0.05	1.16	-0.48
2003/08/19[2]	-0.95	-0.04	0.03	-1.61	1.12	-0.29
2003/08/28[4]	1.17	-0.15	1.17	-0.38	1.03	-0.8
2003/09/22[1]	0.54	-0.21	0.58	-1.05	0.89	-0.64
2003/10/30[4]	0.14	-0.19	1.37	-0.74	0.63	-0.94
2003/12/08[1]	0.46	-0.06	0.5	-0.56	0.89	-0.97
2003/12/12[5]	0.24	0.01	0.51	-0.24	0.81	-0.17
2003/12/17[3]	0.77	-0.18	0.81	-0.33	1.0	-0.71
2004/07/21[3]	-2.22	0.15	0.46	-2.54	1.0	-0.07
2004/08/26[4]	-1.32	-0.02	0.48	-1.63	0.86	-0.26
2004/09/06[1]	0.18	-0.02	0.21	-0.5	0.69	-0.04
2004/11/24[3]	-0.06	-0.07	0.25	-0.43	0.88	-0.56
2004/12/02[4]	0.27	0.14	0.71	-0.05	1.27	-0.42
2004/12/07[2]	0.15	0.39	0.9	-0.01	1.06	-0.96
2004/12/28[2]	-0.21	0.11	0.6	-0.49	1.34	-0.21
2005/02/18[5]	2.01	-0.07	2.03	-0.07	0.88	-0.94
2005/03/01[2]	-1.39	0.17	1.23	-1.48	0.97	-0.83
2005/03/23[3]	-0.16	-0.28	0.48	-1.74	0.96	-0.91
2005/03/29[2]	-2.21	-0.18	-0.18	-2.3	1.02	-0.15
2005/07/06[3]	0.05	-0.05	0.55	-0.47	0.99	-0.74
2005/08/26[5]	-1.38	-0.15	-0.11	-1.64	1.11	-0.71
2005/09/12[1]	1.41	0.11	1.42	-0.16	0.75	-0.34
2006/06/22[4]	1.02	-0.05	1.11	-0.5	0.85	-0.27
2006/09/14[4]	1.99	-0.05	1.99	-0.06	0.88	-0.38
2008/06/04[3]	-0.92	-0.48	-0.26	-1.43	0.96	-0.18
2009/06/08[1]	1.21	0.34	1.21	-1.08	0.88	-0.52
2009/06/23[2]	2.3	-0.04	2.3	-0.18	0.94	-0.58
2010/03/11[4]	-1.61	-0.03	0.07	-1.62	0.9	-0.19
2010/03/23[2]	-0.12	0.09	0.44	-0.36	0.98	-0.38
2010/03/24[3]	-1.65	-0.19	-0.19	-1.72	1.05	-0.12
2010/04/07[3]	-1.62	-0.23	-0.23	-1.98	0.9	-0.56
2010/04/16[5]	-6.22	-1.36	-1.36	-6.24	0.76	-0.77
2010/06/24[4]	-1.42	-0.54	-0.3	-2.08	0.81	-0.05
2010/11/10[3]	-0.15	-0.25	1.69	-0.5	0.94	-0.06
2010/12/16[4]	-0.28	-0.01	0.11	-0.61	0.81	-0.26
2011/07/19[2]	0.1	0.52	0.72	-0.84	0.87	-0.87
2011/07/29[5]	0.1	-0.13	0.7	-0.41	0.92	-0.79
2011/08/03[3]	0.1	0.27	1.05	-0.18	1.01	-0.08
2011/08/17[3]	-1.59	-0.01	0.17	-1.71	0.87	-0.58
2011/11/23[3]	0.09	-0.68	0.66	-1.2	0.96	-0.71
2011/11/28[1]	1.3	0.87	1.3	0.19	0.95	-0.02
2012/02/14[2]	1.36	-0.21	1.9	-0.29	0.88	-0.43
2012/06/28[4]	1.25	-0.09	1.37	-0.21	1.02	-0.35
2012/07/19[4]	-1.85	-0.39	-0.0	-1.94	1.15	-0.05
2012/07/31[2]	1.18	-0.13	1.94	-0.15	0.96	-0.13
2012/08/16[4]	-1.0	-0.11	0.12	-1.91	0.88	-0.83
2012/11/06[2]	-0.33	-0.1	0.43	-0.64	1.08	-0.75
2012/12/24[1]	3.01	-0.21	3.59	-0.69	0.86	-0.31
2013/01/17[4]	1.32	0.53	1.79	-0.25	0.75	-0.49
2013/03/26[2]	-0.02	-0.07	1.42	-0.63	1.01	-0.93
2013/04/11[4]	-0.96	-0.1	0.61	-1.09	0.91	-0.46
2013/08/29[4]	-0.15	-0.21	0.92	-0.63	0.85	-0.54
2013/09/16[1]	-1.91	-0.08	-0.08	-1.91	0.96	-0.33
2013/11/22[5]	-0.4	-0.73	0.79	-0.87	0.91	-0.69
2014/03/05[3]	0.74	-0.21	1.05	-1.53	0.92	-0.67
2014/03/26[3]	-0.98	-0.19	0.45	-1.24	0.82	-0.11
2014/07/07[1]	0.5	-0.03	0.5	-0.6	0.93	-0.17
2014/07/17[4]	0.9	-0.39	1.64	-0.49	0.8	-0.92
2014/08/20[3]	-0.15	-0.02	0.02	-1.48	0.91	-0.25
2014/09/10[3]	-0.5	-0.06	1.13	-0.77	0.99	-0.52
2014/10/14[2]	0.71	0.01	0.86	-0.66	0.99	-0.3
2014/11/05[3]	0.16	0.1	0.3	-0.75	0.92	-0.1
2015/03/26[4]	1.27	0.52	1.71	0.04	0.92	-0.35
2015/12/24[4]	0.37	0.22	0.62	-0.26	0.74	-0.58
2016/05/30[1]	4.0	0.18	4.0	0.18	0.87	-0.46
2016/06/08[3]	-4.4	-1.22	-0.58	-4.4	1.04	-0.3
2016/07/08[5]	-0.16	0.21	1.15	-0.22	0.81	-0.08
2016/07/18[1]	0.15	-0.08	0.2	-0.93	0.97	-0.57
2016/08/19[5]	-0.0	-0.0	-0.0	-0.0	0.85	-0.06
------------------------------------------------------------------------
增加成交量匹配条件：
------------------------------------------------------------------------
模式识别结果统计:
统计总数	<=0(占比%)	>=1	<-1
27   	16(59.26%)	6	2
收盘涨幅:-6.22	-2.27	-0.96	-0.86	-0.78	-0.71	-0.66	-0.46	-0.4	-0.4	-0.28	-0.16	-0.16	-0.12	0.0	-0.0	0.09	0.16	0.37	0.68	0.91	1.02	1.18	1.36	1.71	1.73	2.28
收盘涨幅中位数:-0.12
------------------------------------------------------------------------
日期[星期]	次日涨幅	次日开盘	次日最高	次日最低	量能	当日涨幅
1991/09/14[6]	-0.71	-0.67	-0.31	-1.72	0.63	-0.4
1995/12/14[4]	-0.96	-0.08	0.18	-1.28	0.66	-0.52
1995/12/22[5]	-2.27	-0.43	-0.33	-2.44	0.75	-0.08
1997/10/14[2]	2.28	0.12	2.81	-0.23	0.86	-0.03
1998/02/13[5]	-0.46	0.14	0.14	-0.85	0.77	-0.12
1999/03/16[2]	-0.28	0.02	1.01	-0.34	0.83	-0.54
1999/12/03[5]	-0.86	0.15	0.15	-1.23	0.75	-0.06
1999/12/09[4]	1.71	-0.03	1.76	-0.29	0.91	-0.83
2000/06/19[1]	-0.4	-0.02	0.43	-0.79	0.78	-0.09
2000/08/14[1]	-0.66	-0.13	0.19	-1.09	0.9	-0.1
2000/10/31[2]	0.68	0.0	0.75	-0.01	0.96	-0.52
2001/05/24[4]	0.0	-0.14	0.21	-0.76	0.76	-0.28
2001/05/29[2]	1.73	0.04	1.74	0.04	0.72	-0.35
2001/07/06[5]	-0.12	0.21	0.39	-0.24	0.67	-0.59
2002/06/13[4]	-0.78	-0.19	-0.19	-0.92	0.5	-0.79
2003/02/18[2]	0.91	-0.0	0.91	-0.54	0.7	-0.11
2005/03/23[3]	-0.16	-0.28	0.48	-1.74	0.96	-0.91
2006/06/22[4]	1.02	-0.05	1.11	-0.5	0.85	-0.27
2010/04/16[5]	-6.22	-1.36	-1.36	-6.24	0.76	-0.77
2011/11/23[3]	0.09	-0.68	0.66	-1.2	0.96	-0.71
2012/02/14[2]	1.36	-0.21	1.9	-0.29	0.88	-0.43
2012/07/31[2]	1.18	-0.13	1.94	-0.15	0.96	-0.13
2013/11/22[5]	-0.4	-0.73	0.79	-0.87	0.91	-0.69
2014/11/05[3]	0.16	0.1	0.3	-0.75	0.92	-0.1
2015/12/24[4]	0.37	0.22	0.62	-0.26	0.74	-0.58
2016/07/08[5]	-0.16	0.21	1.15	-0.22	0.81	-0.08
2016/08/19[5]	-0.0	-0.0	-0.0	-0.0	0.85	-0.06
------------------------------------------------------------------------
昨日市场情绪指数45.04
------------------------------------------------------------------------
市场风险指数2.75
