------------------------------------------------------------------------
999999
------------------------------------------------------------------------
--------正在查找历史K线日期：！！！！日期选完，请注意看K线趋势，同时注意成交量的表现：
------------------------------------------------------------------------
--------最近交易日的相关数据：
日期[星期]    	涨幅	最大涨幅	最小涨幅	量比	波动幅度	
2016/08/02[2]	0.61	0.61	-0.23	0.78	0.83
2016/08/03[3]	0.24	0.33	-0.49	1.22	0.82
2016/08/04[4]	0.13	0.15	-0.66	0.95	0.8
------------------------------------------------------------------------
模式识别结果统计:
统计总数	<=0(占比%)	>=1	<-1
32   	 6(18.75%)	3	3
收盘涨幅:-2.33	-1.93	-1.74	-0.47	-0.24	-0.13	0.01	0.03	0.05	0.07	0.1	0.1	0.17	0.19	0.24	0.28	0.29	0.3	0.3	0.31	0.34	0.34	0.36	0.39	0.5	0.5	0.53	0.58	0.94	1.01	1.58	1.85
收盘涨幅中位数:0.29
------------------------------------------------------------------------
日期[星期]	次日涨幅	次日开盘	次日最高	次日最低	量能	当日涨幅
1991/01/08[2]	0.5	0.47	0.5	0.0	13.48	0.47
1991/01/11[5]	0.05	-0.36	0.44	-0.36	1.33	0.47
1991/02/11[1]	0.29	0.44	0.45	0.0	7.55	0.45
1991/11/14[4]	0.34	0.34	0.34	0.0	1.08	0.33
1991/12/05[4]	1.01	1.01	1.01	0.0	2.76	0.33
1991/12/12[4]	0.94	0.87	0.94	0.0	2.36	0.26
1991/12/17[2]	0.3	0.23	0.3	0.0	0.85	0.3
1991/12/25[3]	0.31	0.31	0.31	0.0	1.18	0.32
1991/12/31[2]	0.34	0.34	0.34	0.0	0.5	0.36
1992/01/07[2]	0.3	0.29	0.3	0.0	0.26	0.37
1992/01/16[4]	0.17	0.17	0.17	0.0	1.46	0.07
1992/01/29[3]	0.1	0.1	0.1	0.0	0.6	0.19
1992/03/03[2]	0.36	0.15	0.35	-0.01	0.88	0.44
1992/03/10[2]	0.24	0.17	0.27	-0.07	0.24	0.46
1992/06/29[1]	1.85	1.46	2.02	0.0	1.84	0.42
1996/03/22[5]	0.01	0.1	0.45	-0.14	0.79	0.07
1997/09/08[1]	-1.93	-0.0	0.22	-1.97	1.16	0.29
1999/04/07[3]	0.07	0.12	0.31	-0.76	1.21	0.17
2000/07/14[5]	-0.24	0.29	0.54	-0.35	0.89	0.4
2000/07/28[5]	0.53	0.17	0.54	-0.21	0.86	0.02
2000/08/02[3]	0.28	0.11	0.39	-0.03	1.13	0.12
2000/08/16[3]	0.39	0.16	0.43	0.15	1.14	0.32
2000/09/13[3]	-0.47	0.05	0.17	-0.8	1.33	0.5
2001/04/12[4]	0.5	0.04	0.5	-0.2	1.23	0.16
2004/02/20[5]	-2.33	0.22	0.5	-2.37	0.92	0.28
2006/02/28[2]	0.58	0.01	0.71	-0.1	0.86	0.14
2006/06/21[3]	-0.13	-0.31	0.45	-0.65	1.09	0.36
2007/03/23[5]	1.58	0.31	1.59	-0.16	0.93	0.1
2009/11/09[1]	0.1	0.87	1.12	0.02	0.85	0.36
2012/07/13[5]	-1.74	0.09	0.1	-1.82	0.7	0.02
2014/05/05[1]	0.03	-0.15	0.56	-0.29	1.07	0.05
2014/07/02[3]	0.19	-0.38	0.35	-0.55	1.11	0.44
------------------------------------------------------------------------
增加成交量匹配条件：
------------------------------------------------------------------------
模式识别结果统计:
统计总数	<=0(占比%)	>=1	<-1
 5   	 2(40.00%)	0	1
收盘涨幅:-1.74	-0.24	0.1	0.1	0.24
收盘涨幅中位数:0.10
------------------------------------------------------------------------
日期[星期]	次日涨幅	次日开盘	次日最高	次日最低	量能	当日涨幅
1992/01/29[3]	0.1	0.1	0.1	0.0	0.6	0.19
1992/03/10[2]	0.24	0.17	0.27	-0.07	0.24	0.46
2000/07/14[5]	-0.24	0.29	0.54	-0.35	0.89	0.4
2009/11/09[1]	0.1	0.87	1.12	0.02	0.85	0.36
2012/07/13[5]	-1.74	0.09	0.1	-1.82	0.7	0.02
------------------------------------------------------------------------
399001
------------------------------------------------------------------------
--------正在查找历史K线日期：！！！！日期选完，请注意看K线趋势，同时注意成交量的表现：
------------------------------------------------------------------------
--------最近交易日的相关数据：
日期[星期]    	涨幅	最大涨幅	最小涨幅	量比	波动幅度	
2016/08/02[2]	0.64	0.64	-0.27	0.75	0.91
2016/08/03[3]	0.3	0.44	-0.43	1.17	0.88
2016/08/04[4]	0.83	0.92	-0.44	1.11	1.37
------------------------------------------------------------------------
模式识别结果统计:
统计总数	<=0(占比%)	>=1	<-1
12   	 9(75.00%)	1	3
收盘涨幅:-2.46	-1.88	-1.66	-0.68	-0.58	-0.16	-0.15	-0.12	-0.05	0.17	0.18	2.14
收盘涨幅中位数:-0.15
------------------------------------------------------------------------
日期[星期]	次日涨幅	次日开盘	次日最高	次日最低	量能	当日涨幅
2013/01/09[3]	0.17	-0.03	1.18	-0.36	1.01	0.49
2013/01/10[4]	-1.66	0.16	0.54	-1.98	0.88	0.17
2013/04/03[3]	-0.12	-1.52	-0.04	-2.41	0.91	0.04
2013/10/14[1]	-0.68	-0.04	0.06	-1.52	1.08	0.25
2013/12/25[3]	-2.46	-0.36	-0.3	-2.58	1.1	0.86
2014/04/11[5]	-0.05	0.02	0.42	-0.44	0.83	0.31
2014/07/15[2]	-0.58	-0.21	0.28	-0.72	1.1	0.35
2014/09/05[5]	-0.16	0.08	0.13	-0.71	0.98	0.46
2014/09/19[5]	-1.88	-0.13	-0.13	-1.99	0.94	0.53
2015/12/02[3]	2.14	0.16	2.14	0.16	0.98	0.87
2016/06/03[5]	0.18	0.37	0.57	-0.47	1.09	0.69
2016/06/06[1]	-0.15	0.03	0.08	-0.63	0.83	0.18
------------------------------------------------------------------------
增加成交量匹配条件：
------------------------------------------------------------------------
模式识别结果统计:
统计总数	<=0(占比%)	>=1	<-1
 2   	 1(50.00%)	0	1
收盘涨幅:-2.46	0.17
收盘涨幅中位数:-1.15
------------------------------------------------------------------------
日期[星期]	次日涨幅	次日开盘	次日最高	次日最低	量能	当日涨幅
2013/01/09[3]	0.17	-0.03	1.18	-0.36	1.01	0.49
2013/12/25[3]	-2.46	-0.36	-0.3	-2.58	1.1	0.86
