------------------------------------------------------------------------
999999
------------------------------------------------------------------------
--------正在查找历史K线日期：！！！！日期选完，请注意看K线趋势，同时注意成交量的表现：
------------------------------------------------------------------------
--------最近交易日的相关数据：
日期[星期]    	涨幅	最大涨幅	最小涨幅	量比	波动幅度	
2016/08/18[4]	-0.17	0.52	-0.52	1.07	1.04
2016/08/19[5]	0.13	0.3	-0.69	0.85	0.98
2016/08/22[1]	-0.75	0.15	-0.79	0.95	0.94
------------------------------------------------------------------------
模式识别结果统计:
统计总数	<=0(占比%)	>=1	<-1
27   	17(62.96%)	1	3
收盘涨幅:-2.77	-1.74	-1.11	-0.99	-0.71	-0.71	-0.68	-0.48	-0.47	-0.38	-0.3	-0.22	-0.17	-0.09	-0.04	-0.03	-0.0	0.07	0.1	0.16	0.22	0.27	0.36	0.72	0.82	0.92	1.71
收盘涨幅中位数:-0.09
------------------------------------------------------------------------
日期[星期]	次日涨幅	次日开盘	次日最高	次日最低	量能	当日涨幅
1991/04/29[1]	-0.71	-0.75	0.1	-0.75	0.63	-0.7
1993/09/16[4]	0.72	-0.07	0.92	-0.72	1.14	-0.65
1998/06/04[4]	0.16	-0.16	0.57	-1.11	0.89	-0.96
1999/11/24[3]	-0.71	-0.19	-0.18	-1.01	1.0	-0.81
2000/06/29[4]	-0.47	0.03	0.21	-0.63	1.06	-0.52
2000/10/31[2]	0.82	-0.01	0.82	-0.08	0.91	-0.62
2000/12/27[3]	-0.22	-0.18	0.14	-0.51	1.13	-0.87
2001/04/20[5]	-0.09	-0.09	0.24	-0.92	0.93	-0.95
2002/07/15[1]	0.22	-0.02	1.0	-0.07	1.07	-0.61
2002/09/26[4]	-0.38	-0.03	0.26	-0.64	1.31	-0.64
2003/02/17[1]	-0.0	-0.09	0.25	-0.51	1.2	-0.96
2003/08/20[3]	-0.04	0.01	0.08	-0.51	1.22	-0.56
2004/12/16[4]	-1.11	-0.08	-0.08	-1.29	0.82	-0.61
2006/09/22[5]	-0.17	-0.15	0.4	-0.9	1.11	-0.89
2006/10/12[4]	0.36	-0.09	0.83	-0.28	1.06	-0.67
2009/05/26[2]	1.71	0.49	1.81	0.16	0.99	-0.82
2011/08/02[2]	-0.03	-0.75	0.33	-0.93	1.19	-0.91
2012/07/30[1]	-0.3	-0.03	0.33	-0.46	1.0	-0.89
2012/08/24[5]	-1.74	-0.32	-0.32	-1.76	1.03	-0.99
2012/10/23[2]	0.07	-0.36	0.45	-0.46	1.21	-0.86
2012/12/21[5]	0.27	-0.12	0.79	-0.16	1.04	-0.69
2013/06/19[3]	-2.77	-0.5	-0.5	-2.83	1.08	-0.73
2013/11/06[3]	-0.48	-0.14	0.09	-0.95	1.09	-0.82
2014/01/17[5]	-0.68	-0.15	0.05	-1.0	0.93	-0.93
2014/08/14[4]	0.92	0.03	1.11	-0.15	0.96	-0.74
2014/08/25[1]	-0.99	-0.18	0.16	-1.29	1.01	-0.51
2016/07/22[5]	0.1	-0.16	0.47	-0.32	0.99	-0.86
------------------------------------------------------------------------
增加成交量匹配条件：
------------------------------------------------------------------------
日期[星期]	次日涨幅	次日开盘	次日最高	次日最低	量能	当日涨幅
------------------------------------------------------------------------
昨日市场情绪指数20.00
------------------------------------------------------------------------
市场风险指数4.50
------------------------------------------------------------------------
399001
------------------------------------------------------------------------
--------正在查找历史K线日期：！！！！日期选完，请注意看K线趋势，同时注意成交量的表现：
------------------------------------------------------------------------
--------最近交易日的相关数据：
日期[星期]    	涨幅	最大涨幅	最小涨幅	量比	波动幅度	
2016/08/18[4]	-0.11	0.51	-0.52	1.06	1.04
2016/08/19[5]	-0.06	0.3	-0.55	0.85	0.85
2016/08/22[1]	-1.3	0.2	-1.3	0.99	1.51
------------------------------------------------------------------------
模式识别结果统计:
统计总数	<=0(占比%)	>=1	<-1
71   	37(52.11%)	12	17
收盘涨幅:-8.25	-4.07	-4.06	-3.31	-2.78	-2.51	-2.37	-2.25	-2.18	-2.13	-1.87	-1.77	-1.73	-1.72	-1.6	-1.58	-1.05	-0.99	-0.99	-0.99	-0.92	-0.76	-0.76	-0.71	-0.67	-0.52	-0.51	-0.51	-0.35	-0.34	-0.21	-0.15	-0.11	-0.1	-0.08	-0.07	-0.02	0.04	0.06	0.07	0.19	0.19	0.2	0.22	0.24	0.28	0.31	0.38	0.43	0.44	0.44	0.58	0.59	0.62	0.64	0.81	0.86	0.93	0.99	1.0	1.01	1.03	1.16	1.27	1.35	1.36	1.36	1.39	1.65	2.24	2.51
收盘涨幅中位数:-0.07
------------------------------------------------------------------------
日期[星期]	次日涨幅	次日开盘	次日最高	次日最低	量能	当日涨幅
1991/06/08[6]	-3.31	-0.59	-0.59	-3.31	0.95	-1.23
1991/06/14[5]	-0.99	-0.39	-0.19	-1.19	0.99	-1.37
1991/06/24[1]	0.04	-0.65	0.26	-0.7	1.25	-1.22
1991/07/15[1]	-1.6	-0.41	-0.24	-2.13	1.22	-1.38
1991/07/26[5]	-0.1	-0.36	0.24	-0.58	1.05	-1.45
1991/09/05[4]	-4.07	-1.21	-0.98	-5.22	2.1	-1.5
1991/10/22[2]	1.01	-0.16	1.21	-1.6	0.95	-1.74
1993/04/22[4]	-0.52	-0.08	0.3	-1.32	0.96	-1.52
1993/06/09[3]	-0.35	-0.14	0.81	-1.02	0.95	-1.66
1994/01/25[2]	-2.13	-0.41	-0.08	-2.66	1.39	-1.96
1994/02/17[4]	0.19	-0.55	0.98	-1.19	0.5	-1.74
1994/03/10[4]	0.59	-0.49	2.97	-2.34	1.61	-1.82
1994/12/05[1]	-1.73	-0.43	-0.14	-2.33	0.94	-1.84
1995/03/16[4]	1.0	0.86	2.22	0.51	0.63	-1.86
1995/05/31[3]	0.86	-0.13	0.86	-0.52	0.83	-1.16
1995/11/13[1]	0.2	-0.09	0.58	-0.29	1.05	-1.78
1995/12/18[1]	-0.11	-0.33	0.4	-0.5	1.44	-1.98
1997/06/27[5]	-4.06	0.46	1.34	-8.39	1.17	-1.86
1997/11/20[4]	-1.72	-0.46	0.01	-1.91	1.01	-1.43
1998/03/09[1]	0.06	-0.28	1.28	-2.12	0.98	-1.01
1998/04/27[1]	1.65	0.16	1.7	0.16	1.06	-1.58
1998/05/07[4]	1.39	-0.33	1.4	-0.44	1.18	-1.66
1998/08/26[3]	-2.37	-0.79	-0.79	-2.41	0.91	-1.35
1998/11/19[4]	0.19	-0.17	0.68	-0.22	0.93	-1.27
1999/03/18[4]	1.16	0.04	1.17	-0.31	0.84	-1.08
1999/08/09[1]	-1.87	-0.28	-0.28	-2.14	0.71	-1.5
1999/09/20[1]	-0.67	-0.23	-0.19	-1.2	1.52	-1.09
1999/11/29[1]	-0.34	-0.11	0.47	-0.57	0.71	-1.44
2000/09/18[1]	-2.51	-0.41	-0.41	-2.81	0.98	-1.74
2000/12/11[1]	0.81	0.12	0.84	-0.32	1.15	-1.7
2001/01/08[1]	0.43	-0.22	0.5	-0.73	1.17	-1.52
2001/04/20[5]	-0.71	-0.23	0.06	-1.16	1.09	-1.23
2002/04/18[4]	-0.02	-0.23	0.1	-2.03	0.89	-1.46
2002/10/08[2]	-1.77	-0.11	-0.05	-1.88	0.56	-1.42
2002/10/28[1]	0.93	-0.11	1.08	-0.65	1.03	-1.76
2003/09/05[5]	-0.76	-0.17	-0.17	-1.06	1.02	-1.4
2003/10/16[4]	0.31	-0.11	0.92	-0.34	0.8	-1.51
2003/11/07[5]	0.07	-0.33	0.32	-1.69	0.81	-1.75
2004/04/28[3]	-2.78	-0.09	0.47	-2.87	0.94	-1.38
2004/06/25[5]	-0.76	-0.22	0.38	-0.93	1.3	-1.05
2004/08/27[5]	0.22	-0.08	0.33	-0.66	1.04	-1.32
2005/03/02[3]	0.99	-0.12	1.03	-0.32	1.07	-1.39
2005/08/29[1]	-0.08	-0.12	0.47	-0.59	1.0	-1.38
2006/08/04[5]	-1.05	-0.48	0.31	-1.4	1.19	-1.61
2008/06/06[5]	-8.25	-4.44	-4.44	-8.61	0.95	-1.06
2010/01/07[4]	0.24	-0.41	0.27	-1.47	1.04	-2.0
2010/03/12[5]	-2.18	-0.12	-0.08	-2.48	0.97	-1.61
2010/03/25[4]	1.27	-0.05	1.62	-0.47	1.03	-1.65
2010/04/08[4]	1.03	0.2	1.03	-0.27	1.1	-1.62
2010/06/25[5]	-0.92	-0.04	0.6	-1.23	1.07	-1.42
2010/11/30[2]	-0.21	-0.28	0.33	-1.01	1.3	-1.6
2010/12/20[1]	2.51	0.23	2.51	-0.26	1.5	-1.58
2011/01/10[1]	0.44	-0.45	0.71	-0.96	0.87	-1.93
2011/04/28[4]	1.35	-0.0	1.35	-0.09	0.99	-1.7
2011/08/18[4]	-0.99	-1.71	-0.67	-1.95	1.02	-1.59
2011/09/13[2]	0.44	0.3	0.67	-1.58	0.97	-1.07
2011/12/21[3]	0.28	-0.63	1.21	-1.95	0.9	-1.63
2012/01/13[5]	-2.25	-0.88	-0.07	-2.29	0.98	-1.85
2012/03/23[5]	0.62	-0.14	0.72	-0.14	0.98	-1.53
2012/05/14[1]	0.38	-0.65	0.45	-0.83	1.1	-1.16
2012/07/20[5]	-1.58	-0.83	-0.83	-1.93	0.84	-1.85
2012/08/17[5]	-0.51	-0.88	-0.18	-1.64	0.91	-1.0
2012/11/08[4]	-0.51	-0.18	0.26	-0.71	1.11	-1.89
2013/02/26[2]	1.36	0.37	1.82	0.27	1.24	-1.44
2013/04/15[1]	1.36	-0.88	1.46	-1.01	1.0	-1.15
2013/05/31[5]	-0.07	0.02	0.95	-0.33	0.98	-1.29
2013/09/17[2]	-0.15	-0.36	0.36	-1.04	1.0	-1.91
2014/01/10[5]	-0.99	-0.02	0.65	-1.66	0.84	-1.27
2014/01/30[4]	0.58	-0.76	0.58	-1.23	0.86	-1.75
2015/02/02[1]	2.24	1.04	2.31	0.28	0.86	-1.68
2016/08/01[1]	0.64	-0.12	0.64	-0.27	1.02	-1.39
------------------------------------------------------------------------
增加成交量匹配条件：
------------------------------------------------------------------------
模式识别结果统计:
统计总数	<=0(占比%)	>=1	<-1
 3   	 2(66.67%)	0	2
收盘涨幅:-2.37	-1.77	0.28
收盘涨幅中位数:-1.77
------------------------------------------------------------------------
日期[星期]	次日涨幅	次日开盘	次日最高	次日最低	量能	当日涨幅
1998/08/26[3]	-2.37	-0.79	-0.79	-2.41	0.91	-1.35
2002/10/08[2]	-1.77	-0.11	-0.05	-1.88	0.56	-1.42
2011/12/21[3]	0.28	-0.63	1.21	-1.95	0.9	-1.63
------------------------------------------------------------------------
昨日市场情绪指数15.44
------------------------------------------------------------------------
市场风险指数4.73
