------------------------------------------------------------------------
999999
------------------------------------------------------------------------
--------正在查找历史K线日期：！！！！日期选完，请注意看K线趋势，同时注意成交量的表现：
------------------------------------------------------------------------
--------最近交易日的相关数据：
日期[星期]    	涨幅	最大涨幅	最小涨幅	量比	波动幅度	
2016/08/08[1]	0.93	0.94	-0.59	1.1	1.53
2016/08/09[2]	0.71	0.72	-0.19	1.09	0.91
2016/08/10[3]	-0.23	0.25	-0.28	0.97	0.53
------------------------------------------------------------------------
模式识别结果统计:
统计总数	<=0(占比%)	>=1	<-1
29   	13(44.83%)	5	5
收盘涨幅:-1.94	-1.63	-1.52	-1.05	-1.0	-0.92	-0.59	-0.46	-0.35	-0.3	-0.28	-0.2	-0.12	0.1	0.13	0.14	0.24	0.34	0.61	0.62	0.81	0.91	0.91	0.92	1.0	1.02	1.06	1.18	2.5
收盘涨幅中位数:0.13
------------------------------------------------------------------------
日期[星期]	次日涨幅	次日开盘	次日最高	次日最低	量能	当日涨幅
1991/07/19[5]	1.0	1.0	1.0	0.0	12.78	-0.34
1991/07/25[4]	0.34	-0.06	0.91	-0.66	1.4	-0.35
1991/09/10[2]	-0.59	-0.55	-0.55	-0.78	9.41	-0.48
1992/04/20[1]	-0.92	1.0	1.86	-2.65	0.65	-0.14
1996/01/25[4]	0.81	-0.95	1.09	-1.15	2.96	-0.24
1996/02/01[4]	-0.12	-0.29	-0.12	-1.51	0.49	-0.12
1996/04/15[1]	1.06	-0.07	1.15	-0.08	0.47	-0.39
1996/05/14[2]	2.5	0.05	2.5	0.01	0.73	-0.1
1997/01/28[2]	0.61	-0.04	0.81	-0.13	0.68	-0.29
1997/09/02[2]	1.18	-0.22	1.39	-0.23	0.87	-0.29
1997/12/29[1]	-0.46	-0.04	0.59	-0.59	0.88	-0.45
1998/05/05[2]	-0.3	0.01	0.23	-0.79	0.73	-0.03
1998/10/13[2]	-0.28	-0.03	0.29	-0.8	1.0	-0.25
2000/04/21[5]	-0.2	0.2	0.43	-0.75	0.98	-0.32
2001/04/03[2]	-1.52	0.04	0.24	-1.8	0.87	-0.1
2001/11/29[4]	0.91	-0.01	0.91	-0.02	0.79	-0.16
2002/07/09[2]	-1.63	-0.08	-0.02	-1.8	0.94	-0.17
2002/12/18[3]	0.13	-0.03	0.18	-0.64	1.08	-0.31
2003/05/27[2]	-1.05	0.06	0.53	-1.23	0.92	-0.07
2003/12/05[5]	-1.0	0.07	0.58	-1.1	0.86	-0.12
2003/12/25[4]	0.14	0.03	0.26	-0.56	1.03	-0.08
2004/04/05[1]	0.62	0.05	0.64	-0.66	1.14	-0.12
2006/04/06[4]	0.24	0.07	0.41	-0.69	1.11	-0.03
2008/01/08[2]	0.91	-0.4	0.95	-0.74	1.14	-0.13
2009/06/23[2]	1.02	-0.13	1.06	-0.43	1.0	-0.12
2009/11/20[5]	0.92	0.14	0.94	-0.09	0.97	-0.37
2010/11/22[1]	-1.94	-0.42	-0.42	-3.22	0.98	-0.15
2014/09/09[2]	-0.35	-0.35	-0.2	-0.86	0.92	0.0
2016/06/30[4]	0.1	0.07	0.52	-0.13	0.8	-0.07
------------------------------------------------------------------------
增加成交量匹配条件：
------------------------------------------------------------------------
模式识别结果统计:
统计总数	<=0(占比%)	>=1	<-1
 4   	 3(75.00%)	0	0
收盘涨幅:-0.46	-0.3	-0.12	0.1
收盘涨幅中位数:-0.21
------------------------------------------------------------------------
日期[星期]	次日涨幅	次日开盘	次日最高	次日最低	量能	当日涨幅
1996/02/01[4]	-0.12	-0.29	-0.12	-1.51	0.49	-0.12
1997/12/29[1]	-0.46	-0.04	0.59	-0.59	0.88	-0.45
1998/05/05[2]	-0.3	0.01	0.23	-0.79	0.73	-0.03
2016/06/30[4]	0.1	0.07	0.52	-0.13	0.8	-0.07
------------------------------------------------------------------------
399001
------------------------------------------------------------------------
--------正在查找历史K线日期：！！！！日期选完，请注意看K线趋势，同时注意成交量的表现：
------------------------------------------------------------------------
--------最近交易日的相关数据：
日期[星期]    	涨幅	最大涨幅	最小涨幅	量比	波动幅度	
2016/08/08[1]	1.22	1.22	-0.8	1.06	2.03
2016/08/09[2]	0.92	0.92	-0.11	1.1	1.02
2016/08/10[3]	-0.51	0.28	-0.51	1.01	0.79
------------------------------------------------------------------------
模式识别结果统计:
统计总数	<=0(占比%)	>=1	<-1
14   	 9(64.29%)	2	4
收盘涨幅:-2.82	-1.6	-1.53	-1.53	-0.92	-0.58	-0.35	-0.25	-0.1	0.31	0.96	0.96	1.38	2.51
收盘涨幅中位数:-0.30
------------------------------------------------------------------------
日期[星期]	次日涨幅	次日开盘	次日最高	次日最低	量能	当日涨幅
2012/08/08[3]	1.38	-0.08	1.45	-0.37	0.94	-0.2
2012/12/11[2]	0.31	0.01	0.7	-0.63	0.83	-0.55
2013/04/18[4]	2.51	0.25	2.87	0.18	1.05	-0.07
2014/01/16[4]	-1.6	-0.39	-0.1	-1.64	0.99	-0.02
2014/04/03[4]	0.96	-0.23	0.96	-0.52	0.99	-0.49
2014/07/16[3]	-0.92	-0.15	-0.15	-1.52	0.87	-0.58
2014/08/06[3]	-1.53	-0.07	0.4	-1.57	1.02	-0.15
2014/08/19[2]	-0.25	-0.17	0.21	-0.54	1.1	-0.03
2014/11/04[2]	-0.1	0.18	0.51	-0.21	1.0	-0.4
2015/03/11[3]	0.96	0.6	1.05	-0.08	1.0	-0.27
2015/03/25[3]	-0.35	-0.42	0.78	-1.22	0.86	-0.34
2015/04/14[2]	-2.82	-0.14	-0.14	-2.82	0.99	-0.76
2015/12/23[3]	-0.58	-0.24	-0.03	-1.83	1.08	-1.0
2016/04/15[5]	-1.53	-0.64	-0.64	-2.09	0.91	-0.35
------------------------------------------------------------------------
增加成交量匹配条件：
------------------------------------------------------------------------
日期[星期]	次日涨幅	次日开盘	次日最高	次日最低	量能	当日涨幅
