------------------------------------------------------------------------
999999
------------------------------------------------------------------------
--------正在查找历史K线日期：！！！！日期选完，请注意看K线趋势，同时注意成交量的表现：
------------------------------------------------------------------------
--------最近交易日的相关数据：
日期[星期]    	涨幅	最大涨幅	最小涨幅	量比	波动幅度	
2016/07/18[1]	-0.35	0.13	-0.74	1.03	0.87
2016/07/19[2]	-0.23	0.0	-0.96	0.88	0.96
2016/07/20[3]	-0.29	0.21	-0.46	0.89	0.67
------------------------------------------------------------------------
模式识别结果统计:
统计总数	<=0(占比%)	>=1	<-1
79   	66(83.54%)	2	6
收盘涨幅:-2.88	-2.03	-1.88	-1.63	-1.42	-1.04	-0.97	-0.83	-0.82	-0.8	-0.71	-0.66	-0.62	-0.57	-0.54	-0.49	-0.48	-0.47	-0.46	-0.46	-0.45	-0.45	-0.45	-0.44	-0.43	-0.43	-0.42	-0.42	-0.42	-0.42	-0.41	-0.41	-0.41	-0.41	-0.41	-0.41	-0.4	-0.4	-0.4	-0.4	-0.39	-0.39	-0.39	-0.38	-0.38	-0.38	-0.38	-0.37	-0.37	-0.37	-0.36	-0.36	-0.36	-0.36	-0.36	-0.36	-0.35	-0.35	-0.34	-0.34	-0.32	-0.28	-0.14	-0.08	-0.05	-0.04	0.17	0.26	0.26	0.38	0.44	0.45	0.49	0.82	0.86	0.88	0.88	1.5	1.85
收盘涨幅中位数:-0.40
------------------------------------------------------------------------
日期[星期]	次日涨幅	次日开盘	量能	当日涨幅	当日最高	当日最低
1991/01/22[2]	-0.41	-0.41	0.17	-0.39	0.0	-0.43
1991/01/23[3]	-0.42	-0.42	3.09	-0.41	0.0	-0.43
1991/01/24[4]	-0.42	-0.42	1.7	-0.42	0.0	-0.45
1991/01/25[5]	-0.45	-0.45	1.86	-0.42	-0.41	-0.44
1991/01/28[1]	-0.39	-0.39	1.48	-0.45	-0.38	-0.45
1991/01/29[2]	-0.39	-0.39	0.27	-0.39	-0.37	-0.39
1991/01/30[3]	-0.36	-0.39	0.38	-0.39	0.0	-0.41
1991/01/31[4]	-0.35	-0.36	0.97	-0.36	0.02	-0.39
1991/02/01[5]	-0.36	-0.36	0.68	-0.35	0.0	-0.4
1991/02/04[1]	-0.36	-0.38	1.6	-0.36	0.05	-0.36
1991/02/05[2]	0.44	0.43	15.48	-0.36	-0.36	-0.4
1991/02/27[3]	-0.34	-0.36	0.2	-0.34	0.04	-0.37
1991/02/28[4]	-0.36	-0.36	10.55	-0.34	0.04	-0.37
1991/03/01[5]	-0.41	-0.33	3.16	-0.36	-0.36	-0.41
1991/03/04[1]	-0.4	-0.43	0.35	-0.41	-0.33	-0.42
1991/03/05[2]	-0.4	-0.43	0.39	-0.4	0.0	-0.44
1991/03/06[3]	-0.4	-0.4	0.73	-0.4	-0.39	-0.43
1991/03/07[4]	-0.4	-0.44	0.79	-0.4	0.0	-0.4
1991/03/08[5]	-0.45	-0.45	1.64	-0.4	0.0	-0.44
1991/03/11[1]	-0.42	-0.45	0.55	-0.45	0.0	-0.45
1991/03/12[2]	-2.03	-2.05	1.86	-0.42	0.0	-0.45
1991/03/18[1]	-0.39	-0.38	1.58	-0.37	0.0	-0.38
1991/03/19[2]	-0.45	-0.45	0.71	-0.39	0.0	-0.39
1991/03/20[3]	-0.44	-0.42	0.76	-0.45	-0.01	-0.47
1991/03/21[4]	-0.41	-0.41	0.22	-0.44	0.0	-0.44
1991/03/22[5]	-0.41	-0.41	1.37	-0.41	0.0	-0.41
1991/03/25[1]	-0.41	-0.41	2.14	-0.41	0.0	-0.42
1991/03/26[2]	-0.41	-0.41	2.63	-0.41	0.02	-0.41
1991/03/27[3]	-0.42	-0.39	0.57	-0.41	0.02	-0.41
1991/03/28[4]	-0.35	-0.37	1.44	-0.42	0.02	-0.42
1991/03/29[5]	0.45	0.42	2.27	-0.35	0.0	-0.41
1991/04/09[2]	-0.38	-0.39	0.17	-0.39	0.01	-0.4
1991/04/10[3]	-0.43	-0.43	1.46	-0.38	0.0	-0.44
1991/04/11[4]	-0.36	-0.37	0.51	-0.43	0.0	-0.45
1991/04/12[5]	-0.37	-0.4	1.67	-0.36	0.01	-0.41
1991/04/15[1]	-0.36	-0.35	0.75	-0.37	0.01	-0.41
1991/04/16[2]	-0.37	-0.35	0.35	-0.36	0.0	-0.36
1991/04/17[3]	-0.38	-0.38	1.91	-0.37	0.0	-0.38
1991/04/18[4]	-0.32	-0.32	0.89	-0.38	0.03	-0.38
1991/04/19[5]	-0.38	-0.38	3.63	-0.32	0.04	-0.34
1991/04/22[1]	-0.38	-0.36	0.67	-0.38	0.0	-0.43
1991/04/23[2]	-0.34	-0.42	0.66	-0.38	0.0	-0.41
1991/04/24[3]	-0.37	-0.35	0.52	-0.34	0.0	-0.42
1991/04/25[4]	0.17	0.82	10.1	-0.37	0.0	-0.4
1991/07/09[2]	-0.48	-0.18	1.44	-0.47	0.95	-0.72
1991/07/10[3]	-0.46	-0.57	0.71	-0.48	0.71	-0.68
1991/07/11[4]	-0.43	-0.43	0.84	-0.46	0.0	-0.64
1991/07/12[5]	0.26	0.83	0.62	-0.43	0.0	-0.72
1991/09/25[3]	-0.47	-0.53	0.97	-0.48	0.0	-0.7
1991/09/26[4]	-0.28	0.43	4.71	-0.47	0.0	-0.69
1991/09/27[5]	-0.49	-0.85	5.16	-0.28	0.86	-0.63
1991/09/30[1]	0.86	0.35	0.76	-0.49	0.07	-0.85
1998/03/09[1]	-0.08	-0.1	1.0	-0.47	0.18	-0.74
1998/03/10[2]	-0.82	0.12	0.97	-0.08	0.42	-1.19
1998/07/29[3]	0.26	0.07	1.13	-0.46	0.25	-0.73
1998/10/20[2]	-2.88	-0.01	0.95	-0.21	0.42	-0.64
1998/11/13[5]	0.88	0.14	0.84	-0.04	0.23	-0.91
1999/03/24[3]	-1.04	-0.1	0.7	-0.16	0.55	-0.33
2000/04/25[2]	-0.04	0.12	0.67	-0.21	0.24	-1.18
2000/04/26[3]	-1.42	0.15	0.94	-0.04	0.51	-0.39
2000/10/13[5]	-0.8	-0.04	0.92	-0.42	0.31	-0.78
2001/06/11[1]	0.38	-0.05	1.01	-0.38	0.16	-0.74
2001/06/29[5]	-0.54	0.11	1.29	-0.06	0.27	-0.23
2002/07/25[4]	-0.46	-0.0	1.09	-0.44	0.63	-0.6
2002/07/26[5]	0.49	-0.16	0.89	-0.46	0.31	-0.5
2003/06/18[3]	-0.97	0.01	1.33	-0.21	0.56	-0.28
2004/03/26[5]	-0.83	0.03	0.99	-0.14	0.29	-0.9
2004/12/29[3]	-0.05	-0.09	1.08	-0.36	0.52	-0.63
2004/12/30[4]	-0.57	0.13	1.04	-0.05	0.49	-0.8
2005/03/29[2]	-1.88	-0.22	1.15	-0.42	0.76	-0.46
2012/11/07[3]	-1.63	-0.69	0.83	-0.01	0.31	-0.6
2013/04/03[3]	-0.62	-1.31	0.91	-0.11	0.61	-0.47
2013/06/27[4]	1.5	-0.74	1.05	-0.08	1.49	-0.47
2013/11/25[1]	-0.14	-0.08	0.95	-0.47	0.58	-0.68
2013/11/26[2]	0.82	-0.06	0.93	-0.14	0.3	-0.45
2014/06/03[2]	-0.66	-0.02	0.95	-0.04	0.51	-0.09
2014/09/11[4]	0.88	-0.14	1.17	-0.29	1.09	-0.59
2014/11/17[1]	-0.71	0.01	0.98	-0.19	1.21	-0.26
2016/04/29[5]	1.85	0.07	0.79	-0.25	0.17	-0.52
------------------------------------------------------------------------
增加成交量匹配条件：
------------------------------------------------------------------------
模式识别结果统计:
统计总数	<=0(占比%)	>=1	<-1
13   	13(100.00%)	0	2
收盘涨幅:-2.88	-1.42	-0.71	-0.66	-0.44	-0.43	-0.41	-0.4	-0.38	-0.37	-0.36	-0.34	-0.14
收盘涨幅中位数:-0.41
------------------------------------------------------------------------
日期[星期]	次日涨幅	次日开盘	量能	当日涨幅	当日最高	当日最低
1991/01/22[2]	-0.41	-0.41	0.17	-0.39	0.0	-0.43
1991/01/30[3]	-0.36	-0.39	0.38	-0.39	0.0	-0.41
1991/03/05[2]	-0.4	-0.43	0.39	-0.4	0.0	-0.44
1991/03/20[3]	-0.44	-0.42	0.76	-0.45	-0.01	-0.47
1991/04/09[2]	-0.38	-0.39	0.17	-0.39	0.01	-0.4
1991/04/16[2]	-0.37	-0.35	0.35	-0.36	0.0	-0.36
1991/04/23[2]	-0.34	-0.42	0.66	-0.38	0.0	-0.41
1991/07/11[4]	-0.43	-0.43	0.84	-0.46	0.0	-0.64
1998/10/20[2]	-2.88	-0.01	0.95	-0.21	0.42	-0.64
2000/04/26[3]	-1.42	0.15	0.94	-0.04	0.51	-0.39
2013/11/25[1]	-0.14	-0.08	0.95	-0.47	0.58	-0.68
2014/06/03[2]	-0.66	-0.02	0.95	-0.04	0.51	-0.09
2014/11/17[1]	-0.71	0.01	0.98	-0.19	1.21	-0.26
------------------------------------------------------------------------
399001
------------------------------------------------------------------------
--------正在查找历史K线日期：！！！！日期选完，请注意看K线趋势，同时注意成交量的表现：
------------------------------------------------------------------------
--------最近交易日的相关数据：
日期[星期]    	涨幅	最大涨幅	最小涨幅	量比	波动幅度	
2016/07/18[1]	-0.57	0.11	-1.06	0.97	1.17
2016/07/19[2]	0.15	0.2	-0.93	0.92	1.13
2016/07/20[3]	-0.17	0.38	-0.35	1.0	0.73
------------------------------------------------------------------------
模式识别结果统计:
统计总数	<=0(占比%)	>=1	<-1
17   	10(58.82%)	6	5
收盘涨幅:-3.25	-2.87	-2.36	-2.28	-1.34	-0.69	-0.46	-0.46	-0.13	-0.08	0.8	1.03	1.28	1.45	1.55	1.82	4.4
收盘涨幅中位数:-0.13
------------------------------------------------------------------------
日期[星期]	次日涨幅	次日开盘	量能	当日涨幅	当日最高	当日最低
2012/07/30[1]	-0.13	0.11	1.05	-0.18	1.06	-0.35
2012/10/17[3]	1.82	0.38	1.0	-0.05	0.62	-0.95
2012/12/13[4]	4.4	0.15	0.95	-0.91	0.17	-0.91
2013/04/10[3]	-0.46	0.62	0.96	-0.34	0.15	-1.13
2013/05/13[1]	-2.28	-0.12	0.96	-0.63	0.43	-1.05
2013/06/19[3]	-3.25	-0.62	1.03	-0.59	-0.46	-2.52
2013/11/21[4]	-0.69	0.29	1.1	-0.45	-0.11	-1.84
2014/03/07[5]	-2.87	-0.8	0.97	-0.32	0.41	-0.63
2014/05/22[4]	0.8	0.07	1.28	-0.29	1.25	-0.33
2014/06/03[2]	-1.34	-0.09	0.93	-0.59	0.47	-0.61
2014/06/25[3]	1.03	0.02	0.96	-0.32	-0.03	-0.91
2014/09/15[1]	-2.36	0.22	1.16	-0.42	-0.27	-1.17
2014/09/30[2]	1.28	0.67	0.9	-0.03	0.22	-0.28
2016/05/13[5]	1.55	-0.3	0.91	-0.38	0.86	-0.88
2016/05/27[5]	-0.46	-0.58	0.96	-0.13	0.54	-0.52
2016/07/01[5]	1.45	-0.85	0.92	-0.3	0.63	-0.51
2016/07/07[4]	-0.08	-0.06	1.12	-0.2	0.2	-1.08
------------------------------------------------------------------------
增加成交量匹配条件：
------------------------------------------------------------------------
模式识别结果统计:
统计总数	<=0(占比%)	>=1	<-1
 2   	 1(50.00%)	1	0
收盘涨幅:-0.69	1.82
收盘涨幅中位数:0.57
------------------------------------------------------------------------
日期[星期]	次日涨幅	次日开盘	量能	当日涨幅	当日最高	当日最低
2012/10/17[3]	1.82	0.38	1.0	-0.05	0.62	-0.95
2013/11/21[4]	-0.69	0.29	1.1	-0.45	-0.11	-1.84
