------------------------------------------------------------------------
999999
------------------------------------------------------------------------
--------正在查找历史K线日期：！！！！日期选完，请注意看K线趋势，同时注意成交量的表现：
------------------------------------------------------------------------
--------最近交易日的相关数据：
日期[星期]    	涨幅	最大涨幅	最小涨幅	量比	波动幅度	
2016/07/13[3]	0.37	0.65	-0.04	0.98	0.68
2016/07/14[4]	-0.22	-0.12	-0.79	0.71	0.67
2016/07/15[5]	0.01	0.28	-0.31	0.96	0.59
------------------------------------------------------------------------
模式识别结果统计:
统计总数	<=0(占比%)	>=1	<-1
38   	17(44.74%)	8	2
收盘涨幅:-1.41	-1.13	-0.96	-0.95	-0.89	-0.82	-0.69	-0.52	-0.41	-0.39	-0.36	-0.35	-0.32	-0.3	-0.17	-0.1	-0.01	0.03	0.07	0.12	0.2	0.24	0.3	0.32	0.46	0.63	0.79	0.83	0.85	0.93	1.02	1.18	1.57	2.35	2.38	3.34	3.59	4.56
收盘涨幅中位数:0.10
------------------------------------------------------------------------
日期[星期]	次日涨幅	次日开盘	量能	当日涨幅	当日最高	当日最低
1991/01/17[4]	-0.01	-0.41	1.29	0.01	0.01	-0.44
1991/01/21[1]	-0.39	-0.39	0.68	0.0	0.0	-0.43
1992/01/21[2]	0.03	0.03	1.2	0.16	0.16	0.0
1992/02/13[4]	0.83	0.76	3.78	0.19	0.36	0.2
1992/03/16[1]	0.12	0.12	1.05	0.18	0.28	0.0
1992/03/20[5]	0.24	0.16	0.23	0.18	0.19	0.0
1992/04/10[5]	2.38	1.37	2.23	0.1	0.1	-0.12
1992/06/17[3]	-0.1	-0.21	0.99	0.25	1.7	-0.04
1992/06/19[5]	-0.17	0.15	0.86	0.3	0.3	-0.57
1996/06/21[5]	-0.35	0.23	0.95	0.32	1.56	-0.01
1998/06/03[3]	-0.96	0.07	1.08	0.49	0.57	0.0
1998/06/24[3]	-1.41	0.09	0.99	0.27	0.3	-0.51
1999/07/30[5]	0.93	0.35	1.66	0.35	0.59	-0.53
2000/06/28[3]	-0.52	0.12	0.94	0.24	0.52	-0.15
2000/07/21[5]	-0.36	0.1	0.68	0.24	0.34	0.01
2000/07/25[2]	0.79	0.14	0.95	0.37	0.43	-0.01
2000/11/06[1]	0.3	0.11	1.07	0.48	0.57	0.06
2001/03/01[4]	1.02	0.2	1.9	0.3	0.47	-0.28
2001/04/19[4]	-0.95	0.05	1.11	0.01	0.14	-1.12
2001/05/18[5]	0.46	0.2	1.15	0.4	0.4	-0.36
2001/12/10[1]	-1.13	-0.04	0.9	0.19	0.2	-0.84
2002/09/12[4]	0.07	-0.0	0.82	0.26	0.7	-0.35
2003/08/01[5]	1.18	-0.01	1.12	0.02	0.11	-0.8
2004/11/09[2]	3.59	0.22	0.97	0.25	0.68	-0.33
2005/12/22[4]	0.85	0.04	0.81	0.4	0.46	-0.43
2006/01/25[3]	2.35	0.39	0.86	0.48	0.65	-0.49
2006/09/21[4]	-0.89	0.21	1.02	0.49	0.65	-0.07
2006/10/30[1]	1.57	0.1	0.63	0.14	0.47	-1.05
2011/05/09[1]	0.63	0.16	0.85	0.3	0.74	-0.09
2012/10/16[2]	0.32	0.26	1.07	0.01	0.62	-0.43
2012/12/20[4]	-0.69	0.06	1.05	0.28	0.58	-0.89
2013/11/05[2]	-0.82	-0.36	1.21	0.35	0.4	-1.15
2014/06/24[2]	-0.41	-0.17	1.01	0.47	0.51	-0.13
2014/07/07[1]	0.2	-0.09	0.93	0.03	0.23	-0.41
2014/11/06[4]	-0.32	0.08	0.84	0.27	0.32	-0.72
2015/01/15[4]	4.56	3.54	0.26	0.21	0.29	-0.46
2016/05/30[1]	3.34	0.0	0.97	0.05	0.35	-0.94
2016/06/07[2]	-0.3	-0.12	0.94	0.07	0.15	-0.36
------------------------------------------------------------------------
增加成交量匹配条件：
------------------------------------------------------------------------
模式识别结果统计:
统计总数	<=0(占比%)	>=1	<-1
 5   	 3(60.00%)	2	1
收盘涨幅:-1.13	-0.17	-0.1	2.35	3.59
收盘涨幅中位数:-0.10
------------------------------------------------------------------------
日期[星期]	次日涨幅	次日开盘	量能	当日涨幅	当日最高	当日最低
1992/06/17[3]	-0.1	-0.21	0.99	0.25	1.7	-0.04
1992/06/19[5]	-0.17	0.15	0.86	0.3	0.3	-0.57
2001/12/10[1]	-1.13	-0.04	0.9	0.19	0.2	-0.84
2004/11/09[2]	3.59	0.22	0.97	0.25	0.68	-0.33
2006/01/25[3]	2.35	0.39	0.86	0.48	0.65	-0.49
------------------------------------------------------------------------
399001
------------------------------------------------------------------------
--------正在查找历史K线日期：！！！！日期选完，请注意看K线趋势，同时注意成交量的表现：
------------------------------------------------------------------------
--------最近交易日的相关数据：
日期[星期]    	涨幅	最大涨幅	最小涨幅	量比	波动幅度	
2016/07/13[3]	0.89	1.23	0.14	1.01	1.09
2016/07/14[4]	0.01	0.12	-0.62	0.82	0.74
2016/07/15[5]	-0.28	0.14	-0.73	0.96	0.87
------------------------------------------------------------------------
模式识别结果统计:
统计总数	<=0(占比%)	>=1	<-1
24   	13(54.17%)	5	5
收盘涨幅:-2.19	-1.81	-1.76	-1.64	-1.29	-0.93	-0.92	-0.52	-0.33	-0.31	-0.3	-0.3	-0.17	0.14	0.18	0.23	0.34	0.44	0.8	1.3	1.64	1.66	2.06	2.2
收盘涨幅中位数:-0.23
------------------------------------------------------------------------
日期[星期]	次日涨幅	次日开盘	量能	当日涨幅	当日最高	当日最低
2012/07/04[3]	-1.64	-0.61	0.89	-0.4	0.6	-0.67
2012/12/21[5]	-0.31	-0.13	1.09	-0.4	1.4	-0.72
2013/01/04[5]	0.14	-0.24	1.07	-0.22	1.1	-1.37
2013/03/25[1]	-0.93	-0.25	0.96	-0.32	0.54	-0.68
2013/04/08[1]	0.44	0.13	1.03	-0.12	-0.04	-2.41
2013/05/09[4]	0.23	-0.39	1.11	-0.27	0.29	-1.27
2013/07/03[3]	1.3	-0.81	1.05	-0.84	-0.26	-2.28
2013/08/23[5]	2.06	0.41	1.14	-0.96	0.75	-2.42
2013/09/13[5]	-0.33	0.22	0.93	-0.31	0.59	-0.44
2013/10/15[2]	-1.81	-0.41	1.0	-0.68	0.06	-1.52
2014/02/13[4]	0.34	-0.21	1.05	-0.57	0.44	-0.7
2014/04/14[1]	-1.76	-0.2	0.92	-0.05	0.42	-0.44
2014/04/24[4]	-1.29	0.06	1.06	-0.21	0.5	-0.57
2014/05/22[4]	0.8	0.07	1.28	-0.29	1.25	-0.33
2014/05/27[2]	1.66	0.04	0.92	-0.21	0.42	-0.29
2014/07/01[2]	0.18	0.01	1.0	-0.62	0.1	-0.9
2014/07/04[5]	-0.17	0.04	0.9	-0.02	0.38	-0.23
2014/07/16[3]	-0.92	-0.15	0.87	-0.58	0.28	-0.72
2014/09/09[2]	-0.52	-0.45	0.99	-0.16	0.13	-0.71
2014/10/13[1]	-0.3	-0.16	0.9	-0.58	-0.22	-1.45
2015/05/14[4]	-2.19	-0.46	0.97	-0.98	0.84	-1.12
2015/12/11[5]	2.2	-0.91	0.9	-0.39	0.39	-1.06
2016/06/07[2]	-0.3	-0.17	0.96	-0.15	0.08	-0.63
2016/06/21[2]	1.64	-0.23	1.18	-0.88	1.32	-1.26
------------------------------------------------------------------------
增加成交量匹配条件：
------------------------------------------------------------------------
模式识别结果统计:
统计总数	<=0(占比%)	>=1	<-1
 6   	 6(100.00%)	0	1
收盘涨幅:-1.76	-0.93	-0.52	-0.33	-0.3	-0.3
收盘涨幅中位数:-0.43
------------------------------------------------------------------------
日期[星期]	次日涨幅	次日开盘	量能	当日涨幅	当日最高	当日最低
2013/03/25[1]	-0.93	-0.25	0.96	-0.32	0.54	-0.68
2013/09/13[5]	-0.33	0.22	0.93	-0.31	0.59	-0.44
2014/04/14[1]	-1.76	-0.2	0.92	-0.05	0.42	-0.44
2014/09/09[2]	-0.52	-0.45	0.99	-0.16	0.13	-0.71
2014/10/13[1]	-0.3	-0.16	0.9	-0.58	-0.22	-1.45
2016/06/07[2]	-0.3	-0.17	0.96	-0.15	0.08	-0.63
