------------------------------------------------------------------------
999999
------------------------------------------------------------------------
--------正在查找历史K线日期：！！！！日期选完，请注意看K线趋势，同时注意成交量的表现：
------------------------------------------------------------------------
--------最近交易日的相关数据：
日期[星期]    	涨幅	最大涨幅	最小涨幅	量比	波动幅度	
2016/08/05[5]	-0.19	0.31	-0.36	1.06	0.67
2016/08/08[1]	0.93	0.94	-0.59	1.1	1.53
2016/08/09[2]	0.71	0.72	-0.19	1.09	0.91
------------------------------------------------------------------------
模式识别结果统计:
统计总数	<=0(占比%)	>=1	<-1
19   	 9(47.37%)	1	1
收盘涨幅:-2.2	-0.95	-0.92	-0.77	-0.74	-0.45	-0.16	-0.1	-0.03	0.05	0.2	0.4	0.55	0.55	0.65	0.93	0.93	0.98	1.02
收盘涨幅中位数:0.05
------------------------------------------------------------------------
日期[星期]	次日涨幅	次日开盘	次日最高	次日最低	量能	当日涨幅
1991/07/23[2]	0.93	0.91	0.97	-0.5	2.62	0.96
1991/10/04[5]	0.93	0.9	0.93	0.61	0.39	0.99
1992/02/28[5]	0.2	0.13	0.2	0.0	1.04	0.61
1996/01/29[1]	0.65	0.41	0.66	-0.67	1.14	0.68
1997/12/26[5]	-0.45	0.37	0.59	-0.53	1.17	0.9
1998/05/04[1]	-0.03	0.16	0.23	-0.47	1.24	0.71
1998/05/22[5]	0.98	0.31	1.01	0.03	1.18	0.67
2000/08/08[2]	0.55	0.08	0.55	-0.07	1.0	0.51
2001/04/02[1]	-0.1	0.13	0.22	-0.74	0.97	0.58
2001/11/28[3]	-0.16	0.02	0.39	-0.35	1.7	0.72
2001/12/03[1]	0.4	0.07	0.44	-0.44	1.01	0.83
2003/05/23[5]	0.55	0.14	0.86	0.01	1.89	0.96
2006/02/15[3]	-2.2	-0.05	-0.05	-2.36	1.37	1.0
2009/06/09[2]	1.02	0.32	1.17	0.08	0.99	0.71
2010/12/07[2]	-0.95	-0.25	0.16	-1.11	0.97	0.65
2013/11/28[4]	0.05	0.1	0.25	-0.32	1.17	0.83
2014/04/02[3]	-0.74	0.22	0.34	-1.05	1.23	0.56
2014/06/16[1]	-0.92	-0.26	-0.26	-1.02	0.99	0.74
2016/05/23[1]	-0.77	-0.14	-0.14	-1.28	1.11	0.64
------------------------------------------------------------------------
增加成交量匹配条件：
------------------------------------------------------------------------
模式识别结果统计:
统计总数	<=0(占比%)	>=1	<-1
 2   	 0(0.00%)	0	0
收盘涨幅:0.2	0.98
收盘涨幅中位数:0.59
------------------------------------------------------------------------
日期[星期]	次日涨幅	次日开盘	次日最高	次日最低	量能	当日涨幅
1992/02/28[5]	0.2	0.13	0.2	0.0	1.04	0.61
1998/05/22[5]	0.98	0.31	1.01	0.03	1.18	0.67
------------------------------------------------------------------------
399001
------------------------------------------------------------------------
--------正在查找历史K线日期：！！！！日期选完，请注意看K线趋势，同时注意成交量的表现：
------------------------------------------------------------------------
--------最近交易日的相关数据：
日期[星期]    	涨幅	最大涨幅	最小涨幅	量比	波动幅度	
2016/08/05[5]	-0.23	0.52	-0.32	0.96	0.84
2016/08/08[1]	1.22	1.22	-0.8	1.06	2.03
2016/08/09[2]	0.92	0.92	-0.11	1.1	1.02
------------------------------------------------------------------------
模式识别结果统计:
统计总数	<=0(占比%)	>=1	<-1
13   	 8(61.54%)	0	2
收盘涨幅:-2.79	-1.15	-0.76	-0.55	-0.4	-0.35	-0.15	-0.02	0.01	0.09	0.42	0.51	0.65
收盘涨幅中位数:-0.15
------------------------------------------------------------------------
日期[星期]	次日涨幅	次日开盘	次日最高	次日最低	量能	当日涨幅
2012/12/10[1]	-0.55	-0.43	0.24	-0.78	1.05	0.93
2013/07/01[1]	0.65	0.03	1.01	-0.85	0.88	0.31
2013/07/05[5]	-2.79	-1.47	-0.58	-2.83	0.89	0.67
2014/01/15[3]	-0.02	0.12	0.73	-0.28	1.03	0.04
2014/06/16[1]	-1.15	-0.23	-0.23	-1.3	1.01	0.21
2014/06/27[5]	0.42	0.0	0.68	0.0	1.15	0.28
2014/08/05[2]	-0.15	-0.56	0.18	-1.56	1.11	0.01
2014/10/09[4]	0.09	-0.22	0.69	-0.56	1.23	0.25
2014/11/03[1]	-0.4	-0.1	-0.05	-0.74	0.99	0.18
2015/04/02[4]	0.51	-0.66	0.57	-0.96	1.12	0.23
2015/04/13[1]	-0.76	-0.12	0.51	-1.62	1.13	0.97
2016/04/14[4]	-0.35	0.03	0.12	-0.84	0.77	0.81
2016/07/13[3]	0.01	-0.17	0.12	-0.62	1.01	0.89
------------------------------------------------------------------------
增加成交量匹配条件：
------------------------------------------------------------------------
模式识别结果统计:
统计总数	<=0(占比%)	>=1	<-1
 4   	 2(50.00%)	0	0
收盘涨幅:-0.55	-0.02	0.09	0.42
收盘涨幅中位数:0.03
------------------------------------------------------------------------
日期[星期]	次日涨幅	次日开盘	次日最高	次日最低	量能	当日涨幅
2012/12/10[1]	-0.55	-0.43	0.24	-0.78	1.05	0.93
2014/01/15[3]	-0.02	0.12	0.73	-0.28	1.03	0.04
2014/06/27[5]	0.42	0.0	0.68	0.0	1.15	0.28
2014/10/09[4]	0.09	-0.22	0.69	-0.56	1.23	0.25
