------------------------------------------------------------------------
999999
------------------------------------------------------------------------
--------正在查找历史K线日期：！！！！日期选完，请注意看K线趋势，同时注意成交量的表现：
------------------------------------------------------------------------
--------最近交易日的相关数据：
日期[星期]    	价格	涨幅	最大涨幅	最小涨幅	量比	波动幅度	60日涨幅%	30涨幅%	10涨幅%
2016/12/27[2]	3114.66	-0.25	0.17	-0.28	0.93	0.45	-0.95%	-2.51%	-0.38%
2016/12/28[3]	3102.24	-0.4	0.13	-0.65	0.96	0.78	-1.41%	-2.81%	-0.65%
2016/12/29[4]	3096.1	-0.2	0.31	-0.48	0.98	0.79	-1.66%	-2.89%	-0.73%
------------------------------------------------------------------------
模式识别结果统计:
统计总数	<=0(占比%)	>=1	<-1
83   	67(80.72%)	2	6
收盘涨幅:-2.88	-2.03	-1.88	-1.63	-1.42	-1.04	-0.97	-0.83	-0.82	-0.8	-0.71	-0.66	-0.62	-0.57	-0.54	-0.49	-0.48	-0.47	-0.46	-0.46	-0.45	-0.45	-0.45	-0.44	-0.43	-0.43	-0.42	-0.42	-0.42	-0.42	-0.41	-0.41	-0.41	-0.41	-0.41	-0.41	-0.4	-0.4	-0.4	-0.4	-0.39	-0.39	-0.39	-0.38	-0.38	-0.38	-0.38	-0.37	-0.37	-0.37	-0.36	-0.36	-0.36	-0.36	-0.36	-0.36	-0.35	-0.35	-0.34	-0.34	-0.32	-0.28	-0.14	-0.12	-0.08	-0.05	-0.04	0.13	0.17	0.26	0.26	0.37	0.38	0.44	0.45	0.49	0.71	0.82	0.86	0.88	0.88	1.5	1.85
收盘涨幅中位数:-0.39
------------------------------------------------------------------------
日期[星期]	次日涨幅	次日开盘	次日最高	次日最低	量能	当日涨幅	当日最高	当日最低	当日波动幅度	60日周期	20日周期	10日周期
1991/01/22[2]	-0.41	-0.41	0.0	-0.43	0.17	-0.39	0.0	-0.43	0.43	None	1	1
1991/01/23[3]	-0.42	-0.42	0.0	-0.45	3.09	-0.41	0.0	-0.43	0.43	None	1	1
1991/01/24[4]	-0.42	-0.42	-0.41	-0.44	1.7	-0.42	0.0	-0.45	0.45	None	1	1
1991/01/25[5]	-0.45	-0.45	-0.38	-0.45	1.86	-0.42	-0.41	-0.44	0.03	None	1	1
1991/01/28[1]	-0.39	-0.39	-0.37	-0.39	1.48	-0.45	-0.38	-0.45	0.07	None	1	1
1991/01/29[2]	-0.39	-0.39	0.0	-0.41	0.27	-0.39	-0.37	-0.39	0.02	None	1	1
1991/01/30[3]	-0.36	-0.39	0.02	-0.39	0.38	-0.39	0.0	-0.41	0.41	None	1	1
1991/01/31[4]	-0.35	-0.36	0.0	-0.4	0.97	-0.36	0.02	-0.39	0.41	None	1	1
1991/02/01[5]	-0.36	-0.36	0.05	-0.36	0.68	-0.35	0.0	-0.4	0.4	None	1	1
1991/02/04[1]	-0.36	-0.38	-0.36	-0.4	1.6	-0.36	0.05	-0.36	0.41	None	1	1
1991/02/05[2]	0.44	0.43	0.44	-0.4	15.48	-0.36	-0.36	-0.4	0.04	None	1	1
1991/02/27[3]	-0.34	-0.36	0.04	-0.37	0.2	-0.34	0.04	-0.37	0.4	None	1	1
1991/02/28[4]	-0.36	-0.36	-0.36	-0.41	10.55	-0.34	0.04	-0.37	0.4	None	1	1
1991/03/01[5]	-0.41	-0.33	-0.33	-0.42	3.16	-0.36	-0.36	-0.41	0.05	None	1	1
1991/03/04[1]	-0.4	-0.43	0.0	-0.44	0.35	-0.41	-0.33	-0.42	0.08	None	1	1
1991/03/05[2]	-0.4	-0.43	-0.39	-0.43	0.39	-0.4	0.0	-0.44	0.44	None	1	1
1991/03/06[3]	-0.4	-0.4	0.0	-0.4	0.73	-0.4	-0.39	-0.43	0.05	None	1	1
1991/03/07[4]	-0.4	-0.44	0.0	-0.44	0.79	-0.4	0.0	-0.4	0.4	None	1	1
1991/03/08[5]	-0.45	-0.45	0.0	-0.45	1.64	-0.4	0.0	-0.44	0.44	None	1	1
1991/03/11[1]	-0.42	-0.45	0.0	-0.45	0.55	-0.45	0.0	-0.45	0.45	None	1	1
1991/03/12[2]	-2.03	-2.05	0.0	-2.05	1.86	-0.42	0.0	-0.45	0.45	None	1	1
1991/03/18[1]	-0.39	-0.38	0.0	-0.39	1.58	-0.37	0.0	-0.38	0.38	None	1	1
1991/03/19[2]	-0.45	-0.45	-0.01	-0.47	0.71	-0.39	0.0	-0.39	0.39	None	1	1
1991/03/20[3]	-0.44	-0.42	0.0	-0.44	0.76	-0.45	-0.01	-0.47	0.47	None	1	1
1991/03/21[4]	-0.41	-0.41	0.0	-0.41	0.22	-0.44	0.0	-0.44	0.44	None	1	1
1991/03/22[5]	-0.41	-0.41	0.0	-0.42	1.37	-0.41	0.0	-0.41	0.41	None	1	1
1991/03/25[1]	-0.41	-0.41	0.02	-0.41	2.14	-0.41	0.0	-0.42	0.42	None	1	1
1991/03/26[2]	-0.41	-0.41	0.02	-0.41	2.63	-0.41	0.02	-0.41	0.43	None	1	1
1991/03/27[3]	-0.42	-0.39	0.02	-0.42	0.57	-0.41	0.02	-0.41	0.43	None	1	1
1991/03/28[4]	-0.35	-0.37	0.0	-0.41	1.44	-0.42	0.02	-0.42	0.45	None	1	1
1991/03/29[5]	0.45	0.42	0.45	-0.42	2.27	-0.35	0.0	-0.41	0.41	None	1	1
1991/04/09[2]	-0.38	-0.39	0.0	-0.44	0.17	-0.39	0.01	-0.4	0.41	None	1	0
1991/04/10[3]	-0.43	-0.43	0.0	-0.45	1.46	-0.38	0.0	-0.44	0.44	None	1	0
1991/04/11[4]	-0.36	-0.37	0.01	-0.41	0.51	-0.43	0.0	-0.45	0.45	None	1	0
1991/04/12[5]	-0.37	-0.4	0.01	-0.41	1.67	-0.36	0.01	-0.41	0.42	None	1	0
1991/04/15[1]	-0.36	-0.35	0.0	-0.36	0.75	-0.37	0.01	-0.41	0.42	None	1	0
1991/04/16[2]	-0.37	-0.35	0.0	-0.38	0.35	-0.36	0.0	-0.36	0.36	None	1	0
1991/04/17[3]	-0.38	-0.38	0.03	-0.38	1.91	-0.37	0.0	-0.38	0.38	None	1	0
1991/04/18[4]	-0.32	-0.32	0.04	-0.34	0.89	-0.38	0.03	-0.38	0.41	None	1	0
1991/04/19[5]	-0.38	-0.38	0.0	-0.43	3.63	-0.32	0.04	-0.34	0.38	None	1	0
1991/04/22[1]	-0.38	-0.36	0.0	-0.41	0.67	-0.38	0.0	-0.43	0.43	None	1	0
1991/04/23[2]	-0.34	-0.42	0.0	-0.42	0.66	-0.38	0.0	-0.41	0.41	None	1	0
1991/04/24[3]	-0.37	-0.35	0.0	-0.4	0.52	-0.34	0.0	-0.42	0.42	None	1	0
1991/04/25[4]	0.17	0.82	0.82	-0.73	10.1	-0.37	0.0	-0.4	0.4	None	1	0
1991/07/09[2]	-0.48	-0.18	0.71	-0.68	1.44	-0.47	0.95	-0.72	1.67	0	1	1
1991/07/10[3]	-0.46	-0.57	0.0	-0.64	0.71	-0.48	0.71	-0.68	1.4	0	1	1
1991/07/11[4]	-0.43	-0.43	0.0	-0.72	0.84	-0.46	0.0	-0.64	0.64	0	1	1
1991/07/12[5]	0.26	0.83	0.98	-0.7	0.62	-0.43	0.0	-0.72	0.72	0	1	1
1991/09/25[3]	-0.47	-0.53	0.0	-0.69	0.97	-0.48	0.0	-0.7	0.7	0	1	0
1991/09/26[4]	-0.28	0.43	0.86	-0.63	4.71	-0.47	0.0	-0.69	0.69	0	1	0
1991/09/27[5]	-0.49	-0.85	0.07	-0.85	5.16	-0.28	0.86	-0.63	1.48	0	1	0
1991/09/30[1]	0.86	0.35	0.86	-0.62	0.76	-0.49	0.07	-0.85	0.92	0	1	0
1998/03/09[1]	-0.08	-0.1	0.42	-1.19	1.0	-0.47	0.18	-0.74	0.92	1	1	0
1998/03/10[2]	-0.82	0.12	0.89	-1.03	0.97	-0.08	0.42	-1.19	1.61	1	1	0
1998/07/29[3]	0.26	0.07	0.46	-0.17	1.13	-0.46	0.25	-0.73	0.99	1	0	-1
1998/10/20[2]	-2.88	-0.01	-0.0	-3.02	0.95	-0.21	0.42	-0.64	1.05	-1	1	0
1998/11/13[5]	0.88	0.14	0.88	-0.07	0.84	-0.04	0.23	-0.91	1.14	-1	-1	-1
1999/03/24[3]	-1.04	-0.1	-0.1	-1.2	0.7	-0.16	0.55	-0.33	0.87	-1	0	1
2000/04/25[2]	-0.04	0.12	0.51	-0.39	0.67	-0.21	0.24	-1.18	1.43	-1	1	0
2000/04/26[3]	-1.42	0.15	0.43	-1.59	0.94	-0.04	0.51	-0.39	0.9	-1	1	0
2000/10/13[5]	-0.8	-0.04	-0.03	-1.06	0.92	-0.42	0.31	-0.78	1.09	-1	-1	0
2001/06/11[1]	0.38	-0.05	0.39	-0.12	1.01	-0.38	0.16	-0.74	0.9	-1	0	0
2001/06/29[5]	-0.54	0.11	0.23	-0.74	1.29	-0.06	0.27	-0.23	0.5	1	0	0
2002/07/25[4]	-0.46	-0.0	0.31	-0.5	1.09	-0.44	0.63	-0.6	1.23	1	1	0
2002/07/26[5]	0.49	-0.16	0.51	-0.62	0.89	-0.46	0.31	-0.5	0.81	1	1	0
2003/06/18[3]	-0.97	0.01	0.23	-1.51	1.33	-0.21	0.56	-0.28	0.84	1	0	0
2004/03/26[5]	-0.83	0.03	0.36	-0.93	0.99	-0.14	0.29	-0.9	1.19	-1	-1	1
2004/12/29[3]	-0.05	-0.09	0.49	-0.8	1.08	-0.36	0.52	-0.63	1.15	1	1	-1
2004/12/30[4]	-0.57	0.13	0.56	-0.72	1.04	-0.05	0.49	-0.8	1.29	1	1	-1
2005/03/29[2]	-1.88	-0.22	-0.22	-1.94	1.15	-0.42	0.76	-0.46	1.22	1	1	0
2012/11/07[3]	-1.63	-0.69	-0.63	-1.67	0.83	-0.01	0.31	-0.6	0.92	-1	0	0
2013/04/03[3]	-0.62	-1.31	-0.57	-2.01	0.91	-0.11	0.61	-0.47	1.08	1	0	1
2013/06/27[4]	1.5	-0.74	1.95	-1.25	1.05	-0.08	1.49	-0.47	1.96	-1	-1	-1
2013/11/25[1]	-0.14	-0.08	0.3	-0.45	0.95	-0.47	0.58	-0.68	1.26	1	0	0
2013/11/26[2]	0.82	-0.06	1.12	-0.28	0.93	-0.14	0.3	-0.45	0.75	1	0	0
2014/06/03[2]	-0.66	-0.02	0.01	-1.25	0.95	-0.04	0.51	-0.09	0.6	-1	0	0
2014/09/11[4]	0.88	-0.14	0.88	-0.39	1.17	-0.29	1.09	-0.59	1.68	-1	1	0
2014/11/17[1]	-0.71	0.01	0.12	-0.98	0.98	-0.19	1.21	-0.26	1.47	1	0	0
2016/04/29[5]	1.85	0.07	1.88	-0.29	0.79	-0.25	0.17	-0.52	0.69	1	-1	0
2016/07/20[3]	0.37	-0.01	0.84	-0.02	0.89	-0.29	0.21	-0.46	0.67	-1	0	1
2016/08/18[4]	0.13	-0.12	0.3	-0.69	1.07	-0.17	0.52	-0.52	1.04	1	1	1
2016/10/28[5]	-0.12	-0.23	-0.06	-0.75	1.15	-0.26	0.52	-0.36	0.88	1	1	1
2016/10/31[1]	0.71	0.04	0.71	-0.11	0.83	-0.12	-0.06	-0.75	0.68	None	None	None
------------------------------------------------------------------------
增加成交量匹配条件：
------------------------------------------------------------------------
模式识别结果统计:
统计总数	<=0(占比%)	>=1	<-1
10   	 8(80.00%)	0	0
收盘涨幅:-0.83	-0.47	-0.41	-0.4	-0.4	-0.37	-0.36	-0.35	0.26	0.82
收盘涨幅中位数:-0.39
------------------------------------------------------------------------
日期[星期]	次日涨幅	次日开盘	次日最高	次日最低	量能	当日涨幅	当日最高	当日最低	当日波动幅度	60日周期	20日周期	10日周期
1991/01/31[4]	-0.35	-0.36	0.0	-0.4	0.97	-0.36	0.02	-0.39	0.41	None	1	1
1991/02/01[5]	-0.36	-0.36	0.05	-0.36	0.68	-0.35	0.0	-0.4	0.4	None	1	1
1991/03/06[3]	-0.4	-0.4	0.0	-0.4	0.73	-0.4	-0.39	-0.43	0.05	None	1	1
1991/03/07[4]	-0.4	-0.44	0.0	-0.44	0.79	-0.4	0.0	-0.4	0.4	None	1	1
1991/03/21[4]	-0.41	-0.41	0.0	-0.41	0.22	-0.44	0.0	-0.44	0.44	None	1	1
1991/04/24[3]	-0.37	-0.35	0.0	-0.4	0.52	-0.34	0.0	-0.42	0.42	None	1	0
1991/07/12[5]	0.26	0.83	0.98	-0.7	0.62	-0.43	0.0	-0.72	0.72	0	1	1
1991/09/25[3]	-0.47	-0.53	0.0	-0.69	0.97	-0.48	0.0	-0.7	0.7	0	1	0
2004/03/26[5]	-0.83	0.03	0.36	-0.93	0.99	-0.14	0.29	-0.9	1.19	-1	-1	1
2013/11/26[2]	0.82	-0.06	1.12	-0.28	0.93	-0.14	0.3	-0.45	0.75	1	0	0
------------------------------------------------------------------------
昨日市场情绪指数:	39.13
------------------------------------------------------------------------
市场风险指数:	3.80
------------------------------------------------------------------------
周期(日)	幅度	低点	高点	点位	涨幅	信号
5日	0.25	3068.42	3143.17	3087.11	-0.29%	支撑位！
5日	0.33	3068.42	3143.17	3093.09	-0.10%	支撑位！
5日	0.5	3068.42	3143.17	3105.80	0.31%	注意压力位！	!0.5
5日	0.618	3068.42	3143.17	3114.62	0.59%	注意压力位！
5日	0.825	3068.42	3143.17	3130.09	1.09%
10日	0.25	3068.42	3143.17	3087.11	-0.29%	支撑位！
10日	0.33	3068.42	3143.17	3093.09	-0.10%	支撑位！
10日	0.5	3068.42	3143.17	3105.80	0.31%	注意压力位！	!0.5
10日	0.618	3068.42	3143.17	3114.62	0.59%	注意压力位！
10日	0.825	3068.42	3143.17	3130.09	1.09%
20日	0.25	3068.42	3279.71	3121.24	0.81%	注意压力位！
20日	0.33	3068.42	3279.71	3138.15	1.34%
20日	0.5	3068.42	3279.71	3174.07	2.46%	!0.5
20日	0.618	3068.42	3279.71	3199.00	3.22%
20日	0.825	3068.42	3279.71	3242.73	4.52%
30日	0.25	3068.42	3301.21	3126.62	0.98%	注意压力位！	!30日
30日	0.33	3068.42	3301.21	3145.24	1.56%	!30日
30日	0.5	3068.42	3301.21	3184.82	2.79%	!30日	!0.5
30日	0.618	3068.42	3301.21	3212.28	3.62%	!30日
30日	0.825	3068.42	3301.21	3260.47	5.04%	!30日
60日	0.25	2991.91	3301.21	3069.23	-0.88%	支撑位！
60日	0.33	2991.91	3301.21	3093.98	-0.07%	支撑位！
60日	0.5	2991.91	3301.21	3146.56	1.60%	!0.5
60日	0.618	2991.91	3301.21	3183.06	2.73%
60日	0.825	2991.91	3301.21	3247.08	4.65%
90日	0.25	2969.13	3301.21	3052.15	-1.44%
90日	0.33	2969.13	3301.21	3078.72	-0.56%	支撑位！
90日	0.5	2969.13	3301.21	3135.17	1.25%	!0.5
90日	0.618	2969.13	3301.21	3174.36	2.47%
90日	0.825	2969.13	3301.21	3243.10	4.53%
120日	0.25	2931.96	3301.21	3024.27	-2.38%
120日	0.33	2931.96	3301.21	3053.81	-1.38%
120日	0.5	2931.96	3301.21	3116.59	0.66%	注意压力位！	!0.5
120日	0.618	2931.96	3301.21	3160.16	2.03%
120日	0.825	2931.96	3301.21	3236.59	4.34%
150日	0.25	2780.76	3301.21	2910.87	-6.36%
150日	0.33	2780.76	3301.21	2952.51	-4.86%
150日	0.5	2780.76	3301.21	3040.99	-1.81%	!0.5
150日	0.618	2780.76	3301.21	3102.40	0.20%	注意压力位！
150日	0.825	2780.76	3301.21	3210.13	3.55%
180日	0.25	2780.76	3301.21	2910.87	-6.36%
180日	0.33	2780.76	3301.21	2952.51	-4.86%
180日	0.5	2780.76	3301.21	3040.99	-1.81%	!0.5
180日	0.618	2780.76	3301.21	3102.40	0.20%	注意压力位！
180日	0.825	2780.76	3301.21	3210.13	3.55%
------------------------------------------------------------------------
399001
------------------------------------------------------------------------
--------正在查找历史K线日期：！！！！日期选完，请注意看K线趋势，同时注意成交量的表现：
------------------------------------------------------------------------
--------最近交易日的相关数据：
日期[星期]    	价格	涨幅	最大涨幅	最小涨幅	量比	波动幅度	60日涨幅%	30涨幅%	10涨幅%
2016/12/27[2]	10230.57	-0.03	0.37	-0.11	0.95	0.48	-4.52%	-4.33%	-0.42%
2016/12/28[3]	10187.16	-0.42	0.16	-0.59	1.02	0.75	-4.88%	-4.52%	-0.75%
2016/12/29[4]	10159.45	-0.27	0.35	-0.35	0.94	0.7	-5.1%	-4.54%	-0.97%
------------------------------------------------------------------------
模式识别结果统计:
统计总数	<=0(占比%)	>=1	<-1
200   	133(66.50%)	14	35
收盘涨幅:-7.0	-5.67	-4.65	-4.41	-2.88	-2.63	-2.54	-2.42	-2.36	-2.23	-2.21	-2.16	-2.14	-2.13	-2.03	-2.02	-1.98	-1.93	-1.89	-1.84	-1.76	-1.65	-1.61	-1.58	-1.51	-1.5	-1.43	-1.4	-1.27	-1.23	-1.23	-1.15	-1.09	-1.08	-1.06	-0.86	-0.84	-0.78	-0.78	-0.76	-0.72	-0.69	-0.68	-0.65	-0.59	-0.57	-0.51	-0.51	-0.51	-0.51	-0.51	-0.51	-0.5	-0.5	-0.5	-0.5	-0.5	-0.5	-0.5	-0.5	-0.5	-0.5	-0.5	-0.5	-0.5	-0.5	-0.5	-0.5	-0.5	-0.5	-0.5	-0.5	-0.5	-0.5	-0.5	-0.5	-0.49	-0.49	-0.49	-0.49	-0.49	-0.49	-0.49	-0.49	-0.44	-0.43	-0.43	-0.43	-0.43	-0.43	-0.43	-0.42	-0.4	-0.4	-0.38	-0.37	-0.37	-0.35	-0.35	-0.33	-0.32	-0.32	-0.32	-0.31	-0.31	-0.31	-0.31	-0.3	-0.3	-0.3	-0.3	-0.28	-0.28	-0.26	-0.21	-0.2	-0.17	-0.16	-0.16	-0.15	-0.15	-0.11	-0.1	-0.1	-0.06	-0.06	-0.05	-0.04	-0.02	-0.01	0.0	-0.0	-0.0	0.06	0.08	0.09	0.09	0.11	0.12	0.12	0.12	0.13	0.14	0.16	0.2	0.2	0.21	0.21	0.21	0.22	0.22	0.23	0.26	0.33	0.34	0.34	0.36	0.39	0.4	0.4	0.41	0.46	0.47	0.47	0.5	0.5	0.52	0.56	0.57	0.6	0.61	0.61	0.62	0.64	0.67	0.73	0.73	0.74	0.83	0.83	0.86	0.86	0.91	0.91	0.96	0.98	1.04	1.12	1.16	1.22	1.47	1.54	1.63	1.73	1.79	1.99	2.14	2.71	2.77	2.96
收盘涨幅中位数:-0.33
------------------------------------------------------------------------
日期[星期]	次日涨幅	次日开盘	次日最高	次日最低	量能	当日涨幅	当日最高	当日最低	当日波动幅度	60日周期	20日周期	10日周期
1991/04/06[6]	-0.5	-0.5	-0.5	-0.5	0.95	-0.5	-0.5	-0.5	0.0	None	1	0
1991/04/08[1]	-0.5	-0.5	-0.5	-0.5	0.56	-0.5	-0.5	-0.5	0.0	None	1	0
1991/04/09[2]	-0.5	-0.5	-0.5	-0.5	0.33	-0.5	-0.5	-0.5	0.0	None	1	0
1991/04/10[3]	-0.51	-0.51	-0.51	-0.51	2.37	-0.5	-0.5	-0.5	0.0	None	1	0
1991/04/11[4]	-0.49	-0.49	-0.49	-0.49	1.0	-0.51	-0.51	-0.51	0.0	None	1	0
1991/04/12[5]	-0.5	-0.5	-0.5	-0.5	1.51	-0.49	-0.49	-0.49	0.0	None	1	0
1991/04/13[6]	-0.49	-0.49	-0.49	-0.49	0.44	-0.5	-0.5	-0.5	0.0	None	1	0
1991/04/15[1]	-0.49	-0.49	-0.49	-0.49	1.67	-0.49	-0.49	-0.49	0.0	None	1	0
1991/04/16[2]	-0.49	-0.49	-0.49	-0.49	0.44	-0.49	-0.49	-0.49	0.0	None	1	0
1991/04/17[3]	-0.49	-0.49	-0.49	-0.49	0.95	-0.49	-0.49	-0.49	0.0	None	1	0
1991/04/18[4]	-0.5	-0.5	-0.5	-0.5	0.67	-0.49	-0.49	-0.49	0.0	None	1	0
1991/04/19[5]	-0.5	-0.5	-0.5	-0.5	1.21	-0.5	-0.5	-0.5	0.0	None	1	0
1991/04/20[6]	-0.5	-0.5	-0.5	-0.5	0.29	-0.5	-0.5	-0.5	0.0	None	1	0
1991/04/22[1]	-0.5	-0.5	-0.5	-0.5	0.0	-0.5	-0.5	-0.5	0.0	None	1	0
1991/04/23[2]	-0.49	-0.49	-0.49	-0.49	-999	-0.5	-0.5	-0.5	0.0	None	1	0
1991/04/24[3]	-0.49	-0.49	-0.49	-0.49	0.96	-0.49	-0.49	-0.49	0.0	None	1	0
1991/04/25[4]	-0.5	-0.5	-0.5	-0.5	1.09	-0.49	-0.49	-0.49	0.0	None	1	0
1991/04/26[5]	-0.5	-0.5	-0.5	-0.5	1.06	-0.5	-0.5	-0.5	0.0	None	1	0
1991/04/27[6]	-0.5	-0.5	-0.5	-0.5	0.38	-0.5	-0.5	-0.5	0.0	None	1	0
1991/04/29[1]	-0.5	-0.5	-0.5	-0.5	2.45	-0.5	-0.5	-0.5	0.0	None	1	0
1991/04/30[2]	-0.5	-0.5	-0.5	-0.5	2.9	-0.5	-0.5	-0.5	0.0	None	1	0
1991/05/02[4]	-0.5	-0.5	-0.5	-0.5	0.51	-0.5	-0.5	-0.5	0.0	None	1	0
1991/05/03[5]	-0.51	-0.51	-0.51	-0.51	1.08	-0.5	-0.5	-0.5	0.0	None	1	0
1991/05/04[6]	-0.51	-0.51	-0.51	-0.51	2.08	-0.51	-0.51	-0.51	0.0	None	1	0
1991/05/06[1]	-0.5	-0.5	-0.5	-0.5	0.77	-0.51	-0.51	-0.51	0.0	None	1	0
1991/05/07[2]	-0.5	-0.5	-0.5	-0.5	0.82	-0.5	-0.5	-0.5	0.0	None	1	0
1991/05/08[3]	-0.5	-0.5	-0.5	-0.5	3.03	-0.5	-0.5	-0.5	0.0	None	1	0
1991/05/09[4]	-0.5	-0.5	-0.5	-0.5	1.46	-0.5	-0.5	-0.5	0.0	None	1	0
1991/05/10[5]	-0.51	-0.51	-0.51	-0.51	1.56	-0.5	-0.5	-0.5	0.0	None	1	0
1991/05/11[6]	-0.51	-0.51	-0.51	-0.51	0.98	-0.51	-0.51	-0.51	0.0	None	1	0
1991/05/13[1]	-0.32	-0.38	-0.32	-0.51	2.27	-0.51	-0.51	-0.51	0.0	None	1	0
1991/05/14[2]	-0.3	-0.32	-0.3	-0.32	2.03	-0.32	-0.32	-0.51	0.19	None	1	0
1991/05/15[3]	-0.3	-0.3	-0.3	-0.3	1.25	-0.3	-0.3	-0.32	0.02	None	1	0
1991/05/16[4]	-0.28	-0.28	-0.28	-0.28	1.5	-0.3	-0.3	-0.3	0.0	None	1	0
1991/05/17[5]	-0.3	-0.28	-0.28	-0.3	1.52	-0.28	-0.28	-0.28	0.0	0	1	0
1991/05/18[6]	-0.31	-0.31	-0.31	-0.31	0.46	-0.3	-0.28	-0.3	0.02	0	-1	-1
1991/05/20[1]	-0.31	-0.31	-0.31	-0.31	1.35	-0.31	-0.31	-0.31	0.0	0	-1	-1
1991/05/21[2]	-0.31	-0.31	-0.31	-0.31	0.66	-0.31	-0.31	-0.31	0.0	0	-1	-1
1991/05/22[3]	-0.49	-0.42	-0.29	-0.49	1.22	-0.31	-0.31	-0.31	0.0	0	-1	-1
1991/05/23[4]	-0.5	-0.5	-0.5	-0.5	0.72	-0.49	-0.29	-0.49	0.2	0	-1	-1
1991/05/24[5]	-0.5	-0.5	-0.5	-0.5	0.31	-0.5	-0.5	-0.5	0.0	0	-1	-1
1991/05/25[6]	-0.5	-0.5	-0.5	-0.5	0.43	-0.5	-0.5	-0.5	0.0	0	-1	-1
1991/05/27[1]	-0.44	-0.44	-0.44	-0.44	3.03	-0.5	-0.5	-0.5	0.0	0	-1	-1
1991/05/28[2]	-0.42	-0.42	-0.42	-0.42	0.13	-0.44	-0.44	-0.44	0.0	0	-1	-1
1991/05/29[3]	-0.43	-0.43	-0.43	-0.43	0.76	-0.42	-0.42	-0.42	0.0	0	-1	-1
1991/05/30[4]	-0.43	-0.43	-0.43	-0.43	1.5	-0.43	-0.43	-0.43	0.0	0	-1	-1
1991/05/31[5]	-0.43	-0.43	-0.43	-0.43	0.4	-0.43	-0.43	-0.43	0.0	0	-1	-1
1991/06/01[6]	-0.43	-0.43	-0.43	-0.43	3.21	-0.43	-0.43	-0.43	0.0	0	-1	-1
1991/06/03[1]	-0.43	-0.43	-0.43	-0.43	0.99	-0.43	-0.43	-0.43	0.0	0	-1	-1
1991/06/04[2]	-0.43	-0.43	-0.43	-0.43	3.12	-0.43	-0.43	-0.43	0.0	0	-1	-1
1991/06/05[3]	-0.4	-0.4	-0.4	-0.4	2.06	-0.43	-0.43	-0.43	0.0	0	-1	-1
1991/06/06[4]	-0.4	-0.4	-0.4	-0.4	0.01	-0.4	-0.4	-0.4	0.0	0	-1	-1
1991/06/07[5]	-1.23	-0.36	-0.36	-1.42	4.42	-0.4	-0.4	-0.4	0.0	0	-1	-1
1991/07/01[1]	-2.03	-0.53	-0.1	-2.72	2.19	-0.94	-0.43	-1.4	0.96	0	-1	-1
1991/07/30[2]	0.22	-0.74	0.28	-0.91	0.68	-0.45	-0.23	-1.67	1.45	0	0	0
1991/08/07[3]	-0.31	-0.1	-0.05	-0.49	0.88	-0.09	0.1	-0.42	0.53	0	0	0
1991/08/08[4]	-0.3	-0.07	0.12	-0.78	0.86	-0.31	-0.05	-0.49	0.44	0	0	0
1991/08/09[5]	0.41	-0.32	0.41	-0.38	1.22	-0.3	0.12	-0.78	0.9	0	0	0
1991/08/14[3]	-0.32	-0.07	0.27	-0.55	0.76	-0.15	0.21	-0.35	0.56	0	0	0
1991/08/15[4]	0.4	0.05	0.61	-0.24	1.07	-0.32	0.27	-0.55	0.82	0	0	0
1991/08/28[3]	-0.16	-0.86	0.06	-1.25	1.09	-0.24	0.34	-1.19	1.53	0	0	0
1991/08/29[4]	-0.37	-0.62	-0.02	-0.93	0.69	-0.16	0.06	-1.25	1.31	0	0	0
1991/08/30[5]	-0.2	-0.43	0.02	-1.09	1.3	-0.37	-0.02	-0.93	0.91	0	0	0
1991/08/31[6]	-0.26	-0.44	-0.01	-1.64	0.65	-0.2	0.02	-1.09	1.11	0	0	0
1991/09/02[1]	-0.57	-0.4	0.19	-1.46	1.73	-0.26	-0.01	-1.64	1.63	0	0	0
1991/09/03[2]	-0.78	-0.45	-0.02	-1.65	1.71	-0.57	0.19	-1.46	1.65	0	0	0
1991/09/04[3]	-1.5	-0.65	-0.38	-2.77	0.45	-0.78	-0.02	-1.65	1.63	0	0	0
1991/09/16[1]	-0.33	-0.69	0.0	-1.08	1.13	-0.71	-0.31	-1.72	1.41	0	0	0
1991/09/17[2]	-0.37	-0.62	-0.0	-1.13	0.69	-0.33	0.0	-1.08	1.08	0	0	0
1991/09/18[3]	-0.68	-0.19	0.11	-1.38	0.99	-0.37	-0.0	-1.13	1.13	0	1	0
1991/09/19[4]	-0.16	-0.31	0.25	-0.69	1.17	-0.68	0.11	-1.38	1.49	0	1	0
1991/09/20[5]	0.14	-0.19	0.29	-0.6	0.66	-0.16	0.25	-0.69	0.94	0	1	0
1992/03/10[2]	0.22	0.08	0.72	-0.56	1.23	-0.16	0.59	-1.26	1.85	0	-1	-1
1992/11/09[1]	-0.84	-0.57	1.4	-1.39	0.63	-0.85	0.44	-1.72	2.15	1	-1	-1
1992/11/10[2]	-2.54	-0.37	-0.11	-3.96	1.13	-0.84	1.4	-1.39	2.79	1	-1	-1
1993/10/21[4]	-0.69	-0.1	0.11	-1.44	0.97	-0.88	0.32	-1.07	1.4	1	1	1
1993/10/22[5]	-2.36	-0.65	-0.53	-2.8	1.52	-0.69	0.11	-1.44	1.55	1	1	1
1994/01/11[2]	-0.32	-0.25	1.08	-0.83	0.45	-0.95	1.53	-1.31	2.85	-1	-1	0
1994/01/12[3]	-0.5	0.11	0.59	-1.17	0.71	-0.32	1.08	-0.83	1.92	-1	1	1
1994/01/13[4]	-2.16	0.18	1.69	-3.35	0.81	-0.5	0.59	-1.17	1.76	-1	1	1
1994/11/23[3]	-0.59	-0.56	0.31	-1.57	0.99	-0.7	0.24	-1.85	2.09	-1	-1	1
1994/11/24[4]	0.73	0.25	2.26	-0.03	1.04	-0.59	0.31	-1.57	1.88	-1	-1	1
1994/12/02[5]	-1.84	-0.09	0.2	-2.08	1.09	-0.57	0.83	-0.85	1.69	-1	-1	1
1995/02/16[4]	-0.5	-0.5	-0.14	-0.83	0.97	-0.94	-0.94	-1.64	0.7	0	-1	-1
1995/02/17[5]	0.12	0.07	0.17	-0.17	1.11	-0.5	-0.14	-0.83	0.69	0	-1	-1
1995/06/14[3]	-4.41	-0.25	-0.04	-5.46	1.07	-0.46	0.41	-0.76	1.16	1	1	-1
1995/06/29[4]	-0.15	-0.23	-0.15	-1.66	1.18	-0.72	0.17	-1.24	1.41	1	1	0
1995/06/30[5]	-2.14	-0.44	-0.44	-2.22	1.19	-0.15	-0.15	-1.66	1.51	1	1	0
1995/10/12[4]	0.47	-0.18	0.79	-0.41	2.35	-0.69	0.39	-0.71	1.1	1	1	0
1995/12/04[1]	0.34	0.01	0.66	-0.09	0.99	-0.01	0.1	-0.52	0.61	1	1	-1
1995/12/15[5]	-1.98	-0.49	-0.49	-2.32	1.26	-0.96	0.18	-1.28	1.46	1	1	0
1996/02/08[4]	0.83	-0.1	1.53	-0.11	1.35	-0.14	0.27	-0.27	0.53	-1	-1	0
1996/03/28[4]	0.16	-0.14	0.16	-0.87	0.67	-0.68	0.08	-0.8	0.88	1	1	0
1997/11/18[2]	-0.65	0.01	0.55	-1.15	1.04	-0.91	0.94	-0.94	1.88	-1	0	0
1997/11/19[3]	-1.43	-0.22	0.26	-1.78	0.92	-0.65	0.55	-1.15	1.69	-1	0	0
1997/12/22[1]	0.67	0.3	1.56	0.25	1.62	-0.39	0.64	-1.87	2.51	-1	-1	0
1998/01/09[5]	-0.78	0.12	0.9	-0.85	0.89	-0.16	0.43	-1.58	2.01	-1	1	1
1998/01/12[1]	-4.65	-1.35	-1.35	-9.51	1.05	-0.78	0.9	-0.85	1.75	-1	1	1
1998/01/20[2]	-0.76	-0.21	0.33	-0.9	0.81	-0.81	0.64	-1.36	2.0	1	-1	-1
1998/01/21[3]	0.91	-0.08	1.71	-0.19	1.29	-0.76	0.33	-0.9	1.23	1	-1	-1
1998/02/16[1]	0.12	-0.04	0.83	-0.37	1.17	-0.46	0.14	-0.85	0.99	1	1	1
1998/03/23[1]	1.99	-0.12	2.06	-0.13	1.25	-0.84	0.16	-1.0	1.16	-1	-1	0
1998/05/20[3]	0.0	-0.07	0.16	-0.85	0.89	-0.8	0.39	-0.92	1.31	-1	-1	0
1998/05/21[4]	0.26	0.21	0.73	0.14	1.01	0.0	0.16	-0.85	1.02	-1	-1	0
1998/06/04[4]	0.33	-0.03	1.14	-0.64	0.93	-0.61	0.31	-0.73	1.04	-1	-1	0
1998/07/30[4]	0.13	0.24	0.78	-0.16	0.96	-0.38	0.26	-0.73	0.99	1	0	-1
1998/12/07[1]	0.56	-0.11	0.79	-0.28	0.97	-0.62	2.3	-0.79	3.09	1	1	1
1999/03/17[3]	-1.08	-0.26	-0.14	-1.22	1.33	-0.28	1.01	-0.34	1.35	-1	0	-1
1999/04/13[2]	0.09	-0.02	0.48	-0.55	0.71	-0.92	0.61	-1.14	1.75	1	1	1
1999/09/16[4]	-0.01	0.04	0.99	-0.71	0.73	-0.61	0.26	-0.8	1.06	0	1	1
1999/09/17[5]	-1.09	0.18	0.33	-1.28	0.88	-0.01	0.99	-0.71	1.7	0	1	1
1999/09/23[4]	0.6	0.41	1.74	0.26	1.3	-0.35	0.82	-0.65	1.47	0	1	1
1999/09/30[4]	-2.42	-0.12	-0.01	-2.51	0.94	-0.67	0.8	-0.85	1.64	0	1	1
1999/12/06[1]	0.21	-0.02	1.37	-0.33	1.14	-0.86	0.15	-1.23	1.38	0	0	0
2000/04/25[2]	0.57	0.26	1.42	0.17	0.77	-0.1	0.55	-0.85	1.4	-1	1	0
2000/06/20[2]	1.16	0.43	1.18	0.15	0.88	-0.4	0.43	-0.79	1.22	1	-1	0
2000/08/15[2]	0.39	0.18	0.56	-0.12	0.82	-0.66	0.19	-1.09	1.28	1	1	1
2000/10/13[5]	-0.28	-0.07	0.08	-0.73	0.91	-0.74	0.38	-0.95	1.33	-1	-1	0
2000/10/16[1]	0.52	0.02	0.54	-0.18	0.72	-0.28	0.08	-0.73	0.82	-1	-1	0
2000/12/25[1]	0.46	0.19	0.53	-0.25	1.13	-0.96	0.02	-1.21	1.23	-1	0	0
2001/04/19[4]	-1.23	0.04	0.27	-1.25	0.78	-0.63	0.05	-1.56	1.62	-1	1	0
2001/05/25[5]	-0.38	0.1	0.3	-0.77	0.98	0.0	0.21	-0.76	0.98	-1	0	1
2001/05/28[1]	-0.35	-0.05	0.45	-0.59	1.09	-0.38	0.3	-0.77	1.06	-1	0	1
2001/05/29[2]	1.73	0.04	1.74	0.04	0.72	-0.35	0.45	-0.59	1.04	-1	0	0
2001/06/04[1]	0.11	-0.07	0.55	-0.27	1.45	-0.96	0.11	-1.12	1.23	-1	0	0
2001/06/11[1]	0.2	-0.07	0.42	-0.33	0.87	-0.98	0.05	-1.32	1.37	-1	0	0
2001/06/28[4]	0.08	0.18	0.38	-0.04	0.94	-0.58	0.33	-0.72	1.05	1	0	0
2001/07/09[1]	0.96	0.05	0.96	0.05	1.04	-0.12	0.39	-0.24	0.63	1	0	0
2001/07/17[2]	0.74	0.15	1.01	0.15	0.99	-0.75	0.05	-1.51	1.56	1	0	0
2001/11/14[3]	-0.06	0.09	0.63	-0.48	0.92	-0.05	0.89	-0.12	1.0	-1	-1	-1
2001/11/15[4]	1.12	7.16	7.44	0.98	0.98	-0.06	0.63	-0.48	1.11	-1	-1	-1
2002/04/23[2]	-0.02	0.06	0.73	-0.21	0.9	-0.52	0.66	-0.52	1.18	1	1	1
2002/04/24[3]	0.47	0.01	0.59	-0.38	1.12	-0.02	0.73	-0.21	0.93	1	1	1
2002/06/14[5]	-0.04	-0.39	-0.01	-0.75	0.83	-0.78	-0.19	-0.92	0.73	-1	-1	1
2002/06/17[1]	1.79	0.07	1.98	0.07	0.8	-0.04	-0.01	-0.75	0.74	-1	-1	1
2002/07/15[1]	-0.0	-0.05	1.21	-0.24	0.99	-0.88	-0.04	-1.06	1.02	1	1	0
2002/07/16[2]	1.04	0.12	1.09	-0.61	0.83	-0.0	1.21	-0.24	1.45	1	1	0
2002/07/26[5]	0.86	-0.1	0.89	-0.26	0.95	-0.23	0.66	-0.41	1.07	1	1	0
2002/08/09[5]	-0.72	-0.29	-0.23	-0.78	1.08	-0.66	-0.08	-1.02	0.94	1	1	0
2002/08/12[1]	0.2	-0.09	0.58	-0.09	0.99	-0.72	-0.23	-0.78	0.55	1	1	0
2002/08/30[5]	0.21	0.04	0.35	-0.16	0.7	-0.02	0.22	-0.17	0.39	1	0	0
2002/10/25[5]	-1.76	-0.12	-0.12	-1.92	0.91	-0.99	0.38	-1.2	1.58	1	0	0
2003/08/20[3]	-0.11	0.04	0.34	-0.5	1.18	-0.95	0.03	-1.61	1.64	1	0	0
2003/08/21[4]	-0.1	-0.09	0.67	-0.28	0.74	-0.11	0.34	-0.5	0.84	1	0	0
2003/08/22[5]	-0.86	-0.4	-0.39	-1.36	1.31	-0.1	0.67	-0.28	0.95	1	0	0
2003/08/25[1]	0.23	-0.11	0.53	-0.44	0.98	-0.86	-0.39	-1.36	0.97	1	0	0
2003/09/04[4]	-1.4	-0.07	-0.05	-1.99	1.02	-0.21	0.38	-0.42	0.8	1	0	0
2003/10/15[3]	-1.51	-0.04	0.1	-1.72	1.15	-0.53	1.91	-0.73	2.64	1	0	0
2003/10/27[1]	0.64	-0.2	0.89	-0.56	1.0	-0.35	0.21	-1.02	1.23	1	0	0
2003/12/29[1]	0.91	-0.04	1.07	-0.05	1.15	-0.78	-0.06	-1.14	1.07	-1	-1	1
2004/01/15[4]	0.61	0.09	0.96	-0.34	0.96	-0.15	0.98	-0.37	1.35	-1	-1	0
2004/02/12[4]	-0.21	-0.07	0.73	-0.69	0.99	-0.67	0.75	-0.87	1.62	-1	-1	1
2004/02/13[5]	2.14	0.26	2.14	0.26	0.88	-0.21	0.73	-0.69	1.42	-1	-1	1
2004/11/25[4]	0.21	-0.13	0.53	-0.13	0.85	-0.06	0.25	-0.43	0.68	1	1	0
2004/12/14[2]	0.83	0.04	0.95	-0.51	0.79	-0.31	0.3	-0.52	0.82	1	1	0
2004/12/29[3]	0.06	0.0	0.51	-0.62	0.98	-0.21	0.6	-0.49	1.09	1	1	-1
2005/03/24[4]	-0.0	-0.09	0.41	-0.64	0.79	-0.16	0.48	-1.74	2.22	1	1	0
2005/03/25[5]	-0.05	-0.11	-0.03	-1.14	0.9	-0.0	0.41	-0.64	1.05	1	1	0
2005/03/28[1]	-0.15	0.01	0.95	-0.25	0.98	-0.05	-0.03	-1.14	1.12	1	1	0
2005/03/29[2]	-2.21	-0.18	-0.18	-2.3	1.02	-0.15	0.95	-0.25	1.2	1	1	0
2005/04/25[1]	0.62	-0.14	1.13	-0.78	0.99	-0.51	-0.39	-1.55	1.15	1	1	1
2005/10/20[4]	0.5	0.05	0.91	-0.35	1.12	-0.31	-0.08	-1.06	0.98	1	0	0
2006/08/03[4]	-1.61	0.03	0.39	-1.84	0.77	-0.24	0.42	-0.99	1.41	1	1	0
2006/10/12[4]	0.73	-0.12	0.95	-0.28	1.2	-0.61	0.08	-0.86	0.94	-1	-1	1
2007/03/29[4]	-0.35	-0.37	0.23	-1.33	0.88	-0.09	1.09	-0.72	1.81	-1	-1	0
2007/03/30[5]	2.77	0.31	2.77	0.26	0.71	-0.35	0.23	-1.33	1.56	-1	-1	0
2008/05/19[1]	-5.67	-0.2	0.45	-6.06	0.78	-0.88	-0.08	-1.77	1.69	-1	1	1
2008/06/05[4]	-1.06	-0.23	0.1	-1.6	0.88	-0.92	-0.26	-1.43	1.17	-1	1	-1
2010/03/24[3]	-1.65	-0.19	-0.19	-1.72	1.05	-0.12	0.44	-0.36	0.8	-1	0	0
2010/04/26[1]	-2.13	-0.32	-0.32	-3.65	0.84	-0.86	0.55	-0.93	1.48	1	1	-1
2010/11/11[4]	-7.0	-0.66	-0.19	-7.18	1.1	-0.15	1.69	-0.5	2.19	-1	0	1
2010/12/17[5]	-1.58	0.43	0.91	-3.36	0.82	-0.28	0.11	-0.61	0.72	1	1	1
2010/12/24[5]	-2.02	0.15	2.01	-2.27	0.91	-0.69	0.35	-1.37	1.71	1	1	0
2011/01/07[5]	-1.93	0.03	0.56	-2.24	1.09	-0.2	1.46	-0.77	2.23	1	-1	0
2011/05/30[1]	1.63	0.07	1.63	-0.5	0.81	-0.13	0.89	-0.76	1.65	1	1	0
2011/07/07[4]	0.09	-0.02	0.69	-0.4	1.13	-0.26	0.99	-0.41	1.4	-1	-1	-1
2012/06/07[4]	-0.5	0.86	0.9	-0.72	1.11	-0.58	1.26	-0.84	2.1	1	0	0
2012/06/08[5]	1.47	0.25	1.94	-0.03	1.05	-0.5	0.9	-0.72	1.63	1	0	0
2012/08/17[5]	-0.51	-0.88	-0.18	-1.64	0.91	-1.0	0.12	-1.91	2.03	1	0	0
2012/08/20[1]	0.12	-0.08	1.09	-0.45	1.07	-0.51	-0.18	-1.64	1.47	1	0	0
2012/11/07[3]	-1.89	-0.84	-0.44	-1.89	0.81	-0.33	0.43	-0.64	1.07	-1	0	0
2012/11/20[2]	1.22	0.04	1.25	-0.79	1.02	-0.1	1.11	-0.21	1.32	-1	0	0
2013/03/27[3]	-2.88	-1.36	-1.36	-3.02	0.94	-0.02	1.42	-0.63	2.05	1	0	1
2013/04/12[5]	-1.15	-0.48	-0.19	-1.6	0.96	-0.96	0.61	-1.09	1.7	1	0	-1
2013/07/26[5]	-2.23	-0.91	-0.91	-2.6	0.79	-0.65	0.14	-1.36	1.49	-1	1	-1
2013/08/30[5]	0.5	0.15	0.82	-0.66	1.23	-0.15	0.92	-0.63	1.55	-1	-1	-1
2013/09/06[5]	2.71	0.65	3.11	0.47	0.96	-0.07	0.82	-0.36	1.19	-1	-1	-1
2013/11/25[1]	-0.17	-0.18	0.35	-0.51	0.92	-0.4	0.79	-0.87	1.65	1	0	0
2013/11/26[2]	0.98	-0.15	1.35	-0.21	0.95	-0.17	0.35	-0.51	0.85	1	0	0
2013/12/09[1]	0.4	0.17	0.91	-0.11	0.97	-0.08	0.79	-0.45	1.24	0	1	0
2014/01/09[4]	-1.27	-0.3	-0.19	-1.31	1.03	-0.71	0.94	-0.79	1.73	0	1	0
2014/03/27[4]	-0.1	-0.11	0.86	-0.4	1.12	-0.98	0.45	-1.24	1.69	-1	-1	0
2014/03/28[5]	0.34	0.75	1.59	-0.27	1.05	-0.1	0.86	-0.4	1.26	-1	-1	0
2014/08/21[4]	0.61	-0.09	0.8	-0.16	0.94	-0.15	0.02	-1.48	1.5	-1	0	0
2014/09/11[4]	0.36	-0.17	0.36	-0.59	1.16	-0.5	1.13	-0.77	1.9	-1	1	0
2014/12/23[2]	-2.63	0.41	0.53	-3.7	0.69	-0.36	1.75	-1.12	2.87	1	0	0
2016/04/29[5]	2.96	0.03	2.96	-0.35	0.83	-0.08	0.46	-0.49	0.95	1	-1	0
2016/07/11[1]	1.54	-0.11	1.54	-1.01	1.16	-0.16	1.15	-0.22	1.38	-1	1	0
2016/10/28[5]	-0.06	-0.24	0.07	-0.75	1.08	-0.72	0.44	-0.72	1.17	1	1	1
2016/10/31[1]	0.86	0.1	0.87	0.02	0.86	-0.06	0.07	-0.75	0.83	None	None	None
------------------------------------------------------------------------
增加成交量匹配条件：
------------------------------------------------------------------------
模式识别结果统计:
统计总数	<=0(占比%)	>=1	<-1
32   	20(62.50%)	2	6
收盘涨幅:-2.88	-2.42	-1.89	-1.76	-1.61	-1.43	-0.59	-0.5	-0.5	-0.5	-0.49	-0.43	-0.43	-0.42	-0.37	-0.31	-0.28	-0.26	-0.06	-0.01	0.06	0.14	0.2	0.2	0.22	0.23	0.56	0.74	0.86	0.86	1.63	1.73
收盘涨幅中位数:-0.30
------------------------------------------------------------------------
日期[星期]	次日涨幅	次日开盘	次日最高	次日最低	量能	当日涨幅	当日最高	当日最低	当日波动幅度	60日周期	20日周期	10日周期
1991/04/16[2]	-0.49	-0.49	-0.49	-0.49	0.44	-0.49	-0.49	-0.49	0.0	None	1	0
1991/04/20[6]	-0.5	-0.5	-0.5	-0.5	0.29	-0.5	-0.5	-0.5	0.0	None	1	0
1991/05/21[2]	-0.31	-0.31	-0.31	-0.31	0.66	-0.31	-0.31	-0.31	0.0	0	-1	-1
1991/05/23[4]	-0.5	-0.5	-0.5	-0.5	0.72	-0.49	-0.29	-0.49	0.2	0	-1	-1
1991/05/28[2]	-0.42	-0.42	-0.42	-0.42	0.13	-0.44	-0.44	-0.44	0.0	0	-1	-1
1991/05/31[5]	-0.43	-0.43	-0.43	-0.43	0.4	-0.43	-0.43	-0.43	0.0	0	-1	-1
1991/06/03[1]	-0.43	-0.43	-0.43	-0.43	0.99	-0.43	-0.43	-0.43	0.0	0	-1	-1
1991/07/30[2]	0.22	-0.74	0.28	-0.91	0.68	-0.45	-0.23	-1.67	1.45	0	0	0
1991/08/31[6]	-0.26	-0.44	-0.01	-1.64	0.65	-0.2	0.02	-1.09	1.11	0	0	0
1991/09/17[2]	-0.37	-0.62	-0.0	-1.13	0.69	-0.33	0.0	-1.08	1.08	0	0	0
1991/09/20[5]	0.14	-0.19	0.29	-0.6	0.66	-0.16	0.25	-0.69	0.94	0	1	0
1994/11/23[3]	-0.59	-0.56	0.31	-1.57	0.99	-0.7	0.24	-1.85	2.09	-1	-1	1
1995/02/16[4]	-0.5	-0.5	-0.14	-0.83	0.97	-0.94	-0.94	-1.64	0.7	0	-1	-1
1997/11/19[3]	-1.43	-0.22	0.26	-1.78	0.92	-0.65	0.55	-1.15	1.69	-1	0	0
1998/12/07[1]	0.56	-0.11	0.79	-0.28	0.97	-0.62	2.3	-0.79	3.09	1	1	1
1999/09/16[4]	-0.01	0.04	0.99	-0.71	0.73	-0.61	0.26	-0.8	1.06	0	1	1
1999/09/30[4]	-2.42	-0.12	-0.01	-2.51	0.94	-0.67	0.8	-0.85	1.64	0	1	1
2000/10/13[5]	-0.28	-0.07	0.08	-0.73	0.91	-0.74	0.38	-0.95	1.33	-1	-1	0
2001/05/29[2]	1.73	0.04	1.74	0.04	0.72	-0.35	0.45	-0.59	1.04	-1	0	0
2001/06/11[1]	0.2	-0.07	0.42	-0.33	0.87	-0.98	0.05	-1.32	1.37	-1	0	0
2001/07/17[2]	0.74	0.15	1.01	0.15	0.99	-0.75	0.05	-1.51	1.56	1	0	0
2001/11/14[3]	-0.06	0.09	0.63	-0.48	0.92	-0.05	0.89	-0.12	1.0	-1	-1	-1
2002/07/26[5]	0.86	-0.1	0.89	-0.26	0.95	-0.23	0.66	-0.41	1.07	1	1	0
2002/08/12[1]	0.2	-0.09	0.58	-0.09	0.99	-0.72	-0.23	-0.78	0.55	1	1	0
2002/10/25[5]	-1.76	-0.12	-0.12	-1.92	0.91	-0.99	0.38	-1.2	1.58	1	0	0
2003/08/25[1]	0.23	-0.11	0.53	-0.44	0.98	-0.86	-0.39	-1.36	0.97	1	0	0
2004/12/29[3]	0.06	0.0	0.51	-0.62	0.98	-0.21	0.6	-0.49	1.09	1	1	-1
2006/08/03[4]	-1.61	0.03	0.39	-1.84	0.77	-0.24	0.42	-0.99	1.41	1	1	0
2011/05/30[1]	1.63	0.07	1.63	-0.5	0.81	-0.13	0.89	-0.76	1.65	1	1	0
2012/11/07[3]	-1.89	-0.84	-0.44	-1.89	0.81	-0.33	0.43	-0.64	1.07	-1	0	0
2013/03/27[3]	-2.88	-1.36	-1.36	-3.02	0.94	-0.02	1.42	-0.63	2.05	1	0	1
2016/10/31[1]	0.86	0.1	0.87	0.02	0.86	-0.06	0.07	-0.75	0.83	None	None	None
------------------------------------------------------------------------
昨日市场情绪指数:	40.41
------------------------------------------------------------------------
市场风险指数:	7.20
------------------------------------------------------------------------
周期(日)	幅度	低点	高点	点位	涨幅	信号
5日	0.25	10062.37	10323.07	10127.55	-0.32%	支撑位！
5日	0.33	10062.37	10323.07	10148.40	-0.11%	支撑位！
5日	0.5	10062.37	10323.07	10192.72	0.33%	注意压力位！	!0.5
5日	0.618	10062.37	10323.07	10223.48	0.63%	注意压力位！
5日	0.825	10062.37	10323.07	10277.45	1.15%
10日	0.25	10062.37	10346.53	10133.41	-0.26%	支撑位！
10日	0.33	10062.37	10346.53	10156.14	-0.03%	支撑位！
10日	0.5	10062.37	10346.53	10204.45	0.44%	注意压力位！	!0.5
10日	0.618	10062.37	10346.53	10237.98	0.77%	注意压力位！
10日	0.825	10062.37	10346.53	10296.80	1.33%
20日	0.25	10062.37	11090.93	10319.51	1.55%
20日	0.33	10062.37	11090.93	10401.79	2.33%
20日	0.5	10062.37	11090.93	10576.65	3.94%	!0.5
20日	0.618	10062.37	11090.93	10698.02	5.03%
20日	0.825	10062.37	11090.93	10910.93	6.89%
30日	0.25	10062.37	11124.81	10327.98	1.63%	!30日
30日	0.33	10062.37	11124.81	10412.98	2.43%	!30日
30日	0.5	10062.37	11124.81	10593.59	4.10%	!30日	!0.5
30日	0.618	10062.37	11124.81	10718.96	5.22%	!30日
30日	0.825	10062.37	11124.81	10938.88	7.13%	!30日
60日	0.25	10062.37	11124.81	10327.98	1.63%
60日	0.33	10062.37	11124.81	10412.98	2.43%
60日	0.5	10062.37	11124.81	10593.59	4.10%	!0.5
60日	0.618	10062.37	11124.81	10718.96	5.22%
60日	0.825	10062.37	11124.81	10938.88	7.13%
90日	0.25	10062.37	11124.81	10327.98	1.63%
90日	0.33	10062.37	11124.81	10412.98	2.43%
90日	0.5	10062.37	11124.81	10593.59	4.10%	!0.5
90日	0.618	10062.37	11124.81	10718.96	5.22%
90日	0.825	10062.37	11124.81	10938.88	7.13%
120日	0.25	10062.37	11124.81	10327.98	1.63%
120日	0.33	10062.37	11124.81	10412.98	2.43%
120日	0.5	10062.37	11124.81	10593.59	4.10%	!0.5
120日	0.618	10062.37	11124.81	10718.96	5.22%
120日	0.825	10062.37	11124.81	10938.88	7.13%
150日	0.25	9605.46	11124.81	9985.30	-1.74%
150日	0.33	9605.46	11124.81	10106.85	-0.52%	支撑位！
150日	0.5	9605.46	11124.81	10365.13	1.98%	!0.5
150日	0.618	9605.46	11124.81	10544.42	3.65%
150日	0.825	9605.46	11124.81	10858.92	6.44%
180日	0.25	9544.13	11124.81	9939.30	-2.21%
180日	0.33	9544.13	11124.81	10065.75	-0.93%	支撑位！
180日	0.5	9544.13	11124.81	10334.47	1.69%	!0.5
180日	0.618	9544.13	11124.81	10520.99	3.44%
180日	0.825	9544.13	11124.81	10848.19	6.35%
