------------------------------------------------------------------------
999999
------------------------------------------------------------------------
--------正在查找历史K线日期：！！！！日期选完，请注意看K线趋势，同时注意成交量的表现：
------------------------------------------------------------------------
--------最近交易日的相关数据：
日期[星期]    	涨幅	最大涨幅	最小涨幅	量比	波动幅度	
2016/07/14[4]	-0.22	-0.12	-0.79	0.71	0.67
2016/07/15[5]	0.01	0.28	-0.31	0.96	0.59
2016/07/18[1]	-0.35	0.13	-0.74	1.03	0.87
------------------------------------------------------------------------
模式识别结果统计:
统计总数	<=0(占比%)	>=1	<-1
20   	11(55.00%)	2	7
收盘涨幅:-3.21	-1.6	-1.49	-1.43	-1.1	-1.09	-1.0	-0.62	-0.41	-0.16	0.0	0.05	0.3	0.37	0.54	0.65	0.73	0.83	1.18	2.3
收盘涨幅中位数:-0.08
------------------------------------------------------------------------
日期[星期]	次日涨幅	次日开盘	量能	当日涨幅	当日最高	当日最低
1991/01/18[5]	0.0	-0.4	4.57	-0.01	0.0	-0.43
1991/01/22[2]	-0.41	-0.41	0.17	-0.39	0.0	-0.43
1992/06/18[4]	0.3	0.13	0.84	-0.1	0.28	-0.96
1992/06/22[1]	-1.0	-0.6	1.11	-0.17	0.71	-0.53
1996/06/24[1]	-1.6	-3.61	0.9	-0.35	0.33	-0.86
2000/07/24[1]	0.37	0.05	1.01	-0.36	0.18	-0.67
2000/11/21[2]	0.73	-0.03	0.95	-0.16	0.55	-0.28
2002/10/15[2]	0.83	0.01	0.72	-0.45	0.19	-0.63
2003/06/16[1]	-0.16	-0.04	0.81	-0.45	0.18	-0.73
2003/09/04[4]	-1.1	-0.03	0.98	-0.03	0.39	-0.31
2011/09/01[4]	-1.09	-0.18	0.97	-0.44	0.68	-0.76
2011/12/08[4]	-0.62	-0.61	1.24	-0.12	0.6	-1.29
2012/08/20[1]	0.54	-0.03	1.05	-0.37	-0.19	-1.22
2013/09/02[1]	1.18	0.1	0.88	0.0	0.49	-0.95
2013/12/10[2]	-1.49	-0.4	1.17	-0.03	0.55	-0.29
2014/06/25[3]	0.65	0.01	0.95	-0.41	-0.16	-0.77
2014/11/07[5]	2.3	0.76	1.31	-0.32	1.18	-0.76
2015/11/12[4]	-1.43	-0.88	1.0	-0.48	0.25	-1.29
2016/05/27[5]	0.05	-0.23	0.96	-0.05	0.37	-0.45
2016/06/08[3]	-3.21	-1.02	1.08	-0.3	0.07	-0.94
------------------------------------------------------------------------
增加成交量匹配条件：
------------------------------------------------------------------------
模式识别结果统计:
统计总数	<=0(占比%)	>=1	<-1
 8   	 5(62.50%)	1	4
收盘涨幅:-3.21	-1.49	-1.43	-1.0	-0.62	0.37	0.54	2.3
收盘涨幅中位数:-0.81
------------------------------------------------------------------------
日期[星期]	次日涨幅	次日开盘	量能	当日涨幅	当日最高	当日最低
1992/06/22[1]	-1.0	-0.6	1.11	-0.17	0.71	-0.53
2000/07/24[1]	0.37	0.05	1.01	-0.36	0.18	-0.67
2011/12/08[4]	-0.62	-0.61	1.24	-0.12	0.6	-1.29
2012/08/20[1]	0.54	-0.03	1.05	-0.37	-0.19	-1.22
2013/12/10[2]	-1.49	-0.4	1.17	-0.03	0.55	-0.29
2014/11/07[5]	2.3	0.76	1.31	-0.32	1.18	-0.76
2015/11/12[4]	-1.43	-0.88	1.0	-0.48	0.25	-1.29
2016/06/08[3]	-3.21	-1.02	1.08	-0.3	0.07	-0.94
------------------------------------------------------------------------
399001
------------------------------------------------------------------------
--------正在查找历史K线日期：！！！！日期选完，请注意看K线趋势，同时注意成交量的表现：
------------------------------------------------------------------------
--------最近交易日的相关数据：
日期[星期]    	涨幅	最大涨幅	最小涨幅	量比	波动幅度	
2016/07/14[4]	0.01	0.12	-0.62	0.82	0.74
2016/07/15[5]	-0.28	0.14	-0.73	0.96	0.87
2016/07/18[1]	-0.57	0.11	-1.06	0.97	1.17
------------------------------------------------------------------------
模式识别结果统计:
统计总数	<=0(占比%)	>=1	<-1
25   	13(52.00%)	6	4
收盘涨幅:-4.4	-1.91	-1.85	-1.0	-0.98	-0.96	-0.5	-0.4	-0.33	-0.16	-0.15	-0.15	-0.02	0.16	0.37	0.5	0.71	0.74	0.9	1.18	1.25	1.27	1.32	3.01	4.0
收盘涨幅中位数:-0.02
------------------------------------------------------------------------
日期[星期]	次日涨幅	次日开盘	量能	当日涨幅	当日最高	当日最低
2012/06/28[4]	1.25	-0.09	1.02	-0.35	0.84	-0.35
2012/07/19[4]	-1.85	-0.39	1.15	-0.05	1.0	-0.85
2012/07/31[2]	1.18	-0.13	0.96	-0.13	0.89	-0.41
2012/08/16[4]	-1.0	-0.11	0.88	-0.83	-0.02	-0.94
2012/11/06[2]	-0.33	-0.1	1.08	-0.75	0.08	-1.98
2012/12/24[1]	3.01	-0.21	0.86	-0.31	0.5	-0.61
2013/01/17[4]	1.32	0.53	0.75	-0.49	0.19	-1.04
2013/03/26[2]	-0.02	-0.07	1.01	-0.93	0.28	-1.76
2013/04/11[4]	-0.96	-0.1	0.91	-0.46	0.83	-0.52
2013/08/29[4]	-0.15	-0.21	0.85	-0.54	0.57	-0.99
2013/09/16[1]	-1.91	-0.08	0.96	-0.33	0.4	-0.69
2013/11/22[5]	-0.4	-0.73	0.91	-0.69	0.43	-0.79
2014/03/05[3]	0.74	-0.21	0.92	-0.67	0.32	-0.92
2014/03/26[3]	-0.98	-0.19	0.82	-0.11	0.55	-0.32
2014/07/07[1]	0.5	-0.03	0.93	-0.17	0.54	-0.44
2014/07/17[4]	0.9	-0.39	0.8	-0.92	-0.15	-1.52
2014/08/20[3]	-0.15	-0.02	0.91	-0.25	0.21	-0.54
2014/09/10[3]	-0.5	-0.06	0.99	-0.52	-0.36	-1.12
2014/10/14[2]	0.71	0.01	0.99	-0.3	0.44	-0.72
2014/11/05[3]	0.16	0.1	0.92	-0.1	0.51	-0.21
2015/03/26[4]	1.27	0.52	0.92	-0.35	0.78	-1.22
2015/12/24[4]	0.37	0.22	0.74	-0.58	-0.03	-1.83
2016/05/30[1]	4.0	0.18	0.87	-0.46	0.35	-1.35
2016/06/08[3]	-4.4	-1.22	1.04	-0.3	0.24	-1.12
2016/07/08[5]	-0.16	0.21	0.81	-0.08	0.49	-0.57
------------------------------------------------------------------------
增加成交量匹配条件：
------------------------------------------------------------------------
模式识别结果统计:
统计总数	<=0(占比%)	>=1	<-1
 4   	 3(75.00%)	0	1
收盘涨幅:-1.91	-0.96	-0.5	0.71
收盘涨幅中位数:-0.73
------------------------------------------------------------------------
日期[星期]	次日涨幅	次日开盘	量能	当日涨幅	当日最高	当日最低
2013/04/11[4]	-0.96	-0.1	0.91	-0.46	0.83	-0.52
2013/09/16[1]	-1.91	-0.08	0.96	-0.33	0.4	-0.69
2014/09/10[3]	-0.5	-0.06	0.99	-0.52	-0.36	-1.12
2014/10/14[2]	0.71	0.01	0.99	-0.3	0.44	-0.72
