------------------------------------------------------------------------
999999
------------------------------------------------------------------------
--------正在查找历史K线日期：！！！！日期选完，请注意看K线趋势，同时注意成交量的表现：
------------------------------------------------------------------------
--------最近交易日的相关数据：
日期[星期]    	价格	涨幅	最大涨幅	最小涨幅	量比	波动幅度	60日涨幅%	30涨幅%	10涨幅%
2017/04/12[3]	3273.83	-0.46	-0.12	-0.81	0.96	0.69	2.0%	0.83%	0.45%
2017/04/13[4]	3275.96	0.07	0.22	-0.38	0.77	0.6	2.01%	0.85%	0.5%
2017/04/14[5]	3246.07	-0.91	0.02	-1.13	1.03	1.15	1.02%	-0.1%	-0.49%
------------------------------------------------------------------------
模式识别结果统计:
统计总数	<=0(占比%)	>=1	<-1
29   	17(58.62%)	1	3
收盘涨幅:-2.77	-1.74	-1.11	-0.99	-0.71	-0.71	-0.68	-0.48	-0.47	-0.38	-0.3	-0.22	-0.17	-0.09	-0.04	-0.03	-0.0	0.07	0.1	0.16	0.16	0.22	0.27	0.36	0.4	0.72	0.82	0.92	1.71
收盘涨幅中位数:-0.04
------------------------------------------------------------------------
日期[星期]	次日涨幅	次日开盘	次日最高	次日最低	量能	当日涨幅	当日最高	当日最低	当日波动幅度	60日周期(%)	20日周期(%)	10日周期(%)
1991/04/29[1]	-0.71	-0.75	0.1	-0.75	0.63	-0.7	0.63	-0.7	1.33	None	5.3	2.1
1993/09/16[4]	0.72	-0.07	0.92	-0.72	1.14	-0.65	0.57	-0.73	1.3	34.0	-9.1	-8.6
1998/06/04[4]	0.16	-0.16	0.57	-1.11	0.89	-0.96	0.21	-1.22	1.42	-6.9	-6.9	-2.1
1999/11/24[3]	-0.71	-0.19	-0.18	-1.01	1.0	-0.81	0.1	-1.05	1.15	-3.4	5.0	5.0
2000/06/29[4]	-0.47	0.03	0.21	-0.63	1.06	-0.52	0.19	-1.18	1.37	26.4	15.2	3.5
2000/10/31[2]	0.82	-0.01	0.82	-0.08	0.91	-0.62	0.33	-0.87	1.19	-11.4	-11.4	4.4
2000/12/27[3]	-0.22	-0.18	0.14	-0.51	1.13	-0.87	0.17	-0.98	1.14	-11.4	-0.4	3.1
2001/04/20[5]	-0.09	-0.09	0.24	-0.92	0.93	-0.95	0.31	-0.96	1.27	-11.2	15.1	4.7
2002/07/15[1]	0.22	-0.02	1.0	-0.07	1.07	-0.61	-0.05	-0.75	0.7	20.2	20.2	-0.4
2002/09/26[4]	-0.38	-0.03	0.26	-0.64	1.31	-0.64	0.13	-0.71	0.84	20.2	4.4	-6.6
2003/02/17[1]	-0.0	-0.09	0.25	-0.51	1.2	-0.96	0.24	-1.33	1.57	-25.0	15.8	5.0
2003/08/20[3]	-0.04	0.01	0.08	-0.51	1.22	-0.56	0.05	-1.17	1.22	14.0	-4.9	2.2
2004/12/16[4]	-1.11	-0.08	-0.08	-1.29	0.82	-0.61	0.35	-0.8	1.15	18.8	7.6	-2.5
2006/09/22[5]	-0.17	-0.15	0.4	-0.9	1.11	-0.89	0.33	-0.97	1.29	-12.3	-12.3	7.0
2006/10/12[4]	0.36	-0.09	0.83	-0.28	1.06	-0.67	0.12	-0.89	1.01	-12.3	-12.3	5.2
2009/05/26[2]	1.71	0.49	1.81	0.16	0.99	-0.82	0.34	-0.92	1.26	32.4	7.0	-5.6
2011/08/02[2]	-0.03	-0.75	0.33	-0.93	1.19	-0.91	-0.51	-1.94	1.43	8.3	8.3	-5.3
2012/07/30[1]	-0.3	-0.03	0.33	-0.46	1.0	-0.89	0.42	-0.99	1.41	9.4	-2.5	2.6
2012/08/24[5]	-1.74	-0.32	-0.32	-1.76	1.03	-0.99	-0.15	-1.13	0.97	9.4	3.6	-4.0
2012/10/23[2]	0.07	-0.36	0.45	-0.46	1.21	-0.86	0.16	-0.98	1.14	-18.5	-6.8	-6.8
2012/12/21[5]	0.27	-0.12	0.79	-0.16	1.04	-0.69	1.02	-0.93	1.95	-2.5	-5.0	-4.2
2013/06/19[3]	-2.77	-0.5	-0.5	-2.83	1.08	-0.73	-0.39	-2.01	1.62	-4.5	8.0	5.8
2013/11/06[3]	-0.48	-0.14	0.09	-0.95	1.09	-0.82	0.41	-0.86	1.27	22.7	-6.7	-6.7
2014/01/17[5]	-0.68	-0.15	0.05	-1.0	0.93	-0.93	-0.29	-1.11	0.82	-0.4	8.7	-5.7
2014/08/14[4]	0.92	0.03	1.11	-0.15	0.96	-0.74	0.36	-0.83	1.19	-7.2	-3.7	-2.1
2014/08/25[1]	-0.99	-0.18	0.16	-1.29	1.01	-0.51	0.03	-0.84	0.87	-7.2	-3.7	3.1
2016/07/22[5]	0.1	-0.16	0.47	-0.32	0.99	-0.86	0.01	-1.04	1.05	-10.2	4.2	5.1
2016/08/22[1]	0.16	-0.11	0.53	-0.37	0.95	-0.75	0.15	-0.79	0.94	12.9	7.1	7.1
2017/02/27[1]	0.4	-0.08	0.43	-0.08	0.98	-0.76	-0.05	-0.9	0.85	None	None	None
------------------------------------------------------------------------
增加成交量匹配条件：
------------------------------------------------------------------------
模式识别结果统计:
统计总数	<=0(占比%)	>=1	<-1
 8   	 5(62.50%)	0	1
收盘涨幅:-2.77	-0.99	-0.47	-0.04	-0.03	0.07	0.22	0.72
收盘涨幅中位数:-0.04
------------------------------------------------------------------------
日期[星期]	次日涨幅	次日开盘	次日最高	次日最低	量能	当日涨幅	当日最高	当日最低	当日波动幅度	60日周期(%)	20日周期(%)	10日周期(%)
1993/09/16[4]	0.72	-0.07	0.92	-0.72	1.14	-0.65	0.57	-0.73	1.3	34.0	-9.1	-8.6
2000/06/29[4]	-0.47	0.03	0.21	-0.63	1.06	-0.52	0.19	-1.18	1.37	26.4	15.2	3.5
2002/07/15[1]	0.22	-0.02	1.0	-0.07	1.07	-0.61	-0.05	-0.75	0.7	20.2	20.2	-0.4
2003/08/20[3]	-0.04	0.01	0.08	-0.51	1.22	-0.56	0.05	-1.17	1.22	14.0	-4.9	2.2
2011/08/02[2]	-0.03	-0.75	0.33	-0.93	1.19	-0.91	-0.51	-1.94	1.43	8.3	8.3	-5.3
2012/10/23[2]	0.07	-0.36	0.45	-0.46	1.21	-0.86	0.16	-0.98	1.14	-18.5	-6.8	-6.8
2013/06/19[3]	-2.77	-0.5	-0.5	-2.83	1.08	-0.73	-0.39	-2.01	1.62	-4.5	8.0	5.8
2014/08/25[1]	-0.99	-0.18	0.16	-1.29	1.01	-0.51	0.03	-0.84	0.87	-7.2	-3.7	3.1
------------------------------------------------------------------------
昨日市场情绪指数:	20.00
------------------------------------------------------------------------
市场风险指数:	4.00
------------------------------------------------------------------------
周期(日)	幅度	低点	高点	点位	涨幅	信号
5日	0.25	3238.9	3295.19	3252.97	0.21%	注意压力位！
5日	0.33	3238.9	3295.19	3257.48	0.35%	注意压力位！
5日	0.5	3238.9	3295.19	3267.05	0.64%	注意压力位！	!0.5
5日	0.618	3238.9	3295.19	3273.69	0.84%	注意压力位！
5日	0.825	3238.9	3295.19	3285.34	1.20%
10日	0.25	3195.85	3295.19	3220.68	-0.79%	支撑位！
10日	0.33	3195.85	3295.19	3228.63	-0.54%	支撑位！
10日	0.5	3195.85	3295.19	3245.52	-0.02%	支撑位！	!0.5
10日	0.618	3195.85	3295.19	3257.24	0.34%	注意压力位！
10日	0.825	3195.85	3295.19	3277.81	0.97%	注意压力位！
20日	0.25	3195.85	3295.19	3220.68	-0.79%	支撑位！
20日	0.33	3195.85	3295.19	3228.63	-0.54%	支撑位！
20日	0.5	3195.85	3295.19	3245.52	-0.02%	支撑位！	!0.5
20日	0.618	3195.85	3295.19	3257.24	0.34%	注意压力位！
20日	0.825	3195.85	3295.19	3277.81	0.97%	注意压力位！
30日	0.25	3193.16	3295.19	3218.67	-0.85%	支撑位！	!30日
30日	0.33	3193.16	3295.19	3226.83	-0.60%	支撑位！	!30日
30日	0.5	3193.16	3295.19	3244.18	-0.06%	支撑位！	!30日	!0.5
30日	0.618	3193.16	3295.19	3256.21	0.31%	注意压力位！	!30日
30日	0.825	3193.16	3295.19	3277.33	0.95%	注意压力位！	!30日
60日	0.25	3044.29	3295.19	3107.01	-4.48%
60日	0.33	3044.29	3295.19	3127.09	-3.80%
60日	0.5	3044.29	3295.19	3169.74	-2.41%	!0.5
60日	0.618	3044.29	3295.19	3199.35	-1.46%
60日	0.825	3044.29	3295.19	3251.28	0.16%	注意压力位！
90日	0.25	3044.29	3301.21	3108.52	-4.42%
90日	0.33	3044.29	3301.21	3129.07	-3.74%
90日	0.5	3044.29	3301.21	3172.75	-2.31%	!0.5
90日	0.618	3044.29	3301.21	3203.07	-1.34%
90日	0.825	3044.29	3301.21	3256.25	0.31%	注意压力位！
120日	0.25	3037.4	3301.21	3103.35	-4.60%
120日	0.33	3037.4	3301.21	3124.46	-3.89%
120日	0.5	3037.4	3301.21	3169.31	-2.42%	!0.5
120日	0.618	3037.4	3301.21	3200.43	-1.43%
120日	0.825	3037.4	3301.21	3255.04	0.28%	注意压力位！
150日	0.25	2969.13	3301.21	3052.15	-6.35%
150日	0.33	2969.13	3301.21	3078.72	-5.44%
150日	0.5	2969.13	3301.21	3135.17	-3.54%	!0.5
150日	0.618	2969.13	3301.21	3174.36	-2.26%
150日	0.825	2969.13	3301.21	3243.10	-0.09%	支撑位！
180日	0.25	2931.96	3301.21	3024.27	-7.33%
180日	0.33	2931.96	3301.21	3053.81	-6.30%
180日	0.5	2931.96	3301.21	3116.59	-4.15%	!0.5
180日	0.618	2931.96	3301.21	3160.16	-2.72%
180日	0.825	2931.96	3301.21	3236.59	-0.29%	支撑位！
------------------------------------------------------------------------
399001
------------------------------------------------------------------------
--------正在查找历史K线日期：！！！！日期选完，请注意看K线趋势，同时注意成交量的表现：
------------------------------------------------------------------------
--------最近交易日的相关数据：
日期[星期]    	价格	涨幅	最大涨幅	最小涨幅	量比	波动幅度	60日涨幅%	30涨幅%	10涨幅%
2017/04/12[3]	10587.31	-0.64	0.11	-0.67	0.96	0.78	2.54%	0.61%	0.21%
2017/04/13[4]	10654.08	0.63	0.86	-0.15	0.8	1.01	3.14%	1.17%	0.83%
2017/04/14[5]	10519.86	-1.26	0.08	-1.3	1.07	1.38	1.78%	-0.19%	-0.52%
------------------------------------------------------------------------
模式识别结果统计:
统计总数	<=0(占比%)	>=1	<-1
77   	49(63.64%)	4	16
收盘涨幅:-4.53	-3.51	-3.33	-2.5	-2.22	-1.91	-1.8	-1.77	-1.64	-1.52	-1.52	-1.37	-1.18	-1.12	-1.06	-1.04	-0.92	-0.89	-0.89	-0.87	-0.78	-0.72	-0.68	-0.6	-0.59	-0.57	-0.56	-0.53	-0.52	-0.47	-0.45	-0.38	-0.37	-0.36	-0.35	-0.33	-0.32	-0.31	-0.27	-0.26	-0.24	-0.23	-0.19	-0.15	-0.13	-0.12	-0.11	-0.02	-0.0	0.03	0.04	0.05	0.07	0.07	0.1	0.13	0.17	0.19	0.26	0.28	0.33	0.39	0.41	0.46	0.5	0.5	0.51	0.54	0.56	0.56	0.59	0.74	0.78	1.12	1.4	2.19	2.26
收盘涨幅中位数:-0.27
------------------------------------------------------------------------
日期[星期]	次日涨幅	次日开盘	次日最高	次日最低	量能	当日涨幅	当日最高	当日最低	当日波动幅度	60日周期(%)	20日周期(%)	10日周期(%)
1993/04/29[4]	0.41	0.04	1.64	-0.49	1.38	-1.66	0.45	-1.91	2.36	-41.4	-11.0	-11.6
1993/06/30[3]	-1.52	0.05	0.55	-2.7	1.1	-1.16	0.72	-1.43	2.15	52.4	12.6	-17.8
1993/09/10[5]	-3.51	-0.97	-0.88	-3.71	2.06	-1.82	0.54	-2.36	2.9	34.0	-9.1	8.5
1993/10/13[3]	-0.12	-0.08	0.29	-0.66	1.67	-1.19	0.48	-1.6	2.08	34.0	8.1	8.1
1993/10/18[1]	-0.02	-0.21	1.26	-0.93	1.15	-1.84	0.09	-2.09	2.18	34.0	8.1	8.1
1993/12/01[3]	-0.45	-0.14	0.47	-1.24	1.23	-1.53	0.52	-1.93	2.45	-25.7	-17.1	30.6
1994/06/06[1]	-0.47	0.08	0.61	-0.96	0.52	-1.72	0.38	-2.67	3.06	-28.5	15.8	-10.0
1995/09/27[3]	-0.0	-0.52	0.08	-0.93	1.6	-1.9	-0.5	-1.9	1.4	29.9	11.5	11.5
1995/11/27[1]	-0.38	-0.17	-0.14	-1.28	0.88	-1.19	-0.15	-1.34	1.19	29.9	10.3	3.5
1995/12/11[1]	0.56	-0.22	0.65	-1.46	1.12	-1.56	0.15	-1.64	1.79	29.9	10.3	2.9
1995/12/28[4]	0.5	-0.14	0.91	-0.26	0.83	-1.51	-0.32	-1.62	1.31	29.9	10.3	2.9
1997/09/09[2]	1.4	-0.41	1.42	-0.58	0.92	-1.34	0.39	-1.35	1.74	-29.4	7.4	7.4
1997/12/24[3]	-0.13	-0.13	0.08	-0.93	0.94	-1.02	0.08	-1.34	1.42	-18.9	-8.2	-3.1
1998/06/25[4]	-0.26	0.08	0.6	-0.38	0.94	-1.33	0.23	-1.46	1.69	21.0	-7.0	-7.0
1998/08/03[1]	-0.52	-0.41	0.46	-1.73	1.04	-1.67	-0.01	-1.83	1.82	21.0	-1.4	-6.2
1998/08/06[4]	-1.64	-0.24	-0.07	-1.88	0.99	-1.35	0.65	-1.43	2.08	21.0	-1.4	-6.2
1998/09/17[4]	-1.77	-0.39	-0.01	-2.14	1.11	-1.21	1.03	-1.53	2.56	-26.7	-18.4	-9.9
1998/10/26[1]	-0.36	-0.07	-0.07	-1.07	1.06	-1.37	-0.39	-2.65	2.27	-26.7	-5.7	-5.7
1998/11/25[3]	-0.59	-0.31	0.45	-1.04	0.95	-1.81	0.74	-1.87	2.61	24.7	9.1	9.1
1998/12/28[1]	-1.06	-0.03	0.34	-1.4	1.44	-1.21	0.57	-1.27	1.84	24.7	9.1	-11.5
1999/04/15[4]	-0.32	-0.13	0.75	-0.94	1.82	-1.44	0.06	-1.48	1.53	13.7	13.7	5.2
1999/05/07[5]	-4.53	-1.32	-1.32	-5.22	0.77	-1.62	0.25	-1.8	2.05	13.7	13.7	-10.1
1999/09/27[1]	-0.68	0.01	0.21	-1.0	1.14	-1.07	1.1	-1.3	2.4	-3.4	8.9	8.9
1999/11/24[3]	-0.89	-0.18	-0.18	-1.49	0.79	-1.24	0.05	-1.47	1.52	-3.4	5.0	5.0
2000/03/31[5]	-0.53	-0.19	0.41	-0.57	0.81	-1.06	-0.05	-2.03	1.98	-20.9	-9.5	-3.5
2000/05/30[2]	0.07	-0.23	0.58	-0.55	0.9	-1.3	0.76	-1.81	2.56	26.4	-8.8	-8.5
2000/08/22[2]	-0.87	-0.51	0.17	-4.81	0.99	-1.52	0.38	-1.59	1.97	26.4	15.2	6.2
2000/09/05[2]	-1.91	-0.76	-0.34	-2.1	0.97	-1.97	0.51	-2.42	2.93	24.7	8.3	6.5
2000/10/26[4]	0.17	0.06	0.3	-0.39	0.89	-1.05	0.24	-1.17	1.42	-11.4	-11.4	-2.6
2001/05/17[4]	0.07	-0.08	0.1	-0.53	1.49	-1.01	0.21	-1.08	1.29	-11.2	-3.5	-3.5
2001/07/11[3]	0.13	-0.03	0.38	-0.61	1.16	-1.04	0.22	-1.11	1.32	18.6	-3.9	3.7
2001/09/26[3]	-0.23	-0.31	0.77	-1.23	1.3	-1.41	-0.0	-1.51	1.51	18.6	-4.7	0.3
2002/11/26[2]	0.78	-0.39	0.99	-1.11	1.24	-1.82	0.7	-1.89	2.58	20.2	5.7	5.7
2003/01/21[2]	0.28	-0.19	0.53	-0.41	0.77	-1.94	0.56	-1.95	2.51	-25.0	-8.9	13.8
2003/06/19[4]	-0.6	-0.1	0.43	-0.81	1.09	-1.6	0.22	-2.14	2.36	14.0	-3.4	2.9
2003/08/08[5]	0.33	-0.19	0.46	-0.68	1.2	-1.55	0.01	-1.63	1.64	14.0	-4.9	2.2
2004/04/19[1]	-1.12	-0.05	0.13	-1.22	0.77	-1.09	0.44	-1.43	1.87	36.4	9.5	4.2
2004/04/23[5]	-0.33	-0.32	0.48	-1.01	1.04	-1.18	0.0	-1.31	1.32	36.4	9.5	4.2
2004/11/29[1]	0.03	-0.13	0.31	-0.4	1.06	-1.07	-0.07	-1.18	1.12	18.8	7.6	0.5
2004/12/31[5]	-1.37	-0.53	-0.53	-1.67	1.66	-1.44	0.64	-1.61	2.26	18.8	7.6	-6.0
2005/07/08[5]	0.04	0.99	2.72	-0.18	1.21	-1.75	-0.35	-2.29	1.94	-24.9	-1.4	6.2
2005/09/20[2]	-1.8	-0.09	-0.09	-1.84	1.18	-1.44	0.08	-1.8	1.88	-24.9	19.7	0.6
2005/09/27[2]	0.1	-0.02	0.69	-0.13	1.33	-1.76	0.15	-1.81	1.96	22.6	1.8	7.3
2006/02/27[1]	0.19	-0.18	0.33	-1.51	0.94	-1.34	0.31	-1.55	1.87	-12.8	17.0	-3.4
2006/09/07[4]	-0.19	-0.08	0.52	-0.43	0.82	-1.25	0.04	-1.47	1.51	-12.3	-12.3	7.0
2006/09/26[2]	0.74	-0.13	0.74	-0.83	0.89	-1.44	0.03	-1.94	1.97	-12.3	-12.3	4.7
2006/10/16[1]	0.26	0.09	1.06	-0.38	1.05	-1.1	0.26	-1.27	1.53	-12.3	-12.3	5.2
2007/03/14[3]	2.26	0.08	2.26	0.06	1.05	-1.34	-0.51	-3.7	3.19	-12.3	-10.7	-10.7
2007/10/12[5]	-0.24	-0.26	0.34	-2.04	1.2	-1.08	0.1	-5.87	5.97	181.3	41.0	5.6
2008/07/29[2]	-0.78	0.9	1.25	-1.49	0.93	-1.83	-1.36	-2.59	1.23	-45.8	-0.9	10.1
2010/06/07[1]	0.46	-0.11	1.12	-0.48	1.13	-1.91	-1.02	-2.6	1.58	10.1	-22.0	8.2
2011/04/19[2]	-0.35	-0.16	0.39	-0.62	1.12	-1.55	-0.71	-2.11	1.4	15.3	7.6	5.3
2011/08/05[5]	-3.33	-1.07	-0.07	-5.08	1.15	-1.95	-1.38	-3.24	1.86	8.3	8.3	-5.3
2011/10/10[1]	-1.04	2.42	2.77	-2.14	0.88	-1.18	0.5	-1.3	1.8	8.3	-13.8	-3.8
2011/11/10[4]	-0.56	0.22	0.51	-0.98	1.12	-1.4	-0.55	-1.52	0.97	10.0	10.0	10.0
2012/06/19[2]	-0.27	0.29	0.59	-0.48	1.02	-1.31	-0.25	-1.5	1.25	9.4	-2.5	2.1
2012/08/22[3]	0.05	0.15	0.69	-0.81	1.0	-1.4	0.17	-1.8	1.97	9.4	3.6	-4.0
2012/09/13[4]	0.56	1.27	1.63	-0.24	0.94	-1.09	0.4	-1.09	1.49	9.4	5.7	5.7
2012/10/23[2]	-0.37	-0.27	0.46	-0.53	1.12	-1.62	0.08	-1.68	1.76	-18.5	-6.8	-6.8
2012/11/13[2]	0.59	0.08	0.72	-0.35	1.1	-1.87	-0.11	-2.02	1.91	-18.5	2.7	3.4
2013/01/24[4]	-0.92	-0.12	0.02	-0.96	1.25	-1.09	1.97	-1.71	3.67	-2.5	-5.0	4.4
2013/02/18[1]	-2.5	-0.09	-0.09	-2.82	1.12	-1.93	0.61	-2.23	2.84	-2.5	-5.0	4.4
2013/11/06[3]	-0.57	-0.12	0.16	-1.22	1.14	-1.94	-0.2	-1.96	1.76	22.7	-6.7	-6.7
2013/12/11[3]	-0.11	-0.21	0.4	-0.58	0.92	-1.69	-0.66	-2.2	1.55	-0.4	8.7	4.1
2013/12/16[1]	-0.72	0.12	0.24	-0.79	1.12	-1.86	0.2	-1.87	2.07	-0.4	8.7	4.1
2013/12/19[4]	-2.22	0.26	0.34	-2.22	1.06	-1.08	0.49	-1.13	1.62	-0.4	8.7	4.1
2014/01/27[1]	-0.15	0.27	0.75	-0.94	1.01	-1.31	-0.5	-1.67	1.17	-12.2	-12.2	3.8
2014/04/21[1]	0.51	0.03	0.53	-1.05	1.21	-1.37	0.51	-1.4	1.91	8.7	8.7	6.1
2014/05/07[3]	-0.89	-0.68	1.0	-1.07	0.96	-1.06	-0.27	-1.09	0.81	8.7	-6.9	-6.9
2014/05/15[4]	0.39	-0.14	0.66	-0.36	1.02	-1.53	-0.21	-1.64	1.42	8.7	-6.9	3.0
2014/08/14[4]	1.12	0.09	1.5	-0.04	1.01	-1.09	0.23	-1.16	1.39	-7.2	-3.7	-2.1
2014/08/25[1]	-1.52	-0.25	0.15	-1.87	0.96	-1.55	-0.04	-1.66	1.63	-7.2	-3.7	3.1
2014/10/16[4]	0.5	0.08	0.89	-1.17	1.05	-1.07	0.35	-1.07	1.42	-7.2	9.0	4.8
2015/01/14[3]	2.19	0.03	2.19	-0.68	0.97	-1.04	0.65	-1.78	2.43	14.5	49.3	-6.3
2015/06/08[1]	-0.31	-0.24	0.9	-1.54	0.95	-1.11	-0.0	-2.85	2.85	49.4	-10.4	-11.1
2016/03/24[4]	0.54	-0.27	0.85	-0.59	1.09	-1.52	0.3	-1.71	2.01	-28.4	14.8	9.2
2016/12/02[5]	-1.18	-1.25	-0.17	-1.37	1.1	-1.58	-0.09	-1.65	1.56	None	None	None
------------------------------------------------------------------------
增加成交量匹配条件：
------------------------------------------------------------------------
模式识别结果统计:
统计总数	<=0(占比%)	>=1	<-1
20   	10(50.00%)	0	5
收盘涨幅:-2.22	-1.77	-1.52	-1.18	-1.06	-0.52	-0.37	-0.32	-0.27	-0.0	0.03	0.04	0.07	0.1	0.33	0.39	0.5	0.51	0.54	0.78
收盘涨幅中位数:0.01
------------------------------------------------------------------------
日期[星期]	次日涨幅	次日开盘	次日最高	次日最低	量能	当日涨幅	当日最高	当日最低	当日波动幅度	60日周期(%)	20日周期(%)	10日周期(%)
1993/06/30[3]	-1.52	0.05	0.55	-2.7	1.1	-1.16	0.72	-1.43	2.15	52.4	12.6	-17.8
1995/09/27[3]	-0.0	-0.52	0.08	-0.93	1.6	-1.9	-0.5	-1.9	1.4	29.9	11.5	11.5
1998/08/03[1]	-0.52	-0.41	0.46	-1.73	1.04	-1.67	-0.01	-1.83	1.82	21.0	-1.4	-6.2
1998/09/17[4]	-1.77	-0.39	-0.01	-2.14	1.11	-1.21	1.03	-1.53	2.56	-26.7	-18.4	-9.9
1998/12/28[1]	-1.06	-0.03	0.34	-1.4	1.44	-1.21	0.57	-1.27	1.84	24.7	9.1	-11.5
1999/04/15[4]	-0.32	-0.13	0.75	-0.94	1.82	-1.44	0.06	-1.48	1.53	13.7	13.7	5.2
2001/05/17[4]	0.07	-0.08	0.1	-0.53	1.49	-1.01	0.21	-1.08	1.29	-11.2	-3.5	-3.5
2002/11/26[2]	0.78	-0.39	0.99	-1.11	1.24	-1.82	0.7	-1.89	2.58	20.2	5.7	5.7
2003/08/08[5]	0.33	-0.19	0.46	-0.68	1.2	-1.55	0.01	-1.63	1.64	14.0	-4.9	2.2
2004/11/29[1]	0.03	-0.13	0.31	-0.4	1.06	-1.07	-0.07	-1.18	1.12	18.8	7.6	0.5
2005/07/08[5]	0.04	0.99	2.72	-0.18	1.21	-1.75	-0.35	-2.29	1.94	-24.9	-1.4	6.2
2005/09/27[2]	0.1	-0.02	0.69	-0.13	1.33	-1.76	0.15	-1.81	1.96	22.6	1.8	7.3
2012/06/19[2]	-0.27	0.29	0.59	-0.48	1.02	-1.31	-0.25	-1.5	1.25	9.4	-2.5	2.1
2012/10/23[2]	-0.37	-0.27	0.46	-0.53	1.12	-1.62	0.08	-1.68	1.76	-18.5	-6.8	-6.8
2013/12/19[4]	-2.22	0.26	0.34	-2.22	1.06	-1.08	0.49	-1.13	1.62	-0.4	8.7	4.1
2014/04/21[1]	0.51	0.03	0.53	-1.05	1.21	-1.37	0.51	-1.4	1.91	8.7	8.7	6.1
2014/05/15[4]	0.39	-0.14	0.66	-0.36	1.02	-1.53	-0.21	-1.64	1.42	8.7	-6.9	3.0
2014/10/16[4]	0.5	0.08	0.89	-1.17	1.05	-1.07	0.35	-1.07	1.42	-7.2	9.0	4.8
2016/03/24[4]	0.54	-0.27	0.85	-0.59	1.09	-1.52	0.3	-1.71	2.01	-28.4	14.8	9.2
2016/12/02[5]	-1.18	-1.25	-0.17	-1.37	1.1	-1.58	-0.09	-1.65	1.56	None	None	None
------------------------------------------------------------------------
昨日市场情绪指数:	11.26
------------------------------------------------------------------------
市场风险指数:	4.00
------------------------------------------------------------------------
周期(日)	幅度	低点	高点	点位	涨幅	信号
5日	0.25	10476.66	10702.88	10533.22	0.13%	注意压力位！
5日	0.33	10476.66	10702.88	10551.31	0.30%	注意压力位！
5日	0.5	10476.66	10702.88	10589.77	0.66%	注意压力位！	!0.5
5日	0.618	10476.66	10702.88	10616.46	0.91%	注意压力位！
5日	0.825	10476.66	10702.88	10663.29	1.35%
10日	0.25	10328.95	10702.88	10422.43	-0.93%	支撑位！
10日	0.33	10328.95	10702.88	10452.35	-0.65%	支撑位！
10日	0.5	10328.95	10702.88	10515.92	-0.04%	支撑位！	!0.5
10日	0.618	10328.95	10702.88	10560.04	0.38%	注意压力位！
10日	0.825	10328.95	10702.88	10637.44	1.11%
20日	0.25	10328.95	10702.88	10422.43	-0.93%	支撑位！
20日	0.33	10328.95	10702.88	10452.35	-0.65%	支撑位！
20日	0.5	10328.95	10702.88	10515.92	-0.04%	支撑位！	!0.5
20日	0.618	10328.95	10702.88	10560.04	0.38%	注意压力位！
20日	0.825	10328.95	10702.88	10637.44	1.11%
30日	0.25	10308.22	10702.88	10406.88	-1.09%	!30日
30日	0.33	10308.22	10702.88	10438.46	-0.78%	支撑位！	!30日
30日	0.5	10308.22	10702.88	10505.55	-0.14%	支撑位！	!30日	!0.5
30日	0.618	10308.22	10702.88	10552.12	0.31%	注意压力位！	!30日
30日	0.825	10308.22	10702.88	10633.81	1.07%	!30日
60日	0.25	9482.84	10702.88	9787.85	-7.48%
60日	0.33	9482.84	10702.88	9885.45	-6.42%
60日	0.5	9482.84	10702.88	10092.86	-4.23%	!0.5
60日	0.618	9482.84	10702.88	10236.82	-2.76%
60日	0.825	9482.84	10702.88	10489.37	-0.29%	支撑位！
90日	0.25	9482.84	11124.81	9893.33	-6.33%
90日	0.33	9482.84	11124.81	10024.69	-4.94%
90日	0.5	9482.84	11124.81	10303.83	-2.10%	!0.5
90日	0.618	9482.84	11124.81	10497.58	-0.21%	支撑位！
90日	0.825	9482.84	11124.81	10837.47	2.93%
120日	0.25	9482.84	11124.81	9893.33	-6.33%
120日	0.33	9482.84	11124.81	10024.69	-4.94%
120日	0.5	9482.84	11124.81	10303.83	-2.10%	!0.5
120日	0.618	9482.84	11124.81	10497.58	-0.21%	支撑位！
120日	0.825	9482.84	11124.81	10837.47	2.93%
150日	0.25	9482.84	11124.81	9893.33	-6.33%
150日	0.33	9482.84	11124.81	10024.69	-4.94%
150日	0.5	9482.84	11124.81	10303.83	-2.10%	!0.5
150日	0.618	9482.84	11124.81	10497.58	-0.21%	支撑位！
150日	0.825	9482.84	11124.81	10837.47	2.93%
180日	0.25	9482.84	11124.81	9893.33	-6.33%
180日	0.33	9482.84	11124.81	10024.69	-4.94%
180日	0.5	9482.84	11124.81	10303.83	-2.10%	!0.5
180日	0.618	9482.84	11124.81	10497.58	-0.21%	支撑位！
180日	0.825	9482.84	11124.81	10837.47	2.93%
