------------------------------------------------------------------------
999999
------------------------------------------------------------------------
--------正在查找历史K线日期：！！！！日期选完，请注意看K线趋势，同时注意成交量的表现：
------------------------------------------------------------------------
--------最近交易日的相关数据：
日期[星期]    	价格	涨幅	最大涨幅	最小涨幅	量比	波动幅度	60日涨幅%	30涨幅%	10涨幅%
2017/04/06[4]	3281.0	0.33	0.5	-0.14	0.99	0.64	2.5%	1.17%	0.99%
2017/04/07[5]	3286.62	0.17	0.43	-0.18	0.96	0.61	2.59%	1.31%	1.1%
2017/04/10[1]	3269.39	-0.52	-0.04	-0.66	0.99	0.62	1.99%	0.75%	0.44%
------------------------------------------------------------------------
模式识别结果统计:
统计总数	<=0(占比%)	>=1	<-1
34   	16(47.06%)	3	8
收盘涨幅:-2.63	-1.85	-1.85	-1.51	-1.45	-1.43	-1.33	-1.06	-0.95	-0.68	-0.48	-0.36	-0.34	-0.2	-0.1	-0.09	0.09	0.09	0.1	0.1	0.13	0.26	0.41	0.44	0.54	0.57	0.62	0.63	0.69	0.72	0.8	1.37	1.4	2.7
收盘涨幅中位数:0.09
------------------------------------------------------------------------
日期[星期]	次日涨幅	次日开盘	次日最高	次日最低	量能	当日涨幅	当日最高	当日最低	当日波动幅度	60日周期(%)	20日周期(%)	10日周期(%)
1993/06/17[4]	0.8	-0.38	0.93	-0.88	0.89	-0.62	1.19	-0.62	1.82	52.4	-38.3	37.0
1993/06/24[4]	2.7	-0.02	6.23	-0.02	1.01	-0.59	0.79	-1.2	1.99	52.4	12.6	-17.8
1993/10/05[2]	-0.09	0.05	0.59	-0.73	0.63	-0.75	0.39	-0.84	1.23	34.0	-8.8	-5.5
1994/11/22[2]	-1.85	-0.2	-0.11	-2.29	2.09	-0.96	0.88	-1.29	2.17	-48.1	-6.5	15.6
1995/10/12[4]	-0.2	-0.27	1.01	-1.5	1.33	-0.91	0.56	-1.0	1.56	29.9	11.5	4.4
1999/04/12[1]	-1.43	-0.27	-0.17	-1.77	1.04	-0.81	0.04	-0.95	1.0	13.7	13.7	5.2
1999/11/09[2]	-0.95	-0.02	-0.02	-1.86	0.92	-0.5	0.57	-0.67	1.25	-3.4	-14.3	6.1
2002/02/28[4]	-1.45	-0.21	-0.21	-1.52	0.78	-0.89	0.39	-1.12	1.52	-11.6	-13.6	-9.4
2002/09/04[3]	-1.33	-0.06	-0.06	-1.45	0.81	-0.6	0.11	-0.69	0.8	20.2	4.4	4.4
2002/12/25[3]	-2.63	-0.11	-0.11	-2.75	1.08	-0.65	0.21	-0.69	0.9	20.2	6.4	5.3
2003/03/13[4]	0.09	0.02	0.47	-0.23	0.94	-0.7	0.19	-0.79	0.99	-25.0	3.7	3.7
2003/03/18[2]	0.69	-0.09	1.09	-0.5	0.99	-0.64	0.66	-0.7	1.36	-25.0	3.7	3.7
2003/07/24[4]	-1.06	0.08	0.62	-1.48	0.91	-0.58	0.08	-0.73	0.81	14.0	4.2	4.2
2003/08/13[3]	-0.68	-0.1	0.63	-0.97	1.16	-0.91	0.12	-0.96	1.08	14.0	-4.9	2.2
2003/08/28[4]	0.44	-0.09	0.47	-0.64	1.01	-0.68	0.21	-0.74	0.95	14.0	-4.9	2.2
2003/09/22[1]	0.63	-0.04	0.64	-0.62	0.89	-0.71	0.27	-0.94	1.2	14.0	3.5	3.5
2004/07/07[3]	0.1	-0.13	0.16	-0.8	0.66	-0.8	-0.07	-1.09	1.01	36.4	6.6	6.6
2004/10/20[3]	-1.51	0.05	0.78	-1.96	0.9	-0.53	0.01	-1.92	1.93	18.8	18.8	18.8
2006/03/24[5]	0.09	0.11	0.15	-0.85	1.0	-0.6	0.43	-0.7	1.13	-12.8	-5.4	-5.4
2006/09/07[4]	0.41	-0.09	0.61	-0.15	0.95	-0.65	0.7	-1.0	1.7	-12.3	-12.3	7.0
2012/02/29[3]	-0.1	-0.4	0.39	-0.42	0.81	-0.95	0.05	-1.04	1.09	16.2	16.2	12.9
2012/06/19[2]	-0.34	-0.02	0.16	-0.4	0.99	-0.66	-0.11	-0.76	0.65	9.4	-2.5	2.1
2013/02/07[4]	0.57	-0.08	1.01	-0.17	1.03	-0.66	-0.02	-1.65	1.63	-2.5	-5.0	4.4
2013/05/09[4]	0.62	-0.19	0.66	-0.32	1.09	-0.59	0.07	-1.11	1.18	25.4	-4.0	4.4
2013/11/06[3]	-0.48	-0.14	0.09	-0.95	1.09	-0.82	0.41	-0.86	1.27	22.7	-6.7	-6.7
2014/05/07[3]	0.26	-0.16	1.34	-0.22	1.0	-0.89	-0.17	-0.97	0.8	8.7	-6.9	-6.9
2016/09/01[4]	0.13	-0.19	0.3	-0.42	1.1	-0.72	0.1	-0.73	0.84	12.9	7.1	-3.2
2016/09/09[5]	-1.85	-1.34	-1.23	-2.56	1.1	-0.55	0.19	-0.57	0.76	12.9	-1.1	1.8
2016/10/17[1]	1.4	-0.12	1.41	-0.12	1.05	-0.74	0.16	-0.98	1.14	-5.5	-4.4	-2.8
2016/11/09[3]	1.37	0.64	1.4	0.64	1.26	-0.62	-0.03	-1.62	1.59	None	None	None
2016/11/30[3]	0.72	0.22	0.91	0.19	0.76	-1.0	-0.17	-1.32	1.15	None	None	None
2017/02/03[5]	0.54	0.09	0.59	-0.15	0.81	-0.6	0.11	-0.73	0.84	None	None	None
2017/03/02[4]	-0.36	-0.34	-0.27	-0.73	0.95	-0.52	0.3	-0.56	0.87	None	None	None
2017/03/22[3]	0.1	0.02	0.52	-0.72	1.17	-0.5	-0.18	-1.0	0.82	None	None	None
------------------------------------------------------------------------
增加成交量匹配条件：
------------------------------------------------------------------------
模式识别结果统计:
统计总数	<=0(占比%)	>=1	<-1
 4   	 2(50.00%)	0	1
收盘涨幅:-1.06	-0.34	0.63	0.8
收盘涨幅中位数:0.14
------------------------------------------------------------------------
日期[星期]	次日涨幅	次日开盘	次日最高	次日最低	量能	当日涨幅	当日最高	当日最低	当日波动幅度	60日周期(%)	20日周期(%)	10日周期(%)
1993/06/17[4]	0.8	-0.38	0.93	-0.88	0.89	-0.62	1.19	-0.62	1.82	52.4	-38.3	37.0
2003/07/24[4]	-1.06	0.08	0.62	-1.48	0.91	-0.58	0.08	-0.73	0.81	14.0	4.2	4.2
2003/09/22[1]	0.63	-0.04	0.64	-0.62	0.89	-0.71	0.27	-0.94	1.2	14.0	3.5	3.5
2012/06/19[2]	-0.34	-0.02	0.16	-0.4	0.99	-0.66	-0.11	-0.76	0.65	9.4	-2.5	2.1
------------------------------------------------------------------------
昨日市场情绪指数:	44.81
------------------------------------------------------------------------
市场风险指数:	4.00
------------------------------------------------------------------------
周期(日)	幅度	低点	高点	点位	涨幅	信号
5日	0.25	3195.85	3295.19	3220.68	-1.51%
5日	0.33	3195.85	3295.19	3228.63	-1.26%
5日	0.5	3195.85	3295.19	3245.52	-0.74%	支撑位！	!0.5
5日	0.618	3195.85	3295.19	3257.24	-0.37%	支撑位！
5日	0.825	3195.85	3295.19	3277.81	0.26%	注意压力位！
10日	0.25	3195.85	3295.19	3220.68	-1.51%
10日	0.33	3195.85	3295.19	3228.63	-1.26%
10日	0.5	3195.85	3295.19	3245.52	-0.74%	支撑位！	!0.5
10日	0.618	3195.85	3295.19	3257.24	-0.37%	支撑位！
10日	0.825	3195.85	3295.19	3277.81	0.26%	注意压力位！
20日	0.25	3193.16	3295.19	3218.67	-1.58%
20日	0.33	3193.16	3295.19	3226.83	-1.32%
20日	0.5	3193.16	3295.19	3244.18	-0.78%	支撑位！	!0.5
20日	0.618	3193.16	3295.19	3256.21	-0.40%	支撑位！
20日	0.825	3193.16	3295.19	3277.33	0.24%	注意压力位！
30日	0.25	3193.16	3295.19	3218.67	-1.58%	!30日
30日	0.33	3193.16	3295.19	3226.83	-1.32%	!30日
30日	0.5	3193.16	3295.19	3244.18	-0.78%	支撑位！	!30日	!0.5
30日	0.618	3193.16	3295.19	3256.21	-0.40%	支撑位！	!30日
30日	0.825	3193.16	3295.19	3277.33	0.24%	注意压力位！	!30日
60日	0.25	3044.29	3295.19	3107.01	-5.23%
60日	0.33	3044.29	3295.19	3127.09	-4.55%
60日	0.5	3044.29	3295.19	3169.74	-3.14%	!0.5
60日	0.618	3044.29	3295.19	3199.35	-2.19%
60日	0.825	3044.29	3295.19	3251.28	-0.56%	支撑位！
90日	0.25	3044.29	3301.21	3108.52	-5.18%
90日	0.33	3044.29	3301.21	3129.07	-4.48%
90日	0.5	3044.29	3301.21	3172.75	-3.05%	!0.5
90日	0.618	3044.29	3301.21	3203.07	-2.07%
90日	0.825	3044.29	3301.21	3256.25	-0.40%	支撑位！
120日	0.25	3033.75	3301.21	3100.61	-5.44%
120日	0.33	3033.75	3301.21	3122.01	-4.72%
120日	0.5	3033.75	3301.21	3167.48	-3.22%	!0.5
120日	0.618	3033.75	3301.21	3199.04	-2.20%
120日	0.825	3033.75	3301.21	3254.40	-0.46%	支撑位！
150日	0.25	2969.13	3301.21	3052.15	-7.12%
150日	0.33	2969.13	3301.21	3078.72	-6.19%
150日	0.5	2969.13	3301.21	3135.17	-4.28%	!0.5
150日	0.618	2969.13	3301.21	3174.36	-2.99%
150日	0.825	2969.13	3301.21	3243.10	-0.81%	支撑位！
180日	0.25	2931.96	3301.21	3024.27	-8.11%
180日	0.33	2931.96	3301.21	3053.81	-7.06%
180日	0.5	2931.96	3301.21	3116.59	-4.90%	!0.5
180日	0.618	2931.96	3301.21	3160.16	-3.46%
180日	0.825	2931.96	3301.21	3236.59	-1.01%
------------------------------------------------------------------------
399001
------------------------------------------------------------------------
--------正在查找历史K线日期：！！！！日期选完，请注意看K线趋势，同时注意成交量的表现：
------------------------------------------------------------------------
--------最近交易日的相关数据：
日期[星期]    	价格	涨幅	最大涨幅	最小涨幅	量比	波动幅度	60日涨幅%	30涨幅%	10涨幅%
2017/04/06[4]	10656.17	0.27	0.33	-0.18	0.95	0.5	3.42%	1.54%	1.06%
2017/04/07[5]	10669.48	0.12	0.44	-0.2	1.07	0.64	3.48%	1.58%	1.12%
2017/04/10[1]	10603.27	-0.62	-0.05	-0.71	1.17	0.66	2.79%	0.88%	0.39%
------------------------------------------------------------------------
模式识别结果统计:
统计总数	<=0(占比%)	>=1	<-1
143   	84(58.74%)	18	39
收盘涨幅:-9.46	-5.07	-4.86	-3.79	-3.58	-3.28	-3.25	-2.76	-2.31	-2.19	-2.09	-2.05	-1.94	-1.91	-1.89	-1.81	-1.76	-1.65	-1.64	-1.56	-1.53	-1.47	-1.44	-1.42	-1.38	-1.36	-1.35	-1.32	-1.29	-1.28	-1.24	-1.21	-1.18	-1.16	-1.16	-1.12	-1.07	-1.05	-1.02	-0.97	-0.93	-0.92	-0.85	-0.79	-0.77	-0.66	-0.62	-0.59	-0.59	-0.58	-0.57	-0.57	-0.56	-0.53	-0.52	-0.51	-0.43	-0.38	-0.38	-0.38	-0.37	-0.37	-0.36	-0.35	-0.33	-0.31	-0.3	-0.3	-0.27	-0.26	-0.26	-0.2	-0.19	-0.18	-0.18	-0.18	-0.17	-0.17	-0.13	-0.12	-0.1	-0.06	-0.06	-0.06	0.01	0.02	0.05	0.05	0.07	0.08	0.11	0.13	0.14	0.14	0.15	0.17	0.18	0.2	0.23	0.25	0.25	0.28	0.28	0.29	0.32	0.32	0.33	0.34	0.34	0.35	0.36	0.36	0.39	0.39	0.44	0.47	0.49	0.51	0.56	0.74	0.75	0.77	0.8	0.85	0.92	1.02	1.06	1.12	1.15	1.17	1.17	1.22	1.3	1.57	1.61	1.64	1.66	1.89	2.06	2.14	2.2	2.32	2.45
收盘涨幅中位数:-0.20
------------------------------------------------------------------------
日期[星期]	次日涨幅	次日开盘	次日最高	次日最低	量能	当日涨幅	当日最高	当日最低	当日波动幅度	60日周期(%)	20日周期(%)	10日周期(%)
1991/06/28[5]	-0.13	-0.33	-0.01	-1.04	1.23	-0.5	-0.22	-1.2	0.98	5.0	-22.2	-14.1
1991/08/02[5]	0.2	-0.14	0.33	-0.47	0.71	-0.23	0.07	-0.78	0.85	5.0	-4.9	-4.9
1991/09/24[2]	0.51	-0.29	1.23	-0.52	0.81	-0.36	-0.1	-0.73	0.63	5.0	45.0	3.3
1992/01/13[1]	-1.42	-0.03	0.05	-1.9	1.04	-0.92	0.13	-1.25	1.38	5.0	-6.0	-6.0
1992/03/19[4]	-0.53	0.34	0.37	-1.3	0.58	-0.14	0.55	-0.77	1.31	5.0	-6.0	-6.0
1992/07/31[5]	-5.07	0.19	0.32	-5.38	0.98	-0.77	1.58	-1.55	3.13	1261.5	-20.9	22.6
1992/10/13[2]	-1.91	-0.22	0.07	-2.13	0.47	-0.62	0.92	-1.02	1.94	1261.5	-5.1	11.5
1993/04/14[3]	0.08	0.16	0.79	-1.25	0.73	-0.71	0.61	-1.46	2.06	-41.4	-11.0	-11.0
1994/04/07[4]	-2.76	-0.4	-0.05	-4.02	3.24	-0.25	2.46	-0.65	3.11	-28.2	16.4	16.4
1994/07/07[4]	1.61	-1.54	2.68	-2.32	0.74	0.0	0.0	0.0	0.0	-28.5	15.8	9.0
1995/06/27[2]	-0.37	0.06	0.07	-0.8	0.98	-0.69	0.65	-0.92	1.57	69.3	69.3	-5.6
1995/09/05[2]	1.06	0.04	1.06	-0.59	0.84	-0.56	0.16	-1.01	1.18	-34.1	-9.8	-9.8
1995/09/25[1]	0.07	0.13	0.35	-0.25	0.72	-0.78	0.33	-1.32	1.64	29.9	11.5	11.5
1995/11/07[2]	-1.44	-0.16	-0.16	-1.76	0.75	-0.68	-0.05	-0.94	0.9	29.9	10.3	-7.0
1995/11/16[4]	0.39	-0.06	0.71	-0.11	0.75	-0.43	0.11	-0.63	0.73	29.9	10.3	3.5
1996/01/16[2]	-1.24	-0.14	-0.08	-1.42	0.87	-0.12	0.31	-0.4	0.72	29.9	10.3	-17.9
1996/01/31[3]	0.36	-0.02	0.44	-0.63	1.1	-0.01	0.11	-0.93	1.03	-35.3	-33.0	5.1
1996/03/19[2]	0.05	-0.15	0.23	-0.23	0.95	-0.22	0.74	-0.52	1.26	18.3	18.3	-8.3
1996/03/26[2]	-0.35	-0.25	-0.25	-1.21	1.0	-0.8	0.18	-1.02	1.19	18.3	18.3	3.2
1996/08/14[3]	-1.56	-0.19	0.56	-1.74	0.89	-0.5	1.15	-0.65	1.81	47.5	0.0	9.8
1997/02/17[1]	-9.46	-0.92	-0.55	-9.84	0.63	-0.19	1.01	-2.19	3.2	-32.0	-32.0	6.8
1997/08/29[5]	-0.59	-0.52	0.3	-1.14	1.27	-0.89	0.28	-1.52	1.8	-29.4	7.4	7.4
1998/03/05[4]	-0.66	-1.0	-0.52	-1.15	0.95	-0.83	0.5	-0.96	1.46	13.7	13.7	-6.3
1998/05/26[2]	0.49	0.06	0.55	-0.26	0.87	-0.22	0.61	-0.56	1.17	-6.9	-6.9	-2.1
1998/06/02[2]	-0.38	0.05	0.13	-0.53	0.87	-0.16	0.46	-0.65	1.11	-6.9	-6.9	-2.1
1998/09/29[2]	0.92	0.26	1.04	0.14	0.79	-0.34	1.29	-0.64	1.93	-26.7	-5.7	-5.7
1998/10/20[2]	-3.28	-0.11	-0.11	-3.37	0.81	-0.83	0.46	-1.15	1.62	-26.7	6.0	4.6
1999/08/30[1]	0.34	0.25	0.69	-0.92	1.09	-0.22	0.87	-0.36	1.22	67.6	7.0	7.0
2000/01/25[2]	0.32	-0.21	0.75	-0.68	0.85	-0.23	1.85	-0.86	2.71	-20.9	15.4	-9.4
2000/04/21[5]	-0.57	-0.1	0.36	-0.89	1.03	-0.62	0.61	-0.79	1.4	-20.9	-9.5	1.9
2000/06/27[2]	0.17	0.0	0.78	-0.17	1.0	-0.15	0.34	-0.67	1.01	26.4	15.2	3.5
2000/06/30[5]	-1.89	-0.5	-0.5	-2.07	1.06	-0.33	0.46	-0.6	1.06	26.4	15.2	3.5
2000/07/14[5]	-1.32	0.13	0.35	-1.38	0.77	-0.09	0.32	-0.58	0.9	26.4	15.2	-3.3
2000/07/28[5]	0.85	0.12	0.86	-0.31	0.79	-0.04	0.63	-0.25	0.89	26.4	15.2	6.2
2000/08/02[3]	0.36	0.14	0.73	-0.03	1.02	-0.12	0.46	-0.68	1.14	26.4	15.2	6.2
2000/08/11[5]	-0.1	0.1	0.47	-0.25	1.02	-0.37	0.51	-0.57	1.08	26.4	15.2	6.2
2000/08/18[5]	0.28	-0.06	0.3	-0.42	1.06	-0.1	0.21	-0.41	0.63	26.4	15.2	6.2
2000/09/14[4]	-0.36	-0.21	-0.18	-1.06	0.84	-0.91	0.26	-1.26	1.51	24.7	8.3	3.7
2000/11/03[5]	0.39	0.3	0.48	-0.22	1.31	-0.01	0.34	-0.31	0.65	-11.4	-11.4	4.4
2000/11/21[2]	1.17	-0.26	1.19	-0.49	1.04	-0.65	0.53	-0.73	1.26	-11.4	-11.4	4.4
2000/12/05[2]	-1.02	0.11	0.36	-1.24	1.01	-0.71	0.3	-0.82	1.12	-11.4	-4.4	-4.4
2001/01/04[4]	-0.18	-0.0	0.12	-0.69	0.78	-0.45	0.28	-0.58	0.86	-11.4	-0.4	-1.9
2001/02/15[4]	0.13	-0.19	0.18	-1.5	1.15	-0.74	0.44	-0.83	1.27	13.8	5.3	-9.6
2001/04/03[2]	-1.47	-0.0	0.55	-1.8	0.83	-0.69	0.16	-1.05	1.21	-11.2	-11.2	-4.4
2001/04/17[2]	-0.62	-0.0	0.29	-0.82	0.76	-0.19	0.33	-0.76	1.09	-11.2	-11.2	-2.3
2001/05/09[3]	0.25	-0.0	0.77	-0.03	1.22	-0.26	0.34	-0.45	0.79	-11.2	-3.5	-3.5
2001/05/15[2]	0.25	0.12	0.45	-0.38	0.82	-0.01	0.6	-0.47	1.08	-11.2	-3.5	-3.5
2001/06/07[4]	-0.06	0.25	0.25	-0.64	0.85	-0.92	0.13	-1.01	1.15	-11.2	-3.5	-2.1
2001/07/05[4]	-0.59	-0.01	0.28	-0.66	1.06	-0.67	0.23	-0.99	1.23	18.6	-3.9	3.7
2001/12/10[1]	-1.35	-0.11	-0.03	-1.54	0.78	-0.09	-0.05	-1.07	1.02	-32.5	-11.1	11.9
2002/07/01[1]	0.77	-0.19	0.8	-0.86	0.49	-0.9	0.36	-1.02	1.38	20.2	20.2	18.1
2002/07/09[2]	-2.09	-0.01	0.22	-2.15	0.97	-0.4	0.41	-0.58	0.99	20.2	20.2	18.1
2002/07/31[3]	0.32	-0.2	0.63	-0.82	0.77	-0.75	0.49	-0.89	1.38	20.2	20.2	-1.6
2002/08/05[1]	1.02	-0.16	1.74	-0.33	0.96	-0.56	0.06	-0.66	0.72	20.2	20.2	-4.4
2002/08/15[4]	0.35	-0.1	0.78	-0.83	0.97	-0.48	0.04	-0.65	0.68	20.2	20.2	2.5
2002/09/04[3]	-1.36	-0.13	-0.09	-1.67	0.94	-0.43	0.36	-0.55	0.9	20.2	4.4	4.4
2002/10/31[4]	0.47	-0.01	0.51	-0.53	0.93	-0.06	0.89	-0.3	1.19	20.2	-12.2	-4.2
2002/12/05[4]	0.15	-0.01	0.85	-0.44	0.71	-0.7	-0.15	-1.32	1.16	20.2	-14.0	7.2
2003/03/05[3]	-1.28	0.03	0.03	-1.4	1.11	-0.22	0.1	-0.79	0.89	-25.0	3.7	3.7
2003/04/03[4]	1.17	-0.09	1.33	-0.16	0.93	-0.29	0.16	-0.5	0.66	10.3	-5.4	-0.4
2003/07/09[3]	2.32	0.06	2.79	0.04	0.81	-0.69	0.13	-0.95	1.08	14.0	-3.3	-6.0
2003/07/24[4]	-1.21	-0.12	0.71	-1.62	0.85	-0.78	-0.06	-1.0	0.93	14.0	4.2	4.2
2003/09/12[5]	-1.12	-0.1	0.59	-1.28	1.15	-0.8	0.0	-0.93	0.94	14.0	3.5	3.5
2003/11/17[1]	-1.94	-0.02	-0.02	-2.04	0.8	-0.57	0.25	-0.67	0.92	-20.7	-7.5	-7.5
2003/12/05[5]	-0.97	0.03	0.67	-1.13	0.98	-0.51	0.21	-1.05	1.26	-20.7	-7.5	11.8
2003/12/11[4]	-0.17	-0.08	0.14	-0.7	1.03	-0.08	0.36	-0.55	0.91	-20.7	-7.5	11.8
2004/04/05[1]	0.75	0.04	0.79	-0.8	1.11	-0.14	0.44	-0.71	1.14	-20.7	-5.9	-2.8
2004/04/08[4]	-2.31	0.01	0.34	-2.52	0.88	-0.54	-0.02	-0.86	0.84	36.4	9.5	4.2
2004/05/20[4]	1.12	0.11	1.12	0.11	0.8	-0.8	0.8	-1.08	1.88	36.4	9.5	-14.4
2004/11/23[2]	-0.56	0.05	0.57	-0.64	1.01	-0.96	0.02	-1.26	1.29	18.8	7.6	0.5
2005/01/12[3]	0.33	-0.03	0.57	-0.3	1.09	-0.17	-0.04	-0.82	0.77	18.8	7.6	-6.0
2005/08/10[3]	2.14	0.02	2.19	-0.3	1.06	0.0	0.38	-1.47	1.85	-24.9	-11.1	4.6
2005/10/13[4]	-1.38	0.08	0.08	-1.57	0.92	-0.72	0.4	-0.9	1.3	22.6	1.8	3.2
2005/11/28[1]	-1.16	-0.34	-0.11	-1.24	0.87	-0.42	0.17	-0.66	0.83	-12.8	4.4	4.4
2005/12/27[2]	0.01	-0.17	0.18	-0.53	0.83	-0.49	-0.0	-0.79	0.79	-12.8	-4.4	-4.4
2006/03/24[5]	1.57	-0.05	1.57	-0.59	0.96	-0.37	0.43	-0.48	0.91	-12.8	-5.4	-5.4
2006/07/26[3]	-1.65	-0.12	0.16	-2.17	1.01	-0.53	0.44	-0.56	1.0	64.6	16.2	-0.1
2006/09/13[3]	-0.38	-0.17	0.32	-1.18	1.03	-0.85	0.55	-0.86	1.41	-12.3	-12.3	7.0
2006/09/22[5]	0.05	-0.14	1.19	-0.65	0.99	-0.3	0.65	-0.67	1.32	-12.3	-12.3	7.0
2007/07/13[5]	-3.79	0.03	0.08	-3.8	0.85	-0.27	0.27	-1.15	1.43	181.3	-17.4	-17.4
2008/01/15[2]	-3.58	-1.03	-1.03	-4.06	1.11	-0.56	0.37	-1.34	1.72	15.6	14.8	14.8
2008/06/03[2]	-0.18	-0.25	0.17	-1.96	0.99	-0.54	0.51	-1.34	1.85	-45.8	26.6	-10.1
2008/08/15[5]	-4.86	0.28	0.3	-4.97	0.95	-0.55	0.92	-1.46	2.39	-45.8	-0.9	10.1
2009/01/21[3]	1.15	0.34	1.22	-0.6	1.22	-0.71	0.43	-2.01	2.45	-13.6	-13.6	8.4
2009/11/11[3]	0.56	0.22	1.47	0.17	0.89	-0.34	0.37	-1.12	1.49	-24.1	7.8	-6.4
2009/12/15[2]	-1.16	-0.47	0.42	-1.31	0.99	-0.82	0.23	-1.13	1.36	27.3	-8.3	8.2
2010/01/19[2]	-3.25	0.19	0.29	-3.59	1.0	-0.08	0.54	-0.32	0.86	27.3	8.8	5.0
2010/02/22[1]	-1.18	-0.23	-0.23	-2.38	1.19	-0.74	0.27	-0.74	1.01	-14.0	-12.6	-12.6
2010/03/10[3]	-0.19	0.07	0.62	-0.92	0.91	-0.93	0.37	-1.15	1.52	-14.0	7.3	-2.9
2010/03/22[1]	-0.38	0.08	0.39	-0.59	1.02	-0.0	0.47	-0.39	0.86	-14.0	-4.5	-1.6
2010/03/23[2]	-0.12	0.09	0.44	-0.36	0.98	-0.38	0.39	-0.59	0.97	-14.0	-4.5	4.0
2010/04/15[4]	-0.77	-0.08	-0.04	-1.19	1.03	-0.35	0.21	-1.08	1.29	-14.0	-4.5	5.6
2010/07/27[2]	2.45	0.01	2.52	-0.37	0.93	-0.24	0.38	-0.76	1.14	-27.1	-10.7	-4.5
2010/12/06[1]	1.89	-0.28	2.42	-1.39	0.95	-0.16	0.71	-0.62	1.33	37.4	-13.4	-1.2
2011/02/01[2]	-1.53	-0.73	0.42	-1.81	0.84	-0.03	0.48	-0.56	1.04	-16.5	-2.2	-2.2
2011/05/11[3]	-1.07	-0.72	0.38	-1.07	1.17	-0.12	0.54	-0.81	1.35	15.3	7.6	-7.6
2011/05/19[4]	0.02	0.08	0.52	-0.23	1.07	-0.59	0.91	-0.63	1.54	15.3	7.6	-7.6
2011/07/28[4]	-0.79	-0.13	0.25	-1.41	1.0	-0.26	-0.19	-1.36	1.17	8.3	8.3	-5.3
2011/08/16[2]	-0.58	-0.15	0.52	-0.75	0.87	-0.87	0.25	-1.18	1.44	8.3	-13.8	-8.9
2011/12/08[4]	-1.05	-0.67	0.03	-1.47	1.32	-0.27	1.1	-1.34	2.45	10.0	10.0	-4.4
2012/02/13[1]	-0.43	-0.11	0.13	-1.11	1.02	-0.06	0.83	-1.78	2.61	-15.9	-15.9	3.0
2012/07/04[3]	-1.64	-0.61	-0.61	-2.11	0.89	-0.4	0.6	-0.67	1.27	9.4	-2.5	2.6
2012/12/21[5]	-0.31	-0.13	0.5	-0.61	1.09	-0.4	1.4	-0.72	2.12	-2.5	-5.0	-4.2
2013/01/04[5]	0.14	-0.24	0.4	-0.68	1.07	-0.22	1.1	-1.37	2.47	-2.5	-5.0	-4.2
2013/03/25[1]	-0.93	-0.25	0.28	-1.76	0.96	-0.32	0.54	-0.68	1.22	25.4	25.4	-1.2
2013/04/08[1]	0.44	0.13	1.27	0.09	1.03	-0.12	-0.04	-2.41	2.37	25.4	-4.1	5.1
2013/05/09[4]	0.23	-0.39	0.74	-0.61	1.11	-0.27	0.29	-1.27	1.56	25.4	-4.0	4.4
2013/07/03[3]	1.3	-0.81	2.57	-1.38	1.05	-0.84	-0.26	-2.28	2.02	-20.8	-20.8	-20.8
2013/08/23[5]	2.06	0.41	2.21	0.17	1.14	-0.96	0.75	-2.42	3.17	-20.8	11.9	11.9
2013/09/13[5]	-0.33	0.22	0.4	-0.69	0.93	-0.31	0.59	-0.44	1.03	22.7	11.9	11.9
2013/10/15[2]	-1.81	-0.41	-0.11	-2.31	1.0	-0.68	0.06	-1.52	1.58	22.7	4.3	4.3
2014/02/13[4]	0.34	-0.21	0.49	-0.45	1.05	-0.57	0.44	-0.7	1.14	-12.2	-12.2	-2.2
2014/04/14[1]	-1.76	-0.2	-0.2	-1.9	0.92	-0.05	0.42	-0.44	0.86	8.7	8.7	6.1
2014/04/24[4]	-1.29	0.06	0.53	-1.29	1.06	-0.21	0.5	-0.57	1.07	8.7	8.7	6.1
2014/05/22[4]	0.8	0.07	0.88	-0.31	1.28	-0.29	1.25	-0.33	1.58	-7.2	-0.3	-3.4
2014/05/27[2]	1.66	0.04	1.67	-0.19	0.92	-0.21	0.42	-0.29	0.72	-7.2	-0.3	-3.4
2014/07/01[2]	0.18	0.01	0.3	-0.54	1.0	-0.62	0.1	-0.9	1.0	-7.2	-3.7	-3.7
2014/07/04[5]	-0.17	0.04	0.54	-0.44	0.9	-0.02	0.38	-0.23	0.61	-7.2	-3.7	2.8
2014/07/16[3]	-0.92	-0.15	-0.15	-1.52	0.87	-0.58	0.28	-0.72	1.0	-7.2	-3.7	-1.6
2014/09/09[2]	-0.52	-0.45	-0.36	-1.12	0.99	-0.16	0.13	-0.71	0.84	-7.2	9.1	-2.5
2014/10/13[1]	-0.3	-0.16	0.44	-0.72	0.9	-0.58	-0.22	-1.45	1.23	-7.2	9.0	4.8
2015/05/14[4]	-2.19	-0.46	-0.46	-2.89	0.97	-0.98	0.84	-1.12	1.95	49.4	-10.4	-10.4
2015/12/11[5]	2.2	-0.91	2.2	-1.07	0.9	-0.39	0.39	-1.06	1.45	-15.5	-9.5	-9.3
2016/06/07[2]	-0.3	-0.17	0.24	-1.12	0.96	-0.15	0.08	-0.63	0.72	-10.2	5.9	5.9
2016/06/21[2]	1.64	-0.23	1.64	-0.27	1.18	-0.88	1.32	-1.26	2.58	-10.2	5.9	-4.6
2016/07/15[5]	-0.57	-0.28	0.11	-1.06	0.96	-0.28	0.14	-0.73	0.87	-10.2	4.2	5.1
2016/08/05[5]	1.22	-0.26	1.22	-0.8	0.96	-0.23	0.52	-0.32	0.84	-10.2	-4.5	-4.1
2016/08/18[4]	-0.06	-0.13	0.3	-0.55	1.06	-0.11	0.51	-0.52	1.04	12.9	7.1	7.1
2016/08/25[4]	0.14	0.23	0.99	-0.03	1.1	-0.76	-0.57	-1.82	1.25	12.9	7.1	7.1
2016/09/01[4]	-0.27	-0.03	0.55	-0.73	1.04	-0.82	0.07	-0.82	0.89	12.9	7.1	-3.2
2016/09/23[5]	-2.05	-0.2	-0.2	-2.05	0.97	-0.49	0.17	-0.51	0.67	12.9	-1.1	2.0
2016/10/13[4]	-0.26	-0.12	-0.12	-0.88	1.03	-0.01	0.27	-0.29	0.56	-5.5	-4.4	-2.8
2016/10/26[3]	-0.26	-0.11	-0.09	-0.67	1.06	-0.5	-0.0	-0.72	0.71	5.7	5.7	5.7
2016/11/17[4]	-0.51	0.01	0.17	-0.63	0.85	-0.21	-0.06	-0.73	0.68	None	None	None
2016/11/23[3]	-0.06	-0.12	0.51	-0.24	1.09	-0.11	0.51	-0.31	0.81	None	None	None
2016/11/29[2]	-0.2	-0.1	0.34	-0.47	1.04	-0.31	0.51	-0.38	0.89	None	None	None
2016/12/19[1]	-0.37	-0.08	-0.06	-0.77	0.95	-0.5	-0.04	-0.7	0.66	None	None	None
2017/02/03[5]	0.74	-0.01	0.76	-0.2	0.95	-0.47	0.15	-0.66	0.81	None	None	None
2017/02/14[2]	-0.85	-0.05	0.29	-1.02	0.89	-0.06	0.15	-0.35	0.51	None	None	None
2017/02/23[4]	0.11	-0.09	0.13	-0.34	1.03	-0.11	0.09	-0.63	0.72	None	None	None
2017/03/02[4]	0.29	-0.26	0.36	-0.57	0.98	-0.49	0.24	-0.54	0.79	None	None	None
2017/03/22[3]	0.28	0.05	0.51	-0.72	1.14	-0.31	-0.0	-0.93	0.92	None	None	None
2017/03/27[1]	-0.18	-0.02	0.23	-0.41	0.97	-0.61	0.13	-0.64	0.77	None	None	None
------------------------------------------------------------------------
增加成交量匹配条件：
------------------------------------------------------------------------
模式识别结果统计:
统计总数	<=0(占比%)	>=1	<-1
19   	13(68.42%)	3	6
收盘涨幅:-3.58	-3.25	-1.89	-1.81	-1.65	-1.07	-0.79	-0.59	-0.35	-0.31	-0.27	-0.2	-0.17	0.14	0.23	0.34	1.17	1.3	2.06
收盘涨幅中位数:-0.31
------------------------------------------------------------------------
日期[星期]	次日涨幅	次日开盘	次日最高	次日最低	量能	当日涨幅	当日最高	当日最低	当日波动幅度	60日周期(%)	20日周期(%)	10日周期(%)
1996/03/26[2]	-0.35	-0.25	-0.25	-1.21	1.0	-0.8	0.18	-1.02	1.19	18.3	18.3	3.2
1997/08/29[5]	-0.59	-0.52	0.3	-1.14	1.27	-0.89	0.28	-1.52	1.8	-29.4	7.4	7.4
1999/08/30[1]	0.34	0.25	0.69	-0.92	1.09	-0.22	0.87	-0.36	1.22	67.6	7.0	7.0
2000/06/30[5]	-1.89	-0.5	-0.5	-2.07	1.06	-0.33	0.46	-0.6	1.06	26.4	15.2	3.5
2000/11/21[2]	1.17	-0.26	1.19	-0.49	1.04	-0.65	0.53	-0.73	1.26	-11.4	-11.4	4.4
2003/12/11[4]	-0.17	-0.08	0.14	-0.7	1.03	-0.08	0.36	-0.55	0.91	-20.7	-7.5	11.8
2006/07/26[3]	-1.65	-0.12	0.16	-2.17	1.01	-0.53	0.44	-0.56	1.0	64.6	16.2	-0.1
2008/01/15[2]	-3.58	-1.03	-1.03	-4.06	1.11	-0.56	0.37	-1.34	1.72	15.6	14.8	14.8
2010/01/19[2]	-3.25	0.19	0.29	-3.59	1.0	-0.08	0.54	-0.32	0.86	27.3	8.8	5.0
2011/05/11[3]	-1.07	-0.72	0.38	-1.07	1.17	-0.12	0.54	-0.81	1.35	15.3	7.6	-7.6
2011/07/28[4]	-0.79	-0.13	0.25	-1.41	1.0	-0.26	-0.19	-1.36	1.17	8.3	8.3	-5.3
2012/12/21[5]	-0.31	-0.13	0.5	-0.61	1.09	-0.4	1.4	-0.72	2.12	-2.5	-5.0	-4.2
2013/01/04[5]	0.14	-0.24	0.4	-0.68	1.07	-0.22	1.1	-1.37	2.47	-2.5	-5.0	-4.2
2013/05/09[4]	0.23	-0.39	0.74	-0.61	1.11	-0.27	0.29	-1.27	1.56	25.4	-4.0	4.4
2013/07/03[3]	1.3	-0.81	2.57	-1.38	1.05	-0.84	-0.26	-2.28	2.02	-20.8	-20.8	-20.8
2013/08/23[5]	2.06	0.41	2.21	0.17	1.14	-0.96	0.75	-2.42	3.17	-20.8	11.9	11.9
2013/10/15[2]	-1.81	-0.41	-0.11	-2.31	1.0	-0.68	0.06	-1.52	1.58	22.7	4.3	4.3
2016/09/01[4]	-0.27	-0.03	0.55	-0.73	1.04	-0.82	0.07	-0.82	0.89	12.9	7.1	-3.2
2016/11/29[2]	-0.2	-0.1	0.34	-0.47	1.04	-0.31	0.51	-0.38	0.89	None	None	None
------------------------------------------------------------------------
昨日市场情绪指数:	40.42
------------------------------------------------------------------------
市场风险指数:	7.20
------------------------------------------------------------------------
周期(日)	幅度	低点	高点	点位	涨幅	信号
5日	0.25	10328.95	10702.88	10422.43	-1.74%
5日	0.33	10328.95	10702.88	10452.35	-1.44%
5日	0.5	10328.95	10702.88	10515.92	-0.83%	支撑位！	!0.5
5日	0.618	10328.95	10702.88	10560.04	-0.41%	支撑位！
5日	0.825	10328.95	10702.88	10637.44	0.32%	注意压力位！
10日	0.25	10328.95	10702.88	10422.43	-1.74%
10日	0.33	10328.95	10702.88	10452.35	-1.44%
10日	0.5	10328.95	10702.88	10515.92	-0.83%	支撑位！	!0.5
10日	0.618	10328.95	10702.88	10560.04	-0.41%	支撑位！
10日	0.825	10328.95	10702.88	10637.44	0.32%	注意压力位！
20日	0.25	10328.95	10702.88	10422.43	-1.74%
20日	0.33	10328.95	10702.88	10452.35	-1.44%
20日	0.5	10328.95	10702.88	10515.92	-0.83%	支撑位！	!0.5
20日	0.618	10328.95	10702.88	10560.04	-0.41%	支撑位！
20日	0.825	10328.95	10702.88	10637.44	0.32%	注意压力位！
30日	0.25	10308.22	10702.88	10406.88	-1.89%	!30日
30日	0.33	10308.22	10702.88	10438.46	-1.58%	!30日
30日	0.5	10308.22	10702.88	10505.55	-0.93%	支撑位！	!30日	!0.5
30日	0.618	10308.22	10702.88	10552.12	-0.48%	支撑位！	!30日
30日	0.825	10308.22	10702.88	10633.81	0.29%	注意压力位！	!30日
60日	0.25	9482.84	10702.88	9787.85	-8.33%
60日	0.33	9482.84	10702.88	9885.45	-7.26%
60日	0.5	9482.84	10702.88	10092.86	-5.06%	!0.5
60日	0.618	9482.84	10702.88	10236.82	-3.58%
60日	0.825	9482.84	10702.88	10489.37	-1.09%
90日	0.25	9482.84	11124.81	9893.33	-7.18%
90日	0.33	9482.84	11124.81	10024.69	-5.77%
90日	0.5	9482.84	11124.81	10303.83	-2.91%	!0.5
90日	0.618	9482.84	11124.81	10497.58	-1.01%
90日	0.825	9482.84	11124.81	10837.47	2.16%
120日	0.25	9482.84	11124.81	9893.33	-7.18%
120日	0.33	9482.84	11124.81	10024.69	-5.77%
120日	0.5	9482.84	11124.81	10303.83	-2.91%	!0.5
120日	0.618	9482.84	11124.81	10497.58	-1.01%
120日	0.825	9482.84	11124.81	10837.47	2.16%
150日	0.25	9482.84	11124.81	9893.33	-7.18%
150日	0.33	9482.84	11124.81	10024.69	-5.77%
150日	0.5	9482.84	11124.81	10303.83	-2.91%	!0.5
150日	0.618	9482.84	11124.81	10497.58	-1.01%
150日	0.825	9482.84	11124.81	10837.47	2.16%
180日	0.25	9482.84	11124.81	9893.33	-7.18%
180日	0.33	9482.84	11124.81	10024.69	-5.77%
180日	0.5	9482.84	11124.81	10303.83	-2.91%	!0.5
180日	0.618	9482.84	11124.81	10497.58	-1.01%
180日	0.825	9482.84	11124.81	10837.47	2.16%
