------------------------------------------------------------------------
999999
------------------------------------------------------------------------
--------正在查找历史K线日期：！！！！日期选完，请注意看K线趋势，同时注意成交量的表现：
------------------------------------------------------------------------
--------最近交易日的相关数据：
日期[星期]    	价格	涨幅	最大涨幅	最小涨幅	量比	波动幅度	60日涨幅%	30涨幅%	10涨幅%
2017/02/21[2]	3253.33	0.41	0.44	-0.0	0.91	0.45	2.62%	2.99%	1.6%
2017/02/22[3]	3261.22	0.24	0.25	-0.29	0.98	0.54	2.85%	3.11%	1.53%
2017/02/23[4]	3251.38	-0.3	0.09	-0.76	1.01	0.85	2.53%	2.69%	0.93%
------------------------------------------------------------------------
模式识别结果统计:
统计总数	<=0(占比%)	>=1	<-1
47   	25(53.19%)	0	7
收盘涨幅:-3.16	-2.59	-1.69	-1.65	-1.25	-1.24	-1.17	-0.95	-0.94	-0.85	-0.58	-0.37	-0.36	-0.35	-0.31	-0.3	-0.3	-0.27	-0.2	-0.15	-0.13	-0.07	-0.06	-0.05	-0.03	0.01	0.02	0.03	0.07	0.1	0.14	0.16	0.18	0.18	0.19	0.27	0.28	0.4	0.48	0.58	0.6	0.64	0.7	0.89	0.9	0.93	0.94
收盘涨幅中位数:-0.05
------------------------------------------------------------------------
日期[星期]	次日涨幅	次日开盘	次日最高	次日最低	量能	当日涨幅	当日最高	当日最低	当日波动幅度	60日周期	20日周期	10日周期
1991/01/16[3]	0.01	-0.42	0.01	-0.44	0.35	-0.37	0.0	-0.45	0.45	None	1	1
1991/02/25[1]	-0.35	-0.37	0.03	-0.37	0.24	-0.35	0.0	-0.4	0.4	None	1	1
1991/04/05[5]	-0.37	-0.35	-0.35	-0.4	1.1	-0.15	0.01	-0.57	0.58	None	1	0
1992/01/20[1]	0.16	0.16	0.16	0.0	1.78	0.0	0.0	0.0	0.0	0	-1	-1
1992/02/12[3]	0.19	0.25	0.36	0.2	0.91	0.0	0.0	0.0	0.0	0	-1	-1
1992/03/13[5]	0.18	0.16	0.28	0.0	0.24	-0.14	0.07	-0.14	0.21	0	-1	-1
1992/03/19[4]	0.18	0.16	0.19	0.0	3.38	-0.09	0.08	-0.38	0.46	0	-1	-1
1992/03/24[2]	-0.15	-0.1	0.09	-0.15	0.43	-0.05	0.16	-0.22	0.38	0	-1	-1
1992/03/31[2]	-0.06	0.08	0.16	-0.06	1.37	-0.05	0.16	-0.05	0.21	0	-1	-1
1992/04/09[4]	0.1	-0.03	0.1	-0.12	1.7	-0.2	0.12	-0.2	0.32	0	-1	-1
1993/07/23[5]	-3.16	-0.43	-0.43	-3.16	1.36	-0.24	0.37	-0.5	0.87	1	1	-1
1998/05/19[2]	-0.36	0.03	0.21	-0.74	0.76	-0.43	0.34	-0.92	1.27	-1	-1	0
1999/11/09[2]	-0.95	-0.02	-0.02	-1.86	0.92	-0.5	0.57	-0.67	1.25	0	-1	1
2000/07/17[1]	0.58	0.0	0.58	-0.04	0.98	-0.24	0.54	-0.35	0.89	1	1	0
2000/08/04[5]	0.64	-0.06	0.64	-0.42	1.07	-0.49	0.24	-1.12	1.37	1	1	1
2000/08/18[5]	0.89	0.25	0.89	0.15	0.9	-0.07	0.27	-0.23	0.5	1	1	1
2000/09/14[4]	-0.05	-0.07	-0.05	-0.64	0.73	-0.47	0.17	-0.8	0.97	1	1	0
2001/02/14[3]	-0.85	0.01	0.19	-0.95	0.81	-0.02	0.17	-0.36	0.53	1	1	-1
2001/05/22[2]	-0.58	0.02	0.14	-1.59	0.45	-0.15	0.22	-0.38	0.6	-1	0	0
2001/06/07[4]	-0.3	-0.03	-0.02	-0.81	0.91	-0.39	0.19	-0.67	0.86	-1	0	0
2003/02/28[5]	0.9	-0.02	0.91	-0.06	0.8	-0.12	0.05	-0.81	0.86	-1	0	0
2003/07/31[4]	0.02	-0.02	0.11	-0.8	0.85	-0.2	0.2	-0.37	0.57	1	0	0
2003/12/15[1]	-0.27	-0.08	-0.08	-1.99	0.81	-0.03	0.26	-0.36	0.62	-1	-1	1
2005/02/28[1]	-0.2	-0.06	0.21	-0.79	0.67	-0.49	0.21	-1.03	1.24	1	1	1
2005/05/20[5]	-2.59	-0.36	-0.36	-2.71	0.91	-0.38	0.47	-0.8	1.26	1	1	-1
2005/10/24[1]	-1.69	-0.09	-0.09	-1.74	0.96	-0.01	0.19	-0.65	0.84	1	0	0
2005/12/21[3]	0.4	-0.11	0.46	-0.43	1.13	-0.49	0.53	-0.65	1.18	-1	0	0
2006/01/24[2]	0.48	-0.06	0.65	-0.49	0.99	-0.3	0.5	-0.7	1.2	-1	0	1
2006/06/22[4]	0.6	-0.1	0.75	-0.88	0.81	-0.13	0.45	-0.65	1.09	-1	-1	-1
2006/10/27[5]	0.14	-0.16	0.47	-1.05	1.46	-0.19	1.77	-0.41	2.18	-1	1	0
2009/11/11[3]	-0.07	0.2	0.78	-0.38	0.9	-0.11	0.25	-0.93	1.18	-1	1	-1
2010/04/07[3]	-0.94	-0.15	-0.14	-1.21	0.86	-0.33	0.08	-0.84	0.91	-1	0	1
2012/02/13[1]	-0.3	-0.13	0.03	-0.83	0.89	-0.01	0.57	-1.15	1.71	-1	-1	0
2012/05/07[1]	-0.13	-0.02	-0.01	-0.85	1.06	-0.0	-0.0	-0.79	0.78	1	1	1
2012/05/08[2]	-1.65	-0.67	-0.67	-1.69	0.96	-0.13	-0.01	-0.85	0.84	1	1	1
2012/07/04[3]	-1.17	-0.41	-0.41	-1.56	0.88	-0.08	0.45	-0.44	0.89	1	0	0
2012/09/25[2]	-1.24	-0.07	0.18	-1.47	0.84	-0.19	0.29	-0.56	0.85	1	1	1
2012/12/19[3]	0.28	-0.28	0.58	-0.89	0.75	-0.01	0.6	-0.38	0.98	0	0	0
2013/01/08[2]	-0.03	-0.21	0.34	-0.75	1.04	-0.41	0.17	-0.98	1.14	0	0	1
2013/03/25[1]	-1.25	-0.35	-0.29	-1.96	0.96	-0.07	0.71	-0.36	1.07	1	1	0
2014/07/04[5]	0.03	-0.06	0.23	-0.41	0.85	-0.19	0.09	-0.44	0.53	-1	0	0
2014/11/05[3]	0.27	0.02	0.32	-0.72	0.85	-0.47	0.15	-0.62	0.78	1	0	0
2016/05/12[4]	-0.31	-0.26	0.5	-0.77	1.0	-0.04	0.08	-1.97	2.05	1	-1	0
2016/06/06[1]	0.07	0.07	0.15	-0.36	0.83	-0.16	0.25	-0.56	0.81	-1	0	0
2016/06/21[2]	0.94	-0.2	0.95	-0.31	1.2	-0.35	1.06	-0.68	1.73	-1	1	0
2016/08/05[5]	0.93	-0.14	0.94	-0.59	1.06	-0.19	0.31	-0.36	0.67	-1	0	0
2017/01/19[4]	0.7	-0.18	0.79	-0.2	0.94	-0.38	0.09	-0.61	0.7	None	None	None
------------------------------------------------------------------------
增加成交量匹配条件：
------------------------------------------------------------------------
模式识别结果统计:
统计总数	<=0(占比%)	>=1	<-1
 2   	 1(50.00%)	0	1
收盘涨幅:-3.16	0.94
收盘涨幅中位数:-1.11
------------------------------------------------------------------------
日期[星期]	次日涨幅	次日开盘	次日最高	次日最低	量能	当日涨幅	当日最高	当日最低	当日波动幅度	60日周期	20日周期	10日周期
1993/07/23[5]	-3.16	-0.43	-0.43	-3.16	1.36	-0.24	0.37	-0.5	0.87	1	1	-1
2016/06/21[2]	0.94	-0.2	0.95	-0.31	1.2	-0.35	1.06	-0.68	1.73	-1	1	0
------------------------------------------------------------------------
昨日市场情绪指数:	43.08
------------------------------------------------------------------------
市场风险指数:	4.40
------------------------------------------------------------------------
周期(日)	幅度	低点	高点	点位	涨幅	信号
5日	0.25	3198.96	3264.08	3215.24	-1.12%
5日	0.33	3198.96	3264.08	3220.45	-0.96%	支撑位！
5日	0.5	3198.96	3264.08	3231.52	-0.61%	支撑位！	!0.5
5日	0.618	3198.96	3264.08	3239.20	-0.38%	支撑位！
5日	0.825	3198.96	3264.08	3252.68	0.04%	注意压力位！
10日	0.25	3162.57	3264.08	3187.95	-1.99%
10日	0.33	3162.57	3264.08	3196.07	-1.73%
10日	0.5	3162.57	3264.08	3213.32	-1.18%	!0.5
10日	0.618	3162.57	3264.08	3225.30	-0.81%	支撑位！
10日	0.825	3162.57	3264.08	3246.32	-0.16%	支撑位！
20日	0.25	3094.01	3264.08	3136.53	-3.66%
20日	0.33	3094.01	3264.08	3150.13	-3.21%
20日	0.5	3094.01	3264.08	3179.05	-2.28%	!0.5
20日	0.618	3094.01	3264.08	3199.11	-1.63%
20日	0.825	3094.01	3264.08	3234.32	-0.53%	支撑位！
30日	0.25	3044.29	3264.08	3099.24	-4.91%	!30日
30日	0.33	3044.29	3264.08	3116.82	-4.32%	!30日
30日	0.5	3044.29	3264.08	3154.18	-3.08%	!30日	!0.5
30日	0.618	3044.29	3264.08	3180.12	-2.24%	!30日
30日	0.825	3044.29	3264.08	3225.62	-0.80%	支撑位！	!30日
60日	0.25	3044.29	3301.21	3108.52	-4.60%
60日	0.33	3044.29	3301.21	3129.07	-3.91%
60日	0.5	3044.29	3301.21	3172.75	-2.48%	!0.5
60日	0.618	3044.29	3301.21	3203.07	-1.51%
60日	0.825	3044.29	3301.21	3256.25	0.15%	注意压力位！
90日	0.25	3033.75	3301.21	3100.61	-4.86%
90日	0.33	3033.75	3301.21	3122.01	-4.14%
90日	0.5	3033.75	3301.21	3167.48	-2.65%	!0.5
90日	0.618	3033.75	3301.21	3199.04	-1.64%
90日	0.825	3033.75	3301.21	3254.40	0.09%	注意压力位！
120日	0.25	2969.13	3301.21	3052.15	-6.53%
120日	0.33	2969.13	3301.21	3078.72	-5.61%
120日	0.5	2969.13	3301.21	3135.17	-3.71%	!0.5
120日	0.618	2969.13	3301.21	3174.36	-2.43%
120日	0.825	2969.13	3301.21	3243.10	-0.26%	支撑位！
150日	0.25	2931.96	3301.21	3024.27	-7.51%
150日	0.33	2931.96	3301.21	3053.81	-6.47%
150日	0.5	2931.96	3301.21	3116.59	-4.33%	!0.5
150日	0.618	2931.96	3301.21	3160.16	-2.89%
150日	0.825	2931.96	3301.21	3236.59	-0.46%	支撑位！
180日	0.25	2780.76	3301.21	2910.87	-11.70%
180日	0.33	2780.76	3301.21	2952.51	-10.12%
180日	0.5	2780.76	3301.21	3040.99	-6.92%	!0.5
180日	0.618	2780.76	3301.21	3102.40	-4.80%
180日	0.825	2780.76	3301.21	3210.13	-1.28%
------------------------------------------------------------------------
399001
------------------------------------------------------------------------
--------正在查找历史K线日期：！！！！日期选完，请注意看K线趋势，同时注意成交量的表现：
------------------------------------------------------------------------
--------最近交易日的相关数据：
日期[星期]    	价格	涨幅	最大涨幅	最小涨幅	量比	波动幅度	60日涨幅%	30涨幅%	10涨幅%
2017/02/21[2]	10405.75	0.74	0.76	0.01	1.06	0.74	0.51%	2.89%	1.97%
2017/02/22[3]	10444.38	0.37	0.37	-0.2	1.02	0.57	0.96%	3.22%	2.0%
2017/02/23[4]	10432.64	-0.11	0.09	-0.63	1.03	0.72	0.93%	3.09%	1.57%
------------------------------------------------------------------------
模式识别结果统计:
统计总数	<=0(占比%)	>=1	<-1
139   	83(59.71%)	18	39
收盘涨幅:-9.46	-5.07	-4.86	-3.79	-3.58	-3.28	-3.25	-2.76	-2.31	-2.19	-2.09	-2.05	-1.94	-1.91	-1.89	-1.81	-1.76	-1.65	-1.64	-1.56	-1.53	-1.47	-1.44	-1.42	-1.38	-1.36	-1.35	-1.32	-1.29	-1.28	-1.24	-1.21	-1.18	-1.16	-1.16	-1.12	-1.07	-1.05	-1.02	-0.97	-0.93	-0.92	-0.85	-0.79	-0.77	-0.66	-0.62	-0.59	-0.59	-0.58	-0.57	-0.57	-0.56	-0.53	-0.52	-0.51	-0.43	-0.38	-0.38	-0.38	-0.37	-0.37	-0.36	-0.35	-0.33	-0.31	-0.3	-0.3	-0.27	-0.26	-0.26	-0.2	-0.19	-0.18	-0.18	-0.17	-0.17	-0.13	-0.12	-0.1	-0.06	-0.06	-0.06	0.01	0.02	0.05	0.05	0.07	0.08	0.13	0.14	0.14	0.15	0.17	0.18	0.2	0.23	0.25	0.25	0.28	0.32	0.32	0.33	0.34	0.34	0.35	0.36	0.36	0.39	0.39	0.44	0.47	0.49	0.51	0.56	0.74	0.75	0.77	0.8	0.85	0.92	1.02	1.06	1.12	1.15	1.17	1.17	1.22	1.3	1.57	1.61	1.64	1.66	1.89	2.06	2.14	2.2	2.32	2.45
收盘涨幅中位数:-0.26
------------------------------------------------------------------------
日期[星期]	次日涨幅	次日开盘	次日最高	次日最低	量能	当日涨幅	当日最高	当日最低	当日波动幅度	60日周期	20日周期	10日周期
1991/06/28[5]	-0.13	-0.33	-0.01	-1.04	1.23	-0.5	-0.22	-1.2	0.98	0	-1	-1
1991/08/02[5]	0.2	-0.14	0.33	-0.47	0.71	-0.23	0.07	-0.78	0.85	0	0	0
1991/09/24[2]	0.51	-0.29	1.23	-0.52	0.81	-0.36	-0.1	-0.73	0.63	0	1	0
1992/01/13[1]	-1.42	-0.03	0.05	-1.9	1.04	-0.92	0.13	-1.25	1.38	0	-1	-1
1992/03/19[4]	-0.53	0.34	0.37	-1.3	0.58	-0.14	0.55	-0.77	1.31	0	-1	-1
1992/07/31[5]	-5.07	0.19	0.32	-5.38	0.98	-0.77	1.58	-1.55	3.13	1	-1	1
1992/10/13[2]	-1.91	-0.22	0.07	-2.13	0.47	-0.62	0.92	-1.02	1.94	1	-1	1
1993/04/14[3]	0.08	0.16	0.79	-1.25	0.73	-0.71	0.61	-1.46	2.06	-1	-1	-1
1994/04/07[4]	-2.76	-0.4	-0.05	-4.02	3.24	-0.25	2.46	-0.65	3.11	-1	1	1
1994/07/07[4]	1.61	-1.54	2.68	-2.32	0.74	0.0	0.0	0.0	0.0	-1	1	1
1995/06/27[2]	-0.37	0.06	0.07	-0.8	0.98	-0.69	0.65	-0.92	1.57	1	1	-1
1995/09/05[2]	1.06	0.04	1.06	-0.59	0.84	-0.56	0.16	-1.01	1.18	-1	-1	-1
1995/09/25[1]	0.07	0.13	0.35	-0.25	0.72	-0.78	0.33	-1.32	1.64	1	1	1
1995/11/07[2]	-1.44	-0.16	-0.16	-1.76	0.75	-0.68	-0.05	-0.94	0.9	1	1	-1
1995/11/16[4]	0.39	-0.06	0.71	-0.11	0.75	-0.43	0.11	-0.63	0.73	1	1	0
1996/01/16[2]	-1.24	-0.14	-0.08	-1.42	0.87	-0.12	0.31	-0.4	0.72	1	1	-1
1996/01/31[3]	0.36	-0.02	0.44	-0.63	1.1	-0.01	0.11	-0.93	1.03	-1	-1	1
1996/03/19[2]	0.05	-0.15	0.23	-0.23	0.95	-0.22	0.74	-0.52	1.26	1	1	-1
1996/03/26[2]	-0.35	-0.25	-0.25	-1.21	1.0	-0.8	0.18	-1.02	1.19	1	1	0
1996/08/14[3]	-1.56	-0.19	0.56	-1.74	0.89	-0.5	1.15	-0.65	1.81	1	0	1
1997/02/17[1]	-9.46	-0.92	-0.55	-9.84	0.63	-0.19	1.01	-2.19	3.2	-1	-1	1
1997/08/29[5]	-0.59	-0.52	0.3	-1.14	1.27	-0.89	0.28	-1.52	1.8	-1	1	1
1998/03/05[4]	-0.66	-1.0	-0.52	-1.15	0.95	-0.83	0.5	-0.96	1.46	1	1	-1
1998/05/26[2]	0.49	0.06	0.55	-0.26	0.87	-0.22	0.61	-0.56	1.17	-1	-1	0
1998/06/02[2]	-0.38	0.05	0.13	-0.53	0.87	-0.16	0.46	-0.65	1.11	-1	-1	0
1998/09/29[2]	0.92	0.26	1.04	0.14	0.79	-0.34	1.29	-0.64	1.93	-1	-1	-1
1998/10/20[2]	-3.28	-0.11	-0.11	-3.37	0.81	-0.83	0.46	-1.15	1.62	-1	1	0
1999/08/30[1]	0.34	0.25	0.69	-0.92	1.09	-0.22	0.87	-0.36	1.22	1	1	1
2000/01/25[2]	0.32	-0.21	0.75	-0.68	0.85	-0.23	1.85	-0.86	2.71	-1	1	-1
2000/04/21[5]	-0.57	-0.1	0.36	-0.89	1.03	-0.62	0.61	-0.79	1.4	-1	-1	0
2000/06/27[2]	0.17	0.0	0.78	-0.17	1.0	-0.15	0.34	-0.67	1.01	1	1	0
2000/06/30[5]	-1.89	-0.5	-0.5	-2.07	1.06	-0.33	0.46	-0.6	1.06	1	1	0
2000/07/14[5]	-1.32	0.13	0.35	-1.38	0.77	-0.09	0.32	-0.58	0.9	1	1	0
2000/07/28[5]	0.85	0.12	0.86	-0.31	0.79	-0.04	0.63	-0.25	0.89	1	1	1
2000/08/02[3]	0.36	0.14	0.73	-0.03	1.02	-0.12	0.46	-0.68	1.14	1	1	1
2000/08/11[5]	-0.1	0.1	0.47	-0.25	1.02	-0.37	0.51	-0.57	1.08	1	1	1
2000/08/18[5]	0.28	-0.06	0.3	-0.42	1.06	-0.1	0.21	-0.41	0.63	1	1	1
2000/09/14[4]	-0.36	-0.21	-0.18	-1.06	0.84	-0.91	0.26	-1.26	1.51	1	1	0
2000/11/03[5]	0.39	0.3	0.48	-0.22	1.31	-0.01	0.34	-0.31	0.65	-1	-1	0
2000/11/21[2]	1.17	-0.26	1.19	-0.49	1.04	-0.65	0.53	-0.73	1.26	-1	-1	0
2000/12/05[2]	-1.02	0.11	0.36	-1.24	1.01	-0.71	0.3	-0.82	1.12	-1	0	0
2001/01/04[4]	-0.18	-0.0	0.12	-0.69	0.78	-0.45	0.28	-0.58	0.86	-1	0	0
2001/02/15[4]	0.13	-0.19	0.18	-1.5	1.15	-0.74	0.44	-0.83	1.27	1	1	-1
2001/04/03[2]	-1.47	-0.0	0.55	-1.8	0.83	-0.69	0.16	-1.05	1.21	-1	-1	0
2001/04/17[2]	-0.62	-0.0	0.29	-0.82	0.76	-0.19	0.33	-0.76	1.09	-1	-1	0
2001/05/09[3]	0.25	-0.0	0.77	-0.03	1.22	-0.26	0.34	-0.45	0.79	-1	0	0
2001/05/15[2]	0.25	0.12	0.45	-0.38	0.82	-0.01	0.6	-0.47	1.08	-1	0	0
2001/06/07[4]	-0.06	0.25	0.25	-0.64	0.85	-0.92	0.13	-1.01	1.15	-1	0	0
2001/07/05[4]	-0.59	-0.01	0.28	-0.66	1.06	-0.67	0.23	-0.99	1.23	1	0	0
2001/12/10[1]	-1.35	-0.11	-0.03	-1.54	0.78	-0.09	-0.05	-1.07	1.02	-1	-1	1
2002/07/01[1]	0.77	-0.19	0.8	-0.86	0.49	-0.9	0.36	-1.02	1.38	1	1	1
2002/07/09[2]	-2.09	-0.01	0.22	-2.15	0.97	-0.4	0.41	-0.58	0.99	1	1	1
2002/07/31[3]	0.32	-0.2	0.63	-0.82	0.77	-0.75	0.49	-0.89	1.38	1	1	0
2002/08/05[1]	1.02	-0.16	1.74	-0.33	0.96	-0.56	0.06	-0.66	0.72	1	1	0
2002/08/15[4]	0.35	-0.1	0.78	-0.83	0.97	-0.48	0.04	-0.65	0.68	1	1	0
2002/09/04[3]	-1.36	-0.13	-0.09	-1.67	0.94	-0.43	0.36	-0.55	0.9	1	0	0
2002/10/31[4]	0.47	-0.01	0.51	-0.53	0.93	-0.06	0.89	-0.3	1.19	1	-1	0
2002/12/05[4]	0.15	-0.01	0.85	-0.44	0.71	-0.7	-0.15	-1.32	1.16	1	-1	1
2003/03/05[3]	-1.28	0.03	0.03	-1.4	1.11	-0.22	0.1	-0.79	0.89	-1	0	0
2003/04/03[4]	1.17	-0.09	1.33	-0.16	0.93	-0.29	0.16	-0.5	0.66	1	-1	0
2003/07/09[3]	2.32	0.06	2.79	0.04	0.81	-0.69	0.13	-0.95	1.08	1	0	-1
2003/07/24[4]	-1.21	-0.12	0.71	-1.62	0.85	-0.78	-0.06	-1.0	0.93	1	0	0
2003/09/12[5]	-1.12	-0.1	0.59	-1.28	1.15	-0.8	0.0	-0.93	0.94	1	0	0
2003/11/17[1]	-1.94	-0.02	-0.02	-2.04	0.8	-0.57	0.25	-0.67	0.92	-1	-1	-1
2003/12/05[5]	-0.97	0.03	0.67	-1.13	0.98	-0.51	0.21	-1.05	1.26	-1	-1	1
2003/12/11[4]	-0.17	-0.08	0.14	-0.7	1.03	-0.08	0.36	-0.55	0.91	-1	-1	1
2004/04/05[1]	0.75	0.04	0.79	-0.8	1.11	-0.14	0.44	-0.71	1.14	-1	-1	0
2004/04/08[4]	-2.31	0.01	0.34	-2.52	0.88	-0.54	-0.02	-0.86	0.84	1	1	0
2004/05/20[4]	1.12	0.11	1.12	0.11	0.8	-0.8	0.8	-1.08	1.88	1	1	-1
2004/11/23[2]	-0.56	0.05	0.57	-0.64	1.01	-0.96	0.02	-1.26	1.29	1	1	0
2005/01/12[3]	0.33	-0.03	0.57	-0.3	1.09	-0.17	-0.04	-0.82	0.77	1	1	-1
2005/08/10[3]	2.14	0.02	2.19	-0.3	1.06	0.0	0.38	-1.47	1.85	-1	-1	0
2005/10/13[4]	-1.38	0.08	0.08	-1.57	0.92	-0.72	0.4	-0.9	1.3	1	0	0
2005/11/28[1]	-1.16	-0.34	-0.11	-1.24	0.87	-0.42	0.17	-0.66	0.83	-1	0	0
2005/12/27[2]	0.01	-0.17	0.18	-0.53	0.83	-0.49	-0.0	-0.79	0.79	-1	0	0
2006/03/24[5]	1.57	-0.05	1.57	-0.59	0.96	-0.37	0.43	-0.48	0.91	-1	-1	-1
2006/07/26[3]	-1.65	-0.12	0.16	-2.17	1.01	-0.53	0.44	-0.56	1.0	1	1	0
2006/09/13[3]	-0.38	-0.17	0.32	-1.18	1.03	-0.85	0.55	-0.86	1.41	-1	-1	1
2006/09/22[5]	0.05	-0.14	1.19	-0.65	0.99	-0.3	0.65	-0.67	1.32	-1	-1	1
2007/07/13[5]	-3.79	0.03	0.08	-3.8	0.85	-0.27	0.27	-1.15	1.43	1	-1	-1
2008/01/15[2]	-3.58	-1.03	-1.03	-4.06	1.11	-0.56	0.37	-1.34	1.72	1	1	1
2008/06/03[2]	-0.18	-0.25	0.17	-1.96	0.99	-0.54	0.51	-1.34	1.85	-1	1	-1
2008/08/15[5]	-4.86	0.28	0.3	-4.97	0.95	-0.55	0.92	-1.46	2.39	-1	0	1
2009/01/21[3]	1.15	0.34	1.22	-0.6	1.22	-0.71	0.43	-2.01	2.45	-1	-1	1
2009/11/11[3]	0.56	0.22	1.47	0.17	0.89	-0.34	0.37	-1.12	1.49	-1	1	-1
2009/12/15[2]	-1.16	-0.47	0.42	-1.31	0.99	-0.82	0.23	-1.13	1.36	1	-1	1
2010/01/19[2]	-3.25	0.19	0.29	-3.59	1.0	-0.08	0.54	-0.32	0.86	1	1	0
2010/02/22[1]	-1.18	-0.23	-0.23	-2.38	1.19	-0.74	0.27	-0.74	1.01	-1	-1	-1
2010/03/10[3]	-0.19	0.07	0.62	-0.92	0.91	-0.93	0.37	-1.15	1.52	-1	1	0
2010/03/22[1]	-0.38	0.08	0.39	-0.59	1.02	-0.0	0.47	-0.39	0.86	-1	0	0
2010/03/23[2]	-0.12	0.09	0.44	-0.36	0.98	-0.38	0.39	-0.59	0.97	-1	0	0
2010/04/15[4]	-0.77	-0.08	-0.04	-1.19	1.03	-0.35	0.21	-1.08	1.29	-1	0	1
2010/07/27[2]	2.45	0.01	2.52	-0.37	0.93	-0.24	0.38	-0.76	1.14	-1	-1	0
2010/12/06[1]	1.89	-0.28	2.42	-1.39	0.95	-0.16	0.71	-0.62	1.33	1	-1	0
2011/02/01[2]	-1.53	-0.73	0.42	-1.81	0.84	-0.03	0.48	-0.56	1.04	-1	0	0
2011/05/11[3]	-1.07	-0.72	0.38	-1.07	1.17	-0.12	0.54	-0.81	1.35	1	1	-1
2011/05/19[4]	0.02	0.08	0.52	-0.23	1.07	-0.59	0.91	-0.63	1.54	1	1	-1
2011/07/28[4]	-0.79	-0.13	0.25	-1.41	1.0	-0.26	-0.19	-1.36	1.17	1	1	-1
2011/08/16[2]	-0.58	-0.15	0.52	-0.75	0.87	-0.87	0.25	-1.18	1.44	1	-1	-1
2011/12/08[4]	-1.05	-0.67	0.03	-1.47	1.32	-0.27	1.1	-1.34	2.45	1	1	0
2012/02/13[1]	-0.43	-0.11	0.13	-1.11	1.02	-0.06	0.83	-1.78	2.61	-1	-1	0
2012/07/04[3]	-1.64	-0.61	-0.61	-2.11	0.89	-0.4	0.6	-0.67	1.27	1	0	0
2012/12/21[5]	-0.31	-0.13	0.5	-0.61	1.09	-0.4	1.4	-0.72	2.12	0	0	0
2013/01/04[5]	0.14	-0.24	0.4	-0.68	1.07	-0.22	1.1	-1.37	2.47	0	0	0
2013/03/25[1]	-0.93	-0.25	0.28	-1.76	0.96	-0.32	0.54	-0.68	1.22	1	1	0
2013/04/08[1]	0.44	0.13	1.27	0.09	1.03	-0.12	-0.04	-2.41	2.37	1	0	1
2013/05/09[4]	0.23	-0.39	0.74	-0.61	1.11	-0.27	0.29	-1.27	1.56	1	0	0
2013/07/03[3]	1.3	-0.81	2.57	-1.38	1.05	-0.84	-0.26	-2.28	2.02	-1	-1	-1
2013/08/23[5]	2.06	0.41	2.21	0.17	1.14	-0.96	0.75	-2.42	3.17	-1	1	1
2013/09/13[5]	-0.33	0.22	0.4	-0.69	0.93	-0.31	0.59	-0.44	1.03	1	1	1
2013/10/15[2]	-1.81	-0.41	-0.11	-2.31	1.0	-0.68	0.06	-1.52	1.58	1	0	0
2014/02/13[4]	0.34	-0.21	0.49	-0.45	1.05	-0.57	0.44	-0.7	1.14	-1	-1	0
2014/04/14[1]	-1.76	-0.2	-0.2	-1.9	0.92	-0.05	0.42	-0.44	0.86	1	1	1
2014/04/24[4]	-1.29	0.06	0.53	-1.29	1.06	-0.21	0.5	-0.57	1.07	1	1	1
2014/05/22[4]	0.8	0.07	0.88	-0.31	1.28	-0.29	1.25	-0.33	1.58	-1	0	0
2014/05/27[2]	1.66	0.04	1.67	-0.19	0.92	-0.21	0.42	-0.29	0.72	-1	0	0
2014/07/01[2]	0.18	0.01	0.3	-0.54	1.0	-0.62	0.1	-0.9	1.0	-1	0	0
2014/07/04[5]	-0.17	0.04	0.54	-0.44	0.9	-0.02	0.38	-0.23	0.61	-1	0	0
2014/07/16[3]	-0.92	-0.15	-0.15	-1.52	0.87	-0.58	0.28	-0.72	1.0	-1	0	0
2014/09/09[2]	-0.52	-0.45	-0.36	-1.12	0.99	-0.16	0.13	-0.71	0.84	-1	1	0
2014/10/13[1]	-0.3	-0.16	0.44	-0.72	0.9	-0.58	-0.22	-1.45	1.23	-1	1	0
2015/05/14[4]	-2.19	-0.46	-0.46	-2.89	0.97	-0.98	0.84	-1.12	1.95	1	-1	-1
2015/12/11[5]	2.2	-0.91	2.2	-1.07	0.9	-0.39	0.39	-1.06	1.45	-1	-1	-1
2016/06/07[2]	-0.3	-0.17	0.24	-1.12	0.96	-0.15	0.08	-0.63	0.72	-1	1	1
2016/06/21[2]	1.64	-0.23	1.64	-0.27	1.18	-0.88	1.32	-1.26	2.58	-1	1	0
2016/07/15[5]	-0.57	-0.28	0.11	-1.06	0.96	-0.28	0.14	-0.73	0.87	-1	0	1
2016/08/05[5]	1.22	-0.26	1.22	-0.8	0.96	-0.23	0.52	-0.32	0.84	-1	0	0
2016/08/18[4]	-0.06	-0.13	0.3	-0.55	1.06	-0.11	0.51	-0.52	1.04	1	1	1
2016/08/25[4]	0.14	0.23	0.99	-0.03	1.1	-0.76	-0.57	-1.82	1.25	1	1	1
2016/09/01[4]	-0.27	-0.03	0.55	-0.73	1.04	-0.82	0.07	-0.82	0.89	1	1	0
2016/09/23[5]	-2.05	-0.2	-0.2	-2.05	0.97	-0.49	0.17	-0.51	0.67	1	0	0
2016/10/13[4]	-0.26	-0.12	-0.12	-0.88	1.03	-0.01	0.27	-0.29	0.56	-1	0	0
2016/10/26[3]	-0.26	-0.11	-0.09	-0.67	1.06	-0.5	-0.0	-0.72	0.71	1	1	1
2016/11/17[4]	-0.51	0.01	0.17	-0.63	0.85	-0.21	-0.06	-0.73	0.68	None	None	None
2016/11/23[3]	-0.06	-0.12	0.51	-0.24	1.09	-0.11	0.51	-0.31	0.81	None	None	None
2016/11/29[2]	-0.2	-0.1	0.34	-0.47	1.04	-0.31	0.51	-0.38	0.89	None	None	None
2016/12/19[1]	-0.37	-0.08	-0.06	-0.77	0.95	-0.5	-0.04	-0.7	0.66	None	None	None
2017/02/03[5]	0.74	-0.01	0.76	-0.2	0.95	-0.47	0.15	-0.66	0.81	None	None	None
2017/02/14[2]	-0.85	-0.05	0.29	-1.02	0.89	-0.06	0.15	-0.35	0.51	None	None	None
------------------------------------------------------------------------
增加成交量匹配条件：
------------------------------------------------------------------------
模式识别结果统计:
统计总数	<=0(占比%)	>=1	<-1
12   	 7(58.33%)	0	1
收盘涨幅:-1.02	-0.57	-0.56	-0.38	-0.38	-0.13	-0.06	0.17	0.18	0.36	0.39	0.75
收盘涨幅中位数:-0.10
------------------------------------------------------------------------
日期[星期]	次日涨幅	次日开盘	次日最高	次日最低	量能	当日涨幅	当日最高	当日最低	当日波动幅度	60日周期	20日周期	10日周期
1991/06/28[5]	-0.13	-0.33	-0.01	-1.04	1.23	-0.5	-0.22	-1.2	0.98	0	-1	-1
2000/04/21[5]	-0.57	-0.1	0.36	-0.89	1.03	-0.62	0.61	-0.79	1.4	-1	-1	0
2000/06/27[2]	0.17	0.0	0.78	-0.17	1.0	-0.15	0.34	-0.67	1.01	1	1	0
2000/08/02[3]	0.36	0.14	0.73	-0.03	1.02	-0.12	0.46	-0.68	1.14	1	1	1
2000/11/03[5]	0.39	0.3	0.48	-0.22	1.31	-0.01	0.34	-0.31	0.65	-1	-1	0
2000/12/05[2]	-1.02	0.11	0.36	-1.24	1.01	-0.71	0.3	-0.82	1.12	-1	0	0
2004/04/05[1]	0.75	0.04	0.79	-0.8	1.11	-0.14	0.44	-0.71	1.14	-1	-1	0
2004/11/23[2]	-0.56	0.05	0.57	-0.64	1.01	-0.96	0.02	-1.26	1.29	1	1	0
2006/09/13[3]	-0.38	-0.17	0.32	-1.18	1.03	-0.85	0.55	-0.86	1.41	-1	-1	1
2010/03/22[1]	-0.38	0.08	0.39	-0.59	1.02	-0.0	0.47	-0.39	0.86	-1	0	0
2014/07/01[2]	0.18	0.01	0.3	-0.54	1.0	-0.62	0.1	-0.9	1.0	-1	0	0
2016/11/23[3]	-0.06	-0.12	0.51	-0.24	1.09	-0.11	0.51	-0.31	0.81	None	None	None
------------------------------------------------------------------------
昨日市场情绪指数:	40.00
------------------------------------------------------------------------
市场风险指数:	7.20
------------------------------------------------------------------------
周期(日)	幅度	低点	高点	点位	涨幅	信号
5日	0.25	10163.24	10454.16	10235.97	-1.92%
5日	0.33	10163.24	10454.16	10259.24	-1.69%
5日	0.5	10163.24	10454.16	10308.70	-1.20%	!0.5
5日	0.618	10163.24	10454.16	10343.03	-0.87%	支撑位！
5日	0.825	10163.24	10454.16	10403.25	-0.28%	支撑位！
10日	0.25	10116.45	10454.16	10200.88	-2.27%
10日	0.33	10116.45	10454.16	10227.89	-2.00%
10日	0.5	10116.45	10454.16	10285.31	-1.43%	!0.5
10日	0.618	10116.45	10454.16	10325.15	-1.04%
10日	0.825	10116.45	10454.16	10395.06	-0.36%	支撑位！
20日	0.25	9746.3	10454.16	9923.26	-5.13%
20日	0.33	9746.3	10454.16	9979.89	-4.54%
20日	0.5	9746.3	10454.16	10100.23	-3.29%	!0.5
20日	0.618	9746.3	10454.16	10183.76	-2.44%
20日	0.825	9746.3	10454.16	10330.28	-0.99%	支撑位！
30日	0.25	9482.84	10454.16	9725.67	-7.27%	!30日
30日	0.33	9482.84	10454.16	9803.38	-6.42%	!30日
30日	0.5	9482.84	10454.16	9968.50	-4.66%	!30日	!0.5
30日	0.618	9482.84	10454.16	10083.12	-3.47%	!30日
30日	0.825	9482.84	10454.16	10284.18	-1.44%	!30日
60日	0.25	9482.84	11124.81	9893.33	-5.45%
60日	0.33	9482.84	11124.81	10024.69	-4.07%
60日	0.5	9482.84	11124.81	10303.83	-1.25%	!0.5
60日	0.618	9482.84	11124.81	10497.58	0.62%	注意压力位！
60日	0.825	9482.84	11124.81	10837.47	3.74%
90日	0.25	9482.84	11124.81	9893.33	-5.45%
90日	0.33	9482.84	11124.81	10024.69	-4.07%
90日	0.5	9482.84	11124.81	10303.83	-1.25%	!0.5
90日	0.618	9482.84	11124.81	10497.58	0.62%	注意压力位！
90日	0.825	9482.84	11124.81	10837.47	3.74%
120日	0.25	9482.84	11124.81	9893.33	-5.45%
120日	0.33	9482.84	11124.81	10024.69	-4.07%
120日	0.5	9482.84	11124.81	10303.83	-1.25%	!0.5
120日	0.618	9482.84	11124.81	10497.58	0.62%	注意压力位！
120日	0.825	9482.84	11124.81	10837.47	3.74%
150日	0.25	9482.84	11124.81	9893.33	-5.45%
150日	0.33	9482.84	11124.81	10024.69	-4.07%
150日	0.5	9482.84	11124.81	10303.83	-1.25%	!0.5
150日	0.618	9482.84	11124.81	10497.58	0.62%	注意压力位！
150日	0.825	9482.84	11124.81	10837.47	3.74%
180日	0.25	9482.84	11124.81	9893.33	-5.45%
180日	0.33	9482.84	11124.81	10024.69	-4.07%
180日	0.5	9482.84	11124.81	10303.83	-1.25%	!0.5
180日	0.618	9482.84	11124.81	10497.58	0.62%	注意压力位！
180日	0.825	9482.84	11124.81	10837.47	3.74%
