------------------------------------------------------------------------
999999
------------------------------------------------------------------------
--------正在查找历史K线日期：！！！！日期选完，请注意看K线趋势，同时注意成交量的表现：
------------------------------------------------------------------------
--------最近交易日的相关数据：
日期[星期]    	价格	涨幅	最大涨幅	最小涨幅	量比	波动幅度	60日涨幅%	30涨幅%	10涨幅%
2017/03/03[5]	3218.31	-0.36	-0.27	-0.73	0.87	0.45	1.54%	1.06%	-0.7%
2017/03/06[1]	3233.87	0.48	0.51	-0.1	0.99	0.61	2.06%	1.44%	-0.27%
2017/03/07[2]	3242.41	0.26	0.27	-0.22	1.05	0.49	2.34%	1.57%	0.02%
------------------------------------------------------------------------
模式识别结果统计:
统计总数	<=0(占比%)	>=1	<-1
37   	20(54.05%)	6	8
收盘涨幅:-1.91	-1.39	-1.33	-1.23	-1.19	-1.16	-1.04	-1.04	-0.74	-0.72	-0.62	-0.6	-0.53	-0.43	-0.38	-0.35	-0.2	-0.16	-0.15	-0.05	0.04	0.05	0.18	0.19	0.41	0.41	0.45	0.49	0.65	0.75	0.79	1.18	1.24	1.37	1.45	1.57	1.72
收盘涨幅中位数:-0.15
------------------------------------------------------------------------
日期[星期]	次日涨幅	次日开盘	次日最高	次日最低	量能	当日涨幅	当日最高	当日最低	当日波动幅度	60日周期	20日周期	10日周期
1991/02/07[4]	0.45	0.44	0.46	0.0	0.32	0.5	0.5	0.0	0.5	None	-1	-1
1991/04/02[2]	0.41	0.41	0.41	0.0	0.07	0.4	0.46	0.0	0.46	None	1	-1
1992/01/22[3]	0.19	0.19	0.19	0.0	0.58	0.03	0.03	0.0	0.03	0	-1	-1
1992/03/17[2]	0.05	0.12	0.22	0.0	0.34	0.12	0.21	-0.01	0.21	0	-1	-1
1992/03/23[1]	-0.05	-0.1	0.16	-0.22	3.26	0.24	0.28	-0.14	0.42	0	-1	-1
1992/03/27[5]	0.18	0.2	0.21	-0.0	0.19	0.43	0.44	0.0	0.44	0	-1	-1
1992/04/03[5]	0.04	0.17	0.2	0.0	1.02	0.06	0.12	0.0	0.12	0	-1	-1
1998/05/18[1]	-0.43	0.18	0.34	-0.92	0.81	0.01	0.61	-0.56	1.16	-1	-1	0
1998/07/31[5]	-1.16	-0.14	-0.11	-1.19	0.49	0.12	0.31	-0.22	0.53	1	0	-1
1999/11/15[1]	-1.39	0.81	1.24	-1.57	2.28	0.08	0.26	-0.94	1.2	0	-1	1
2000/11/07[2]	0.79	0.1	0.8	0.06	0.79	0.3	0.3	-0.06	0.35	-1	-1	0
2001/03/07[3]	0.49	-0.03	0.56	-0.07	0.67	0.06	0.34	-0.2	0.54	-1	-1	0
2001/05/21[1]	-0.15	0.1	0.22	-0.38	1.05	0.46	0.47	-0.03	0.5	-1	0	0
2001/07/19[4]	1.37	0.14	1.37	0.13	1.64	0.17	0.17	-0.53	0.7	1	0	-1
2001/11/15[4]	1.57	6.42	6.99	1.44	0.93	0.26	0.48	-0.26	0.74	-1	-1	-1
2002/07/30[2]	-1.04	-0.08	0.15	-1.2	1.21	0.2	0.39	-0.53	0.92	1	1	0
2002/09/03[2]	-0.6	0.02	0.11	-0.69	1.35	0.32	0.69	0.05	0.64	1	0	0
2002/09/13[5]	-1.33	-0.1	-0.1	-1.66	0.7	0.07	0.09	-0.19	0.29	1	0	0
2003/07/16[3]	0.65	0.03	0.7	-0.01	1.08	0.27	0.29	-0.33	0.62	1	0	-1
2003/07/30[3]	-0.2	0.02	0.2	-0.37	1.21	0.16	0.39	-0.57	0.96	1	0	0
2003/09/11[4]	-1.04	0.17	0.2	-1.12	0.86	0.05	0.45	-0.1	0.54	1	0	0
2004/10/19[2]	-0.53	0.01	0.01	-1.92	1.29	0.17	1.98	-0.07	2.05	1	1	1
2004/12/06[1]	-1.19	0.01	0.09	-1.26	0.79	0.18	0.42	-0.73	1.16	1	1	0
2005/12/19[1]	0.41	0.0	0.41	-0.42	1.03	0.38	0.62	-0.36	0.98	-1	0	0
2011/04/18[1]	-1.91	-0.61	-0.61	-2.0	1.06	0.22	0.55	-0.44	0.99	-1	-1	0
2012/02/20[1]	0.75	0.08	0.78	-0.78	1.24	0.27	1.31	0.2	1.1	-1	-1	0
2012/10/17[3]	1.24	0.14	1.52	0.09	1.04	0.32	0.68	-0.51	1.2	-1	-1	-1
2012/10/31[3]	1.72	0.06	1.96	0.05	0.98	0.32	0.39	-0.43	0.82	-1	0	0
2013/09/02[1]	1.18	0.1	1.21	-0.14	0.88	0.0	0.49	-0.95	1.44	-1	-1	-1
2014/07/08[2]	-1.23	-0.12	-0.08	-1.28	0.98	0.2	0.22	-0.62	0.84	-1	0	0
2016/06/03[5]	-0.16	0.08	0.25	-0.56	1.08	0.46	0.69	-0.34	1.04	-1	0	0
2016/06/20[1]	-0.35	0.33	1.06	-0.68	0.8	0.13	0.23	-0.73	0.96	-1	1	0
2016/08/31[3]	-0.72	-0.05	0.1	-0.73	1.01	0.35	0.42	-0.37	0.79	1	1	0
2016/09/30[5]	1.45	0.52	1.45	0.33	0.9	0.21	0.36	-0.18	0.54	-1	0	0
2016/10/14[5]	-0.74	0.03	0.16	-0.98	1.0	0.08	0.11	-0.59	0.71	-1	0	0
2016/11/08[2]	-0.62	-0.06	-0.03	-1.62	1.06	0.46	0.75	0.05	0.7	None	None	None
2017/01/18[3]	-0.38	-0.26	0.09	-0.61	0.97	0.14	0.48	-0.33	0.81	None	None	None
------------------------------------------------------------------------
增加成交量匹配条件：
------------------------------------------------------------------------
模式识别结果统计:
统计总数	<=0(占比%)	>=1	<-1
 9   	 6(66.67%)	1	1
收盘涨幅:-1.39	-0.72	-0.62	-0.53	-0.2	-0.16	0.04	0.75	1.37
收盘涨幅中位数:-0.20
------------------------------------------------------------------------
日期[星期]	次日涨幅	次日开盘	次日最高	次日最低	量能	当日涨幅	当日最高	当日最低	当日波动幅度	60日周期	20日周期	10日周期
1992/04/03[5]	0.04	0.17	0.2	0.0	1.02	0.06	0.12	0.0	0.12	0	-1	-1
1999/11/15[1]	-1.39	0.81	1.24	-1.57	2.28	0.08	0.26	-0.94	1.2	0	-1	1
2001/07/19[4]	1.37	0.14	1.37	0.13	1.64	0.17	0.17	-0.53	0.7	1	0	-1
2003/07/30[3]	-0.2	0.02	0.2	-0.37	1.21	0.16	0.39	-0.57	0.96	1	0	0
2004/10/19[2]	-0.53	0.01	0.01	-1.92	1.29	0.17	1.98	-0.07	2.05	1	1	1
2012/02/20[1]	0.75	0.08	0.78	-0.78	1.24	0.27	1.31	0.2	1.1	-1	-1	0
2016/06/03[5]	-0.16	0.08	0.25	-0.56	1.08	0.46	0.69	-0.34	1.04	-1	0	0
2016/08/31[3]	-0.72	-0.05	0.1	-0.73	1.01	0.35	0.42	-0.37	0.79	1	1	0
2016/11/08[2]	-0.62	-0.06	-0.03	-1.62	1.06	0.46	0.75	0.05	0.7	None	None	None
------------------------------------------------------------------------
昨日市场情绪指数:	44.44
------------------------------------------------------------------------
市场风险指数:	3.40
------------------------------------------------------------------------
周期(日)	幅度	低点	高点	点位	涨幅	信号
5日	0.25	3206.61	3259.98	3219.95	-0.70%	支撑位！
5日	0.33	3206.61	3259.98	3224.22	-0.56%	支撑位！
5日	0.5	3206.61	3259.98	3233.30	-0.28%	支撑位！	!0.5
5日	0.618	3206.61	3259.98	3239.59	-0.09%	支撑位！
5日	0.825	3206.61	3259.98	3250.64	0.25%	注意压力位！
10日	0.25	3206.61	3264.08	3220.98	-0.67%	支撑位！
10日	0.33	3206.61	3264.08	3225.58	-0.52%	支撑位！
10日	0.5	3206.61	3264.08	3235.35	-0.22%	支撑位！	!0.5
10日	0.618	3206.61	3264.08	3242.13	-0.01%	支撑位！
10日	0.825	3206.61	3264.08	3254.02	0.36%	注意压力位！
20日	0.25	3132.03	3264.08	3165.04	-2.44%
20日	0.33	3132.03	3264.08	3175.61	-2.10%
20日	0.5	3132.03	3264.08	3198.06	-1.39%	!0.5
20日	0.618	3132.03	3264.08	3213.64	-0.90%	支撑位！
20日	0.825	3132.03	3264.08	3240.97	-0.04%	支撑位！
30日	0.25	3072.34	3264.08	3120.28	-3.91%	!30日
30日	0.33	3072.34	3264.08	3135.61	-3.41%	!30日
30日	0.5	3072.34	3264.08	3168.21	-2.34%	!30日	!0.5
30日	0.618	3072.34	3264.08	3190.84	-1.62%	!30日
30日	0.825	3072.34	3264.08	3230.53	-0.37%	支撑位！	!30日
60日	0.25	3044.29	3264.08	3099.24	-4.62%
60日	0.33	3044.29	3264.08	3116.82	-4.03%
60日	0.5	3044.29	3264.08	3154.18	-2.80%	!0.5
60日	0.618	3044.29	3264.08	3180.12	-1.96%
60日	0.825	3044.29	3264.08	3225.62	-0.52%	支撑位！
90日	0.25	3044.29	3301.21	3108.52	-4.31%
90日	0.33	3044.29	3301.21	3129.07	-3.62%
90日	0.5	3044.29	3301.21	3172.75	-2.20%	!0.5
90日	0.618	3044.29	3301.21	3203.07	-1.23%
90日	0.825	3044.29	3301.21	3256.25	0.42%	注意压力位！
120日	0.25	2969.13	3301.21	3052.15	-6.23%
120日	0.33	2969.13	3301.21	3078.72	-5.32%
120日	0.5	2969.13	3301.21	3135.17	-3.42%	!0.5
120日	0.618	2969.13	3301.21	3174.36	-2.14%
120日	0.825	2969.13	3301.21	3243.10	0.02%	注意压力位！
150日	0.25	2931.96	3301.21	3024.27	-7.21%
150日	0.33	2931.96	3301.21	3053.81	-6.18%
150日	0.5	2931.96	3301.21	3116.59	-4.04%	!0.5
150日	0.618	2931.96	3301.21	3160.16	-2.60%
150日	0.825	2931.96	3301.21	3236.59	-0.18%	支撑位！
180日	0.25	2807.6	3301.21	2931.00	-10.62%
180日	0.33	2807.6	3301.21	2970.49	-9.15%
180日	0.5	2807.6	3301.21	3054.40	-6.16%	!0.5
180日	0.618	2807.6	3301.21	3112.65	-4.17%
180日	0.825	2807.6	3301.21	3214.83	-0.86%	支撑位！
------------------------------------------------------------------------
399001
------------------------------------------------------------------------
--------正在查找历史K线日期：！！！！日期选完，请注意看K线趋势，同时注意成交量的表现：
------------------------------------------------------------------------
--------最近交易日的相关数据：
日期[星期]    	价格	涨幅	最大涨幅	最小涨幅	量比	波动幅度	60日涨幅%	30涨幅%	10涨幅%
2017/03/03[5]	10397.05	0.29	0.36	-0.57	0.93	0.93	1.19%	2.48%	0.18%
2017/03/06[1]	10522.28	1.2	1.2	0.09	1.08	1.12	2.53%	3.58%	1.19%
2017/03/07[2]	10552.14	0.28	0.28	-0.25	1.0	0.54	2.88%	3.6%	1.29%
------------------------------------------------------------------------
模式识别结果统计:
统计总数	<=0(占比%)	>=1	<-1
62   	30(48.39%)	12	12
收盘涨幅:-5.54	-4.14	-1.93	-1.85	-1.65	-1.53	-1.48	-1.32	-1.26	-1.21	-1.14	-1.0	-0.83	-0.58	-0.5	-0.49	-0.49	-0.49	-0.4	-0.35	-0.34	-0.32	-0.23	-0.2	-0.16	-0.13	-0.12	-0.11	-0.08	-0.07	0.01	0.06	0.13	0.15	0.19	0.26	0.28	0.3	0.32	0.34	0.42	0.52	0.65	0.66	0.69	0.73	0.8	0.88	0.92	0.97	1.1	1.59	1.74	1.87	2.07	2.1	2.15	2.76	3.04	3.31	3.78	3.79
收盘涨幅中位数:0.03
------------------------------------------------------------------------
日期[星期]	次日涨幅	次日开盘	次日最高	次日最低	量能	当日涨幅	当日最高	当日最低	当日波动幅度	60日周期	20日周期	10日周期
1991/09/12[4]	-0.13	-0.33	0.12	-1.35	0.88	0.36	0.62	-0.74	1.36	0	0	1
1992/03/17[2]	0.15	-0.08	0.52	-0.43	0.81	0.05	0.77	-0.32	1.09	0	-1	-1
1992/07/24[5]	3.31	0.39	3.66	0.2	1.16	0.9	1.39	-0.2	1.59	1	-1	-1
1993/11/19[5]	-0.11	1.2	3.34	-0.64	0.73	0.58	2.17	-0.85	3.02	-1	-1	-1
1995/09/14[4]	0.42	-0.07	1.06	-0.3	0.81	0.79	1.73	-0.08	1.81	1	1	1
1997/01/28[2]	0.73	-0.22	1.19	-0.76	0.81	0.58	1.01	-0.98	1.99	-1	-1	1
1997/04/16[3]	1.59	0.09	1.99	0.08	1.12	0.32	0.89	-0.15	1.04	-1	0	-1
1997/04/18[5]	3.79	0.64	4.47	0.64	0.99	0.17	1.05	-0.92	1.96	-1	0	-1
1997/04/24[4]	-0.07	-0.15	1.05	-0.78	1.03	0.65	0.74	-1.34	2.08	-1	0	-1
1997/07/18[5]	-1.26	1.04	1.37	-2.14	1.05	0.7	0.94	-0.36	1.3	-1	-1	-1
1997/10/27[1]	-4.14	-0.03	-0.03	-5.3	1.12	0.55	2.17	-0.16	2.33	-1	-1	1
1998/07/27[1]	-0.49	-0.19	-0.04	-0.98	0.75	0.08	0.65	-0.7	1.35	1	0	-1
1998/09/07[1]	-0.49	0.24	1.41	-0.57	1.16	0.86	0.88	-0.6	1.48	-1	-1	-1
1999/03/08[1]	-0.32	0.11	0.7	-0.38	1.04	0.68	0.69	-0.61	1.31	-1	0	-1
1999/12/30[4]	3.78	0.13	4.23	-0.28	0.8	0.81	1.16	0.33	0.83	-1	-1	-1
2000/01/21[5]	0.88	0.19	0.93	-1.51	1.42	0.91	2.06	-0.67	2.73	-1	1	-1
2000/04/07[5]	-0.23	-0.0	0.73	-0.75	1.2	0.65	0.92	-0.32	1.24	-1	-1	1
2000/05/19[5]	2.1	0.34	3.15	0.12	1.21	0.9	0.97	-0.48	1.45	1	-1	-1
2000/06/02[5]	-0.16	0.33	1.12	-0.65	1.25	0.71	0.71	-0.65	1.36	1	-1	-1
2001/01/02[2]	0.52	0.19	0.58	-0.29	1.47	0.95	0.99	-0.39	1.38	-1	0	0
2001/01/11[4]	-0.5	0.18	0.18	-0.73	1.03	0.63	1.3	0.07	1.23	1	1	0
2001/03/20[2]	1.1	0.18	1.35	-0.39	0.91	0.76	0.77	0.11	0.66	-1	-1	0
2001/06/25[1]	-0.08	0.15	0.18	-0.43	1.11	0.72	0.72	0.07	0.65	1	0	0
2001/08/21[2]	-1.32	-0.19	-0.18	-2.37	0.99	0.4	1.08	0.2	0.89	1	-1	1
2001/12/04[2]	-1.85	-0.14	0.86	-1.85	0.9	0.77	0.8	-0.42	1.21	-1	-1	1
2002/03/20[3]	0.01	0.26	0.77	-0.47	1.28	0.66	1.24	-0.46	1.7	-1	-1	1
2002/04/10[3]	-1.65	0.13	0.15	-1.71	0.85	0.22	0.31	-0.52	0.83	1	-1	-1
2002/07/18[4]	0.19	0.1	0.38	-0.45	1.35	0.63	0.82	-0.42	1.23	1	1	0
2002/12/17[2]	-0.35	-0.0	0.88	-0.48	1.01	0.67	0.82	-0.12	0.94	1	-1	-1
2003/02/26[3]	0.26	0.03	0.57	0.0	0.58	0.03	0.14	-0.39	0.53	-1	0	0
2003/04/01[2]	0.28	-0.06	0.61	-0.25	1.23	0.55	0.89	-0.3	1.18	1	-1	0
2003/07/03[4]	0.13	0.03	0.75	-0.31	0.83	0.37	0.72	-0.2	0.92	1	0	-1
2004/04/01[4]	0.97	0.24	1.18	-0.1	1.05	0.8	0.94	-0.22	1.16	-1	-1	0
2004/11/16[2]	-1.14	-0.06	-0.06	-1.34	0.99	0.2	0.39	-0.38	0.77	1	-1	0
2005/07/21[4]	2.15	0.35	3.06	-0.05	0.98	0.29	0.33	-0.8	1.13	-1	-1	0
2005/09/30[5]	-1.53	-0.03	-0.03	-1.61	0.84	0.64	0.64	-0.02	0.66	1	0	-1
2005/12/12[1]	0.8	-0.02	0.8	-0.4	0.94	0.47	0.69	-0.2	0.89	-1	0	0
2006/02/22[3]	-0.12	-0.1	0.09	-1.17	0.99	0.1	0.74	-0.34	1.08	-1	1	0
2006/04/19[3]	0.32	0.07	0.65	-0.52	1.02	0.83	1.02	-0.49	1.51	-1	-1	1
2006/07/24[1]	0.92	-0.02	1.28	-0.02	0.96	0.1	0.27	-1.97	2.24	1	1	-1
2006/09/29[5]	1.87	0.91	2.63	0.72	1.23	0.9	1.31	0.08	1.23	-1	-1	0
2006/11/01[3]	0.3	0.06	0.3	-0.91	1.12	0.46	0.5	-0.48	0.99	-1	1	0
2007/03/22[4]	0.65	-0.1	0.71	-1.8	1.16	0.41	1.6	0.01	1.59	-1	-1	0
2008/12/19[5]	-1.93	-0.13	0.36	-3.15	1.12	0.36	1.28	-0.69	1.98	1	1	-1
2009/03/20[5]	2.76	0.2	3.47	-0.28	1.08	0.29	1.1	-1.68	2.78	1	-1	-1
2009/07/28[2]	-5.54	-0.42	-0.19	-8.07	1.16	0.68	1.0	-0.79	1.79	1	1	1
2009/12/31[4]	-1.21	0.48	0.6	-1.21	0.87	0.41	0.41	-0.99	1.4	1	0	-1
2010/02/11[4]	0.66	0.29	0.85	0.14	0.97	0.32	0.92	-0.27	1.19	-1	-1	-1
2010/09/07[2]	0.34	-0.44	0.4	-0.88	0.82	0.23	0.68	-0.55	1.23	-1	1	0
2012/02/23[4]	2.07	0.03	2.14	-0.12	0.92	0.57	0.98	-0.23	1.2	-1	-1	0
2012/05/07[1]	-0.83	-0.07	-0.07	-1.88	0.99	0.37	0.4	-0.6	1.01	1	1	1
2012/08/07[2]	-0.2	0.03	0.81	-0.41	1.04	0.19	0.34	-0.4	0.73	1	-1	-1
2013/05/22[3]	-1.48	-0.45	0.43	-1.73	0.97	0.02	0.62	-0.59	1.21	1	0	0
2014/04/02[3]	-0.49	0.29	0.86	-0.72	1.23	0.72	1.06	0.04	1.02	-1	-1	0
2014/04/09[3]	0.69	0.3	1.28	-0.59	1.0	0.03	0.63	-0.39	1.02	-1	-1	0
2014/07/15[2]	-0.58	-0.21	0.28	-0.72	1.1	0.35	0.49	-0.12	0.61	-1	0	0
2014/07/23[3]	1.74	0.13	1.83	0.13	1.1	0.04	0.55	-0.42	0.97	-1	0	0
2014/07/25[5]	3.04	0.69	3.28	0.69	0.87	1.0	1.0	0.0	0.99	-1	0	0
2014/11/03[1]	-0.4	-0.1	-0.05	-0.74	0.99	0.18	0.72	-0.28	1.0	1	0	0
2015/03/24[2]	-0.34	-0.2	0.32	-1.13	1.21	0.16	0.48	-2.23	2.7	1	-1	0
2015/12/22[2]	-1.0	0.03	0.36	-1.25	0.97	0.85	0.85	-0.37	1.22	-1	-1	0
2016/10/11[2]	0.06	-0.29	0.09	-0.45	1.05	0.38	0.38	-0.13	0.51	-1	0	0
------------------------------------------------------------------------
增加成交量匹配条件：
------------------------------------------------------------------------
模式识别结果统计:
统计总数	<=0(占比%)	>=1	<-1
16   	 6(37.50%)	3	1
收盘涨幅:-4.14	-0.5	-0.49	-0.34	-0.32	-0.23	0.01	0.06	0.19	0.52	0.65	0.69	0.97	1.74	1.87	3.31
收盘涨幅中位数:0.12
------------------------------------------------------------------------
日期[星期]	次日涨幅	次日开盘	次日最高	次日最低	量能	当日涨幅	当日最高	当日最低	当日波动幅度	60日周期	20日周期	10日周期
1992/07/24[5]	3.31	0.39	3.66	0.2	1.16	0.9	1.39	-0.2	1.59	1	-1	-1
1997/10/27[1]	-4.14	-0.03	-0.03	-5.3	1.12	0.55	2.17	-0.16	2.33	-1	-1	1
1998/09/07[1]	-0.49	0.24	1.41	-0.57	1.16	0.86	0.88	-0.6	1.48	-1	-1	-1
1999/03/08[1]	-0.32	0.11	0.7	-0.38	1.04	0.68	0.69	-0.61	1.31	-1	0	-1
2000/04/07[5]	-0.23	-0.0	0.73	-0.75	1.2	0.65	0.92	-0.32	1.24	-1	-1	1
2001/01/02[2]	0.52	0.19	0.58	-0.29	1.47	0.95	0.99	-0.39	1.38	-1	0	0
2001/01/11[4]	-0.5	0.18	0.18	-0.73	1.03	0.63	1.3	0.07	1.23	1	1	0
2002/03/20[3]	0.01	0.26	0.77	-0.47	1.28	0.66	1.24	-0.46	1.7	-1	-1	1
2002/07/18[4]	0.19	0.1	0.38	-0.45	1.35	0.63	0.82	-0.42	1.23	1	1	0
2004/04/01[4]	0.97	0.24	1.18	-0.1	1.05	0.8	0.94	-0.22	1.16	-1	-1	0
2006/09/29[5]	1.87	0.91	2.63	0.72	1.23	0.9	1.31	0.08	1.23	-1	-1	0
2007/03/22[4]	0.65	-0.1	0.71	-1.8	1.16	0.41	1.6	0.01	1.59	-1	-1	0
2014/04/09[3]	0.69	0.3	1.28	-0.59	1.0	0.03	0.63	-0.39	1.02	-1	-1	0
2014/07/23[3]	1.74	0.13	1.83	0.13	1.1	0.04	0.55	-0.42	0.97	-1	0	0
2015/03/24[2]	-0.34	-0.2	0.32	-1.13	1.21	0.16	0.48	-2.23	2.7	1	-1	0
2016/10/11[2]	0.06	-0.29	0.09	-0.45	1.05	0.38	0.38	-0.13	0.51	-1	0	0
------------------------------------------------------------------------
昨日市场情绪指数:	42.38
------------------------------------------------------------------------
市场风险指数:	3.00
------------------------------------------------------------------------
周期(日)	幅度	低点	高点	点位	涨幅	信号
5日	0.25	10308.22	10552.14	10369.20	-1.76%
5日	0.33	10308.22	10552.14	10388.71	-1.57%
5日	0.5	10308.22	10552.14	10430.18	-1.17%	!0.5
5日	0.618	10308.22	10552.14	10458.96	-0.89%	支撑位！
5日	0.825	10308.22	10552.14	10509.45	-0.41%	支撑位！
10日	0.25	10308.22	10552.14	10369.20	-1.76%
10日	0.33	10308.22	10552.14	10388.71	-1.57%
10日	0.5	10308.22	10552.14	10430.18	-1.17%	!0.5
10日	0.618	10308.22	10552.14	10458.96	-0.89%	支撑位！
10日	0.825	10308.22	10552.14	10509.45	-0.41%	支撑位！
20日	0.25	10003.92	10552.14	10140.98	-4.05%
20日	0.33	10003.92	10552.14	10184.83	-3.61%
20日	0.5	10003.92	10552.14	10278.03	-2.67%	!0.5
20日	0.618	10003.92	10552.14	10342.72	-2.02%
20日	0.825	10003.92	10552.14	10456.20	-0.92%	支撑位！
30日	0.25	9611.19	10552.14	9846.43	-7.17%	!30日
30日	0.33	9611.19	10552.14	9921.70	-6.35%	!30日
30日	0.5	9611.19	10552.14	10081.67	-4.67%	!30日	!0.5
30日	0.618	9611.19	10552.14	10192.70	-3.53%	!30日
30日	0.825	9611.19	10552.14	10387.47	-1.59%	!30日
60日	0.25	9482.84	10894.08	9835.65	-7.28%
60日	0.33	9482.84	10894.08	9948.55	-6.07%
60日	0.5	9482.84	10894.08	10188.46	-3.57%	!0.5
60日	0.618	9482.84	10894.08	10354.99	-1.90%
60日	0.825	9482.84	10894.08	10647.11	0.89%	注意压力位！
90日	0.25	9482.84	11124.81	9893.33	-6.66%
90日	0.33	9482.84	11124.81	10024.69	-5.26%
90日	0.5	9482.84	11124.81	10303.83	-2.41%	!0.5
90日	0.618	9482.84	11124.81	10497.58	-0.52%	支撑位！
90日	0.825	9482.84	11124.81	10837.47	2.63%
120日	0.25	9482.84	11124.81	9893.33	-6.66%
120日	0.33	9482.84	11124.81	10024.69	-5.26%
120日	0.5	9482.84	11124.81	10303.83	-2.41%	!0.5
120日	0.618	9482.84	11124.81	10497.58	-0.52%	支撑位！
120日	0.825	9482.84	11124.81	10837.47	2.63%
150日	0.25	9482.84	11124.81	9893.33	-6.66%
150日	0.33	9482.84	11124.81	10024.69	-5.26%
150日	0.5	9482.84	11124.81	10303.83	-2.41%	!0.5
150日	0.618	9482.84	11124.81	10497.58	-0.52%	支撑位！
150日	0.825	9482.84	11124.81	10837.47	2.63%
180日	0.25	9482.84	11124.81	9893.33	-6.66%
180日	0.33	9482.84	11124.81	10024.69	-5.26%
180日	0.5	9482.84	11124.81	10303.83	-2.41%	!0.5
180日	0.618	9482.84	11124.81	10497.58	-0.52%	支撑位！
180日	0.825	9482.84	11124.81	10837.47	2.63%
