------------------------------------------------------------------------
999999
------------------------------------------------------------------------
--------正在查找历史K线日期：！！！！日期选完，请注意看K线趋势，同时注意成交量的表现：
------------------------------------------------------------------------
--------最近交易日的相关数据：
日期[星期]    	价格	涨幅	最大涨幅	最小涨幅	量比	波动幅度	60日涨幅%	30涨幅%	10涨幅%
2017/04/07[5]	3286.62	0.17	0.43	-0.18	0.96	0.61	2.59%	1.31%	1.1%
2017/04/10[1]	3269.39	-0.52	-0.04	-0.66	0.99	0.62	1.99%	0.75%	0.44%
2017/04/11[2]	3288.97	0.6	0.64	-0.76	1.21	1.41	2.54%	1.34%	0.98%
------------------------------------------------------------------------
模式识别结果统计:
统计总数	<=0(占比%)	>=1	<-1
29   	15(51.72%)	3	6
收盘涨幅:-4.06	-2.82	-2.48	-2.14	-1.21	-1.13	-0.9	-0.73	-0.51	-0.45	-0.37	-0.23	-0.22	-0.12	-0.1	0.13	0.2	0.24	0.29	0.33	0.35	0.57	0.7	0.75	0.83	0.92	1.31	1.95	2.07
收盘涨幅中位数:-0.10
------------------------------------------------------------------------
日期[星期]	次日涨幅	次日开盘	次日最高	次日最低	量能	当日涨幅	当日最高	当日最低	当日波动幅度	60日周期(%)	20日周期(%)	10日周期(%)
1993/06/18[5]	-2.82	-0.2	-0.2	-3.8	1.11	0.8	0.93	-0.88	1.81	52.4	-38.3	37.0
1993/09/17[5]	-0.73	-0.62	-0.36	-1.78	1.24	0.72	0.92	-0.72	1.65	34.0	-9.1	-8.6
1993/09/27[1]	1.95	0.58	1.95	0.33	0.67	0.59	0.97	0.07	0.9	34.0	-8.8	-5.5
1995/11/01[3]	-0.23	0.08	0.69	-0.59	1.11	0.85	1.42	-0.7	2.12	29.9	10.3	10.3
1996/05/10[5]	0.7	0.61	1.71	-0.02	0.78	0.69	0.69	-1.35	2.04	18.3	34.5	-12.8
1998/10/27[2]	0.75	0.14	0.77	0.04	0.76	0.71	0.84	-0.29	1.13	-26.7	-5.7	-5.7
1999/01/21[4]	0.33	0.12	0.84	-0.12	1.1	0.62	0.62	-0.53	1.15	24.7	-15.0	-4.1
2000/11/01[3]	0.35	0.22	0.78	0.18	0.94	0.82	0.82	-0.08	0.9	-11.4	-11.4	4.4
2001/03/14[3]	0.2	0.05	0.43	-0.05	0.77	1.0	1.0	-0.19	1.18	-11.2	-11.2	-4.4
2002/11/19[2]	-2.48	-0.2	-0.2	-2.62	1.07	0.75	0.93	-0.66	1.59	20.2	5.7	5.7
2003/03/19[3]	-0.37	-0.02	0.5	-0.62	1.08	0.69	1.09	-0.5	1.59	-25.0	3.7	-3.3
2003/06/04[3]	-1.13	0.08	0.1	-1.19	1.26	0.76	0.8	-1.0	1.8	14.0	7.4	7.4
2003/06/26[4]	-1.21	0.09	0.1	-1.38	1.38	0.89	1.01	-1.07	2.07	14.0	-3.4	2.9
2003/09/23[2]	0.29	0.09	0.49	-0.24	1.22	0.63	0.64	-0.62	1.27	14.0	3.5	3.5
2004/05/21[5]	-0.51	0.08	0.26	-0.7	0.96	0.6	0.7	-0.22	0.92	36.4	9.5	-14.4
2005/06/24[5]	2.07	0.6	2.55	0.6	0.88	0.75	0.78	-0.55	1.33	-24.9	14.8	-7.2
2012/04/10[2]	0.13	-0.83	0.57	-1.12	1.13	0.88	0.9	-1.18	2.08	-9.5	-9.4	-9.4
2012/09/14[5]	-2.14	-0.15	-0.11	-2.18	1.15	0.64	1.22	0.04	1.19	9.4	5.7	5.7
2013/02/08[5]	-0.45	0.39	0.51	-0.7	0.91	0.57	1.01	-0.17	1.18	-2.5	-5.0	4.4
2013/05/10[5]	-0.22	0.04	0.18	-0.69	0.92	0.62	0.66	-0.32	0.98	25.4	-4.0	4.4
2013/12/03[2]	1.31	-0.12	1.72	-0.3	0.65	0.69	0.93	-0.64	1.57	22.7	-0.7	4.5
2014/02/14[5]	0.92	0.43	0.97	0.09	0.76	0.83	0.85	-0.16	1.01	-12.2	-12.2	-2.2
2014/08/15[5]	0.57	0.14	0.69	0.06	0.88	0.92	1.11	-0.15	1.25	-7.2	-3.7	-2.1
2014/08/29[5]	0.83	0.13	0.86	0.02	0.85	0.97	1.04	-0.12	1.16	-7.2	-3.7	3.1
2015/03/26[4]	0.24	0.11	0.77	-0.69	0.94	0.58	1.27	-1.25	2.52	49.4	-10.5	-4.1
2015/05/04[1]	-4.06	-0.01	0.19	-4.42	0.94	0.87	1.03	-1.22	2.25	49.4	50.0	43.0
2016/09/19[1]	-0.1	0.04	0.06	-0.34	0.89	0.77	0.79	0.08	0.71	12.9	-1.1	-3.6
2016/12/01[4]	-0.9	-0.1	0.2	-1.16	0.98	0.72	0.91	0.19	0.72	None	None	None
2017/02/06[1]	-0.12	-0.08	0.08	-0.54	1.38	0.54	0.59	-0.15	0.75	None	None	None
------------------------------------------------------------------------
增加成交量匹配条件：
------------------------------------------------------------------------
模式识别结果统计:
统计总数	<=0(占比%)	>=1	<-1
 5   	 2(40.00%)	0	2
收盘涨幅:-2.82	-1.13	0.13	0.29	0.33
收盘涨幅中位数:0.13
------------------------------------------------------------------------
日期[星期]	次日涨幅	次日开盘	次日最高	次日最低	量能	当日涨幅	当日最高	当日最低	当日波动幅度	60日周期(%)	20日周期(%)	10日周期(%)
1993/06/18[5]	-2.82	-0.2	-0.2	-3.8	1.11	0.8	0.93	-0.88	1.81	52.4	-38.3	37.0
1999/01/21[4]	0.33	0.12	0.84	-0.12	1.1	0.62	0.62	-0.53	1.15	24.7	-15.0	-4.1
2003/06/04[3]	-1.13	0.08	0.1	-1.19	1.26	0.76	0.8	-1.0	1.8	14.0	7.4	7.4
2003/09/23[2]	0.29	0.09	0.49	-0.24	1.22	0.63	0.64	-0.62	1.27	14.0	3.5	3.5
2012/04/10[2]	0.13	-0.83	0.57	-1.12	1.13	0.88	0.9	-1.18	2.08	-9.5	-9.4	-9.4
------------------------------------------------------------------------
昨日市场情绪指数:	59.44
------------------------------------------------------------------------
市场风险指数:	2.60
------------------------------------------------------------------------
周期(日)	幅度	低点	高点	点位	涨幅	信号
5日	0.25	3205.54	3295.19	3227.95	-1.89%
5日	0.33	3205.54	3295.19	3235.12	-1.66%
5日	0.5	3205.54	3295.19	3250.36	-1.19%	!0.5
5日	0.618	3205.54	3295.19	3260.94	-0.86%	支撑位！
5日	0.825	3205.54	3295.19	3279.50	-0.29%	支撑位！
10日	0.25	3195.85	3295.19	3220.68	-2.12%
10日	0.33	3195.85	3295.19	3228.63	-1.87%
10日	0.5	3195.85	3295.19	3245.52	-1.34%	!0.5
10日	0.618	3195.85	3295.19	3257.24	-0.97%	支撑位！
10日	0.825	3195.85	3295.19	3277.81	-0.34%	支撑位！
20日	0.25	3193.16	3295.19	3218.67	-2.18%
20日	0.33	3193.16	3295.19	3226.83	-1.93%
20日	0.5	3193.16	3295.19	3244.18	-1.38%	!0.5
20日	0.618	3193.16	3295.19	3256.21	-1.01%
20日	0.825	3193.16	3295.19	3277.33	-0.36%	支撑位！
30日	0.25	3193.16	3295.19	3218.67	-2.18%	!30日
30日	0.33	3193.16	3295.19	3226.83	-1.93%	!30日
30日	0.5	3193.16	3295.19	3244.18	-1.38%	!30日	!0.5
30日	0.618	3193.16	3295.19	3256.21	-1.01%	!30日
30日	0.825	3193.16	3295.19	3277.33	-0.36%	支撑位！	!30日
60日	0.25	3044.29	3295.19	3107.01	-5.86%
60日	0.33	3044.29	3295.19	3127.09	-5.18%
60日	0.5	3044.29	3295.19	3169.74	-3.76%	!0.5
60日	0.618	3044.29	3295.19	3199.35	-2.80%
60日	0.825	3044.29	3295.19	3251.28	-1.16%
90日	0.25	3044.29	3301.21	3108.52	-5.81%
90日	0.33	3044.29	3301.21	3129.07	-5.11%
90日	0.5	3044.29	3301.21	3172.75	-3.66%	!0.5
90日	0.618	3044.29	3301.21	3203.07	-2.68%
90日	0.825	3044.29	3301.21	3256.25	-1.00%
120日	0.25	3033.75	3301.21	3100.61	-6.07%
120日	0.33	3033.75	3301.21	3122.01	-5.35%
120日	0.5	3033.75	3301.21	3167.48	-3.84%	!0.5
120日	0.618	3033.75	3301.21	3199.04	-2.81%
120日	0.825	3033.75	3301.21	3254.40	-1.06%
150日	0.25	2969.13	3301.21	3052.15	-7.76%
150日	0.33	2969.13	3301.21	3078.72	-6.83%
150日	0.5	2969.13	3301.21	3135.17	-4.91%	!0.5
150日	0.618	2969.13	3301.21	3174.36	-3.61%
150日	0.825	2969.13	3301.21	3243.10	-1.41%
180日	0.25	2931.96	3301.21	3024.27	-8.75%
180日	0.33	2931.96	3301.21	3053.81	-7.70%
180日	0.5	2931.96	3301.21	3116.59	-5.53%	!0.5
180日	0.618	2931.96	3301.21	3160.16	-4.08%
180日	0.825	2931.96	3301.21	3236.59	-1.62%
------------------------------------------------------------------------
399001
------------------------------------------------------------------------
--------正在查找历史K线日期：！！！！日期选完，请注意看K线趋势，同时注意成交量的表现：
------------------------------------------------------------------------
--------最近交易日的相关数据：
日期[星期]    	价格	涨幅	最大涨幅	最小涨幅	量比	波动幅度	60日涨幅%	30涨幅%	10涨幅%
2017/04/07[5]	10669.47	0.12	0.44	-0.2	1.07	0.64	3.48%	1.58%	1.12%
2017/04/10[1]	10603.27	-0.62	-0.05	-0.71	1.17	0.66	2.79%	0.88%	0.39%
2017/04/11[2]	10655.79	0.5	0.56	-1.19	1.12	1.75	3.26%	1.33%	0.86%
------------------------------------------------------------------------
模式识别结果统计:
统计总数	<=0(占比%)	>=1	<-1
148   	71(47.97%)	28	24
收盘涨幅:-4.64	-3.44	-3.13	-2.73	-2.54	-2.21	-2.1	-2.05	-1.94	-1.91	-1.9	-1.81	-1.66	-1.52	-1.44	-1.37	-1.34	-1.34	-1.11	-1.09	-1.08	-1.06	-1.05	-1.01	-0.99	-0.98	-0.96	-0.91	-0.86	-0.82	-0.79	-0.79	-0.76	-0.72	-0.71	-0.7	-0.69	-0.63	-0.62	-0.61	-0.59	-0.57	-0.55	-0.47	-0.47	-0.45	-0.41	-0.39	-0.38	-0.38	-0.34	-0.32	-0.3	-0.3	-0.29	-0.28	-0.27	-0.26	-0.25	-0.25	-0.23	-0.16	-0.16	-0.14	-0.12	-0.09	-0.08	-0.06	-0.01	-0.01	-0.01	0.01	0.02	0.04	0.06	0.09	0.11	0.14	0.14	0.2	0.22	0.22	0.22	0.23	0.26	0.27	0.28	0.29	0.3	0.32	0.33	0.34	0.36	0.38	0.38	0.43	0.46	0.46	0.47	0.52	0.53	0.6	0.61	0.62	0.64	0.64	0.67	0.74	0.74	0.76	0.76	0.77	0.78	0.78	0.78	0.79	0.84	0.89	0.99	0.99	1.0	1.03	1.11	1.13	1.19	1.2	1.2	1.2	1.25	1.38	1.41	1.56	1.59	1.6	1.71	1.78	1.86	1.87	1.91	1.94	2.34	2.57	2.8	2.86	2.96	3.16	3.46	3.78
收盘涨幅中位数:0.05
------------------------------------------------------------------------
日期[星期]	次日涨幅	次日开盘	次日最高	次日最低	量能	当日涨幅	当日最高	当日最低	当日波动幅度	60日周期(%)	20日周期(%)	10日周期(%)
1991/08/03[6]	-0.16	-0.07	0.12	-0.58	0.64	0.2	0.33	-0.47	0.8	5.0	-4.9	-4.9
1991/09/25[3]	0.32	-0.49	0.39	-0.72	1.63	0.51	1.23	-0.52	1.75	5.0	45.0	3.3
1991/12/18[3]	-0.41	0.03	0.1	-1.0	0.92	0.04	0.48	-1.07	1.55	5.0	-6.0	-6.0
1992/10/04[7]	-0.76	0.09	0.53	-1.07	0.48	0.48	1.26	0.08	1.18	1261.5	-5.1	33.2
1992/10/09[5]	0.04	0.53	2.16	-0.16	1.43	0.63	0.89	-0.76	1.66	1261.5	-5.1	-19.3
1993/04/15[4]	0.99	0.21	1.85	-0.6	1.03	0.08	0.79	-1.25	2.04	-41.4	-11.0	46.8
1993/04/28[3]	-1.66	0.01	0.45	-1.91	1.07	0.31	0.75	-0.5	1.25	-41.4	-11.0	-11.6
1993/12/08[3]	-0.26	0.35	0.84	-0.58	0.7	0.32	0.97	-0.67	1.64	-25.7	-17.1	30.6
1994/11/29[2]	-0.79	0.27	0.61	-1.31	1.34	1.0	1.19	-1.4	2.59	-48.1	-6.5	15.6
1995/02/22[3]	1.38	3.55	6.64	1.24	8.02	0.47	10.1	0.1	10.0	-4.1	-24.6	1.6
1995/06/20[2]	1.11	0.29	1.11	-0.46	1.27	0.0	0.91	-0.2	1.11	69.3	69.3	-5.6
1995/09/26[2]	-1.9	-0.5	-0.5	-1.9	0.92	0.07	0.35	-0.25	0.6	29.9	11.5	11.5
1995/11/03[5]	0.43	0.04	0.48	-0.51	0.98	0.96	0.99	0.01	0.97	29.9	10.3	-7.0
1995/11/17[5]	0.28	0.32	0.34	-0.61	0.72	0.39	0.71	-0.11	0.83	29.9	10.3	3.5
1995/12/07[4]	0.38	0.18	0.96	-0.01	1.73	0.0	0.2	-0.47	0.67	29.9	10.3	-15.2
1996/02/01[4]	-0.55	-0.02	-0.02	-1.37	0.59	0.36	0.44	-0.63	1.07	-35.3	-33.0	5.1
1996/03/20[3]	-0.09	-0.06	0.32	-0.16	0.84	0.05	0.23	-0.23	0.46	18.3	18.3	-8.3
1996/03/22[5]	0.23	-0.13	0.62	-0.29	0.93	0.61	0.64	-0.59	1.23	18.3	18.3	3.2
1997/04/03[4]	1.87	0.47	2.71	0.25	0.79	0.7	0.75	-1.33	2.09	-32.0	1.7	-6.6
1997/08/05[2]	-2.05	0.09	0.3	-2.14	0.78	0.28	1.32	0.19	1.13	-29.4	-7.4	-7.4
1997/09/08[1]	-1.34	-0.11	0.39	-1.35	1.25	0.13	0.31	-0.74	1.05	-29.4	7.4	7.4
1997/12/09[2]	0.78	0.12	1.34	0.12	1.02	0.9	0.92	0.11	0.81	-18.9	-8.2	-8.2
1997/12/31[3]	3.16	0.35	3.17	-0.47	1.0	0.28	0.38	-0.48	0.87	-18.9	-8.2	-3.1
1998/04/08[3]	-0.82	0.31	0.71	-1.25	1.32	0.75	0.88	-0.32	1.21	-6.9	-6.9	0.2
1998/04/15[3]	-0.79	-0.14	-0.05	-0.88	1.03	0.32	0.49	-0.24	0.73	-6.9	-6.9	12.8
1998/05/27[3]	-0.47	0.16	0.35	-0.6	1.03	0.49	0.55	-0.26	0.81	-6.9	-6.9	-2.1
1998/05/29[5]	0.46	0.29	0.58	-0.34	0.9	0.54	0.6	0.18	0.42	-6.9	-6.9	-2.1
1998/09/23[3]	-2.54	-0.22	0.1	-2.56	0.99	0.29	0.63	-0.41	1.03	-26.7	21.2	17.9
1998/09/30[3]	-0.47	0.03	0.08	-0.83	0.9	0.92	1.04	0.14	0.9	-26.7	-5.7	-5.7
1998/10/15[4]	0.79	0.52	1.04	0.12	1.16	0.57	0.7	-0.61	1.31	-26.7	-5.7	-3.1
1998/10/30[5]	-0.45	0.24	0.43	-1.01	0.95	0.73	1.78	-0.05	1.82	-26.7	-5.7	-5.7
1998/11/12[4]	-0.38	-0.0	0.27	-1.06	0.97	0.3	1.36	-0.03	1.39	-26.7	-5.7	-5.7
1998/11/24[2]	-1.81	0.13	0.74	-1.87	1.5	0.14	0.81	-0.08	0.89	24.7	9.1	9.1
1998/12/02[3]	-0.69	0.0	0.29	-0.94	1.04	0.64	0.68	-0.63	1.31	24.7	9.1	9.1
1999/01/21[4]	0.64	0.26	1.09	-0.01	1.14	0.48	0.54	-0.54	1.08	24.7	-15.0	-4.1
1999/01/29[5]	-0.3	-0.08	0.75	-0.62	0.66	0.28	0.96	-0.6	1.56	24.7	-15.0	3.7
1999/02/02[2]	-0.96	-0.02	0.19	-1.12	0.9	0.04	0.18	-1.01	1.19	24.7	-15.0	3.7
1999/07/28[3]	0.2	0.78	1.43	-0.4	1.0	0.63	1.6	-0.14	1.74	67.6	10.6	10.6
1999/08/31[2]	-2.21	0.1	0.14	-2.46	0.81	0.34	0.69	-0.92	1.61	67.6	7.0	7.0
2000/01/26[3]	2.86	1.2	3.14	0.43	0.77	0.32	0.75	-0.68	1.43	-20.9	15.4	-9.4
2000/03/30[4]	-1.06	-0.05	-0.05	-2.03	1.25	0.46	0.55	-0.45	1.0	-20.9	-9.5	-3.5
2000/06/28[3]	0.46	0.22	0.48	-0.49	0.88	0.17	0.78	-0.17	0.95	26.4	15.2	3.5
2000/07/20[4]	-0.08	0.15	0.4	-0.19	0.68	0.16	0.32	-0.83	1.15	26.4	15.2	6.2
2000/07/31[1]	0.22	0.13	0.66	0.05	1.27	0.85	0.86	-0.31	1.18	26.4	15.2	6.2
2000/08/03[4]	-0.01	0.21	0.84	-0.75	0.91	0.36	0.73	-0.03	0.75	26.4	15.2	6.2
2000/08/07[1]	0.78	0.11	0.93	0.11	0.73	0.71	0.74	-0.56	1.29	26.4	15.2	6.2
2000/08/21[1]	-1.52	0.04	0.38	-1.59	1.38	0.28	0.3	-0.42	0.72	26.4	15.2	6.2
2000/10/25[3]	-1.05	0.08	0.24	-1.17	1.69	0.9	1.14	-0.36	1.5	-11.4	-11.4	-2.6
2000/11/06[1]	-0.29	0.17	0.29	-0.54	0.9	0.39	0.48	-0.22	0.71	-11.4	-11.4	4.4
2000/11/08[3]	1.59	-0.06	1.62	-0.07	1.03	0.91	0.93	0.08	0.85	-11.4	-11.4	4.4
2000/11/16[4]	0.01	0.22	0.54	-0.44	1.04	0.78	0.81	0.0	0.81	-11.4	-11.4	4.4
2000/12/14[4]	-0.06	0.09	0.44	-0.5	1.58	0.39	0.74	0.09	0.66	-11.4	-4.4	3.2
2000/12/18[1]	-0.25	0.21	0.4	-0.43	0.79	0.32	0.36	-0.92	1.28	-11.4	-4.4	3.2
2000/12/20[3]	-0.01	0.3	0.76	-0.12	1.3	0.94	0.97	-0.23	1.2	-11.4	-0.4	-3.5
2000/12/28[4]	1.0	0.08	1.05	0.08	0.94	0.54	0.67	-0.17	0.83	-11.4	-0.4	3.1
2001/01/18[4]	1.13	0.22	1.16	0.22	1.51	0.67	1.08	0.05	1.03	13.8	5.3	4.1
2001/02/16[5]	1.2	0.04	1.24	-0.52	1.34	0.13	0.18	-1.5	1.68	13.8	5.3	-9.6
2001/05/10[4]	0.33	0.08	0.5	-0.19	0.9	0.25	0.77	-0.03	0.8	-11.2	-3.5	-3.5
2001/05/16[3]	-1.01	0.07	0.21	-1.08	0.77	0.25	0.45	-0.38	0.83	-11.2	-3.5	-3.5
2001/05/22[2]	-0.01	0.2	0.5	-0.97	0.47	0.1	0.52	0.0	0.52	-11.2	-3.5	-3.5
2001/06/21[4]	1.03	0.01	1.06	0.0	1.21	0.64	0.66	-0.21	0.88	18.6	-3.9	-3.9
2001/07/03[2]	0.14	0.14	0.55	-0.0	1.76	0.22	0.23	-0.4	0.63	18.6	-3.9	3.7
2001/11/30[5]	1.19	0.21	1.61	0.19	1.12	0.84	0.85	-0.1	0.95	-32.5	-11.1	11.9
2002/05/09[4]	-0.99	0.03	0.12	-1.04	1.15	0.65	1.21	-0.36	1.57	26.5	-0.4	4.4
2002/06/11[2]	-0.28	0.08	0.17	-1.13	0.9	0.36	0.72	-0.16	0.88	-14.1	-13.1	5.9
2002/07/02[2]	0.61	0.17	0.91	-0.21	0.79	0.77	0.8	-0.86	1.66	20.2	20.2	18.1
2002/08/01[4]	0.11	0.08	0.3	-0.17	1.04	0.32	0.63	-0.82	1.44	20.2	20.2	-1.6
2002/08/16[5]	0.14	-0.1	0.39	-0.4	1.68	0.35	0.78	-0.83	1.61	20.2	20.2	2.5
2002/09/12[4]	-0.14	0.03	0.07	-0.24	0.82	0.22	0.54	-0.47	1.01	20.2	4.4	4.4
2002/09/25[3]	-0.62	0.04	0.33	-0.75	1.28	0.28	0.74	-0.21	0.95	20.2	4.4	-6.6
2002/10/16[3]	-2.1	0.04	0.04	-2.19	1.43	0.76	1.44	0.02	1.42	20.2	4.4	-6.6
2002/11/01[5]	1.86	0.47	1.88	0.37	0.84	0.47	0.51	-0.53	1.03	20.2	-12.2	-4.2
2002/12/06[5]	-0.25	-0.1	0.43	-0.64	0.87	0.15	0.85	-0.44	1.28	20.2	-14.0	7.2
2003/03/14[5]	-0.16	-0.06	-0.06	-1.09	1.09	0.55	0.67	-0.26	0.92	-25.0	3.7	3.7
2003/03/21[5]	0.22	0.06	0.3	-0.21	0.97	0.99	1.02	-0.16	1.18	-25.0	3.7	-1.8
2003/10/21[2]	2.8	0.15	3.09	0.15	1.19	0.39	0.58	-0.46	1.03	14.0	4.7	4.7
2004/01/02[5]	3.46	-0.06	3.57	-0.06	0.6	0.63	1.42	-0.23	1.65	-20.7	-7.5	-2.2
2004/04/06[2]	0.3	0.09	0.71	-0.27	1.02	0.75	0.79	-0.8	1.59	-20.7	-5.9	-2.8
2004/07/06[2]	-0.98	-0.03	-0.03	-1.24	1.4	0.5	1.63	0.13	1.51	36.4	-12.9	-2.5
2004/07/08[4]	-0.71	0.16	0.81	-0.78	0.98	0.14	0.2	-0.62	0.82	36.4	6.6	6.6
2004/08/17[2]	0.22	0.13	1.12	0.07	0.82	0.3	0.66	-0.73	1.4	36.4	6.6	4.5
2004/11/09[2]	3.78	0.16	4.04	-0.42	1.06	0.44	0.96	-0.27	1.24	18.8	-13.8	5.2
2004/12/15[3]	-0.7	-0.13	0.04	-0.84	1.66	0.83	0.95	-0.51	1.47	18.8	7.6	-2.5
2005/01/07[5]	0.89	-0.09	0.92	-0.56	1.21	0.23	1.21	-0.32	1.53	18.8	7.6	-6.0
2005/01/13[4]	-0.61	-0.23	1.02	-0.72	1.15	0.33	0.57	-0.3	0.87	18.8	7.6	-6.0
2005/02/25[5]	-0.27	-0.05	0.3	-0.71	1.19	0.18	1.55	-0.07	1.62	-20.6	-14.4	-6.2
2005/05/19[4]	0.09	-0.02	1.18	-0.66	0.9	0.5	0.89	-1.32	2.21	11.9	7.9	-13.7
2005/06/24[5]	2.34	0.84	3.23	0.84	0.84	0.31	0.37	-0.86	1.23	-24.9	14.8	-7.2
2005/08/01[1]	1.71	0.12	1.75	-0.41	0.85	0.11	1.18	-0.61	1.79	-24.9	-11.1	4.6
2005/11/08[2]	0.36	0.0	0.59	-0.26	1.12	0.26	0.31	-0.62	0.93	-12.8	-12.8	-8.4
2005/12/20[2]	-0.57	-0.03	0.48	-0.63	1.04	0.4	0.43	-0.35	0.78	-12.8	-4.4	-4.4
2005/12/22[4]	0.78	-0.0	0.86	-0.01	0.91	0.6	0.63	-0.31	0.95	-12.8	-4.4	-4.4
2005/12/28[3]	1.6	0.03	1.62	0.02	0.9	0.01	0.18	-0.53	0.72	-12.8	-4.4	-4.4
2006/02/24[5]	-1.34	0.16	0.31	-1.55	0.98	0.95	1.06	-0.02	1.08	-12.8	17.0	-3.4
2006/03/31[5]	2.57	0.22	2.58	0.22	0.94	0.81	0.92	-0.62	1.54	-12.8	-5.4	-5.4
2006/07/12[3]	-4.64	-0.1	0.15	-5.06	1.21	0.63	1.58	0.01	1.56	64.6	16.2	16.2
2006/09/25[1]	-1.44	-0.28	0.03	-1.94	0.94	0.05	1.19	-0.65	1.84	-12.3	-12.3	4.7
2007/10/11[4]	-1.08	0.02	0.1	-5.87	0.98	0.42	0.85	-0.71	1.56	181.3	41.0	5.6
2009/03/31[2]	1.94	0.56	2.94	0.56	1.0	0.8	0.8	-2.26	3.06	32.4	-15.2	-6.9
2009/11/06[5]	0.38	0.07	0.59	-0.75	1.17	0.66	1.4	0.3	1.09	-24.1	7.8	-6.4
2009/11/12[4]	0.64	-0.3	0.64	-1.45	1.1	0.56	1.47	0.17	1.29	-24.1	7.8	-6.4
2009/12/04[5]	1.2	0.28	1.34	-0.09	1.22	0.91	1.39	-2.26	3.65	27.3	-8.3	-8.3
2010/06/04[5]	-1.91	-2.06	-1.02	-2.6	0.85	0.68	0.83	-0.62	1.45	10.1	-22.0	8.2
2010/07/16[5]	2.96	-0.81	3.55	-1.08	0.85	0.9	1.27	-1.22	2.49	-27.1	-10.7	7.8
2010/09/21[2]	1.78	0.47	2.03	0.19	0.77	0.54	1.01	0.02	0.98	-27.1	-4.9	-4.9
2011/03/22[2]	1.41	0.02	1.47	-0.15	0.91	0.19	0.5	-1.36	1.86	-16.5	-5.3	-5.3
2011/05/09[1]	0.76	0.18	0.76	-0.18	0.9	0.48	1.21	0.05	1.16	15.3	7.6	-7.6
2011/05/17[2]	0.84	-0.23	1.1	-0.3	1.13	0.64	1.34	-0.56	1.89	15.3	7.6	-7.6
2011/05/20[5]	-3.44	-0.1	-0.1	-3.44	0.85	0.02	0.52	-0.23	0.75	15.3	7.6	1.8
2011/07/22[5]	-3.13	-0.76	-0.51	-3.5	0.9	0.42	1.06	0.05	1.01	8.3	8.3	2.7
2011/10/17[1]	-2.73	-0.67	-0.42	-2.83	1.0	0.72	1.44	0.12	1.32	8.3	-13.8	-7.9
2012/04/10[2]	0.06	-1.15	1.27	-1.32	1.2	0.88	0.88	-2.0	2.87	-9.5	-9.4	-9.4
2012/09/12[3]	-1.09	-0.09	0.4	-1.09	1.0	0.54	1.44	-0.51	1.95	9.4	5.7	5.7
2012/12/12[3]	-0.91	-0.28	0.17	-0.91	0.84	0.31	0.7	-0.63	1.34	-2.5	-5.0	-4.2
2012/12/19[3]	0.62	-0.41	0.93	-1.24	0.81	0.55	1.09	-0.4	1.49	-2.5	-5.0	-4.2
2012/12/28[5]	0.99	0.18	1.02	-0.22	0.83	0.97	1.1	-0.14	1.25	-2.5	-5.0	-4.2
2013/01/07[1]	0.02	-0.07	0.38	-1.08	0.94	0.14	0.4	-0.68	1.09	-2.5	-5.0	17.8
2013/04/09[2]	-0.34	0.01	0.15	-1.13	0.93	0.44	1.27	0.09	1.18	25.4	-4.1	-7.0
2013/05/10[5]	-0.63	0.1	0.43	-1.05	0.91	0.23	0.74	-0.61	1.36	25.4	-4.0	4.4
2013/06/18[2]	-0.59	-0.5	-0.46	-2.52	0.91	0.79	1.11	-0.42	1.53	-4.5	8.0	5.8
2013/11/05[2]	-1.94	-0.5	-0.2	-1.96	1.23	0.41	0.51	-1.75	2.26	22.7	-6.7	-6.7
2014/02/14[5]	0.76	0.49	0.81	-0.22	0.83	0.34	0.49	-0.45	0.94	-12.2	-12.2	-2.2
2014/04/04[5]	1.91	-0.46	2.15	-0.6	0.89	0.96	0.96	-0.52	1.48	-9.3	-9.3	1.9
2014/04/18[5]	-1.37	-0.58	0.51	-1.4	0.9	0.06	0.33	-0.94	1.27	8.7	8.7	6.1
2014/05/23[5]	0.47	0.67	0.91	-0.11	0.89	0.8	0.88	-0.31	1.19	-7.2	-0.3	-3.4
2014/06/24[2]	-0.32	-0.03	-0.03	-0.91	1.04	0.67	0.7	-0.1	0.81	-7.2	-3.7	-3.7
2014/07/02[3]	0.34	-0.14	0.71	-0.33	1.04	0.18	0.3	-0.54	0.84	-7.2	-3.7	-3.7
2015/03/12[4]	0.67	0.39	0.99	0.16	1.03	0.96	1.05	-0.08	1.12	49.4	-10.5	-4.1
2015/06/05[5]	-1.11	-0.0	-0.0	-2.85	1.11	0.85	2.29	-1.13	3.42	49.4	-10.4	-11.1
2015/11/24[2]	1.56	0.01	1.65	-0.23	0.78	0.86	0.86	-1.17	2.03	-15.5	23.3	4.5
2016/05/12[4]	-0.38	-0.28	0.86	-0.88	1.01	0.16	0.21	-2.42	2.63	17.4	-6.2	3.0
2016/06/30[4]	-0.3	0.15	0.63	-0.51	0.89	0.28	0.47	-0.24	0.71	-10.2	5.9	3.8
2016/07/21[4]	-0.72	-0.05	0.13	-0.81	1.07	0.25	1.05	-0.12	1.17	-10.2	4.2	5.1
2016/07/25[1]	1.25	-0.03	1.25	-0.04	0.92	0.09	0.65	-0.38	1.03	-10.2	4.2	5.1
2016/08/26[5]	0.29	-0.03	0.59	-0.11	0.93	0.14	0.99	-0.03	1.02	12.9	7.1	-3.2
2016/09/19[1]	-0.12	0.05	0.06	-0.35	0.93	0.99	1.11	0.21	0.9	12.9	-1.1	-3.6
2016/09/21[3]	0.74	0.58	1.08	0.48	0.98	0.37	0.53	-0.05	0.59	12.9	-1.1	-3.6
2016/09/29[4]	0.53	-0.08	0.74	-0.12	1.07	0.43	0.82	0.09	0.73	-5.5	-4.4	-2.8
2016/10/24[1]	0.27	0.04	0.27	-0.01	1.05	0.87	1.14	-0.08	1.22	-5.5	-4.4	-2.8
2016/11/03[4]	-0.39	-0.06	0.38	-0.55	1.12	0.48	1.04	-0.35	1.39	None	None	None
2016/12/15[4]	0.77	0.02	0.88	-0.16	0.98	0.23	0.97	-0.37	1.34	None	None	None
2017/01/25[3]	0.74	0.12	0.76	0.11	0.89	0.37	0.5	-0.19	0.69	None	None	None
2017/02/06[1]	-0.23	-0.06	0.15	-0.66	1.27	0.74	0.76	-0.2	0.96	None	None	None
2017/02/08[3]	0.52	-0.06	0.63	-0.13	1.08	0.74	0.74	-0.51	1.26	None	None	None
2017/02/24[5]	-0.86	-0.0	0.04	-0.94	0.88	0.11	0.13	-0.34	0.48	None	None	None
2017/02/28[2]	0.26	-0.04	0.53	-0.13	0.9	0.36	0.47	-0.13	0.6	None	None	None
2017/03/03[5]	1.2	0.09	1.2	0.09	0.93	0.29	0.36	-0.57	0.93	None	None	None
2017/03/23[4]	0.6	0.01	0.79	-0.03	1.03	0.28	0.51	-0.72	1.23	None	None	None
------------------------------------------------------------------------
增加成交量匹配条件：
------------------------------------------------------------------------
模式识别结果统计:
统计总数	<=0(占比%)	>=1	<-1
 5   	 1(20.00%)	0	0
收盘涨幅:-0.39	0.3	0.34	0.52	0.67
收盘涨幅中位数:0.34
------------------------------------------------------------------------
日期[星期]	次日涨幅	次日开盘	次日最高	次日最低	量能	当日涨幅	当日最高	当日最低	当日波动幅度	60日周期(%)	20日周期(%)	10日周期(%)
2004/04/06[2]	0.3	0.09	0.71	-0.27	1.02	0.75	0.79	-0.8	1.59	-20.7	-5.9	-2.8
2014/07/02[3]	0.34	-0.14	0.71	-0.33	1.04	0.18	0.3	-0.54	0.84	-7.2	-3.7	-3.7
2015/03/12[4]	0.67	0.39	0.99	0.16	1.03	0.96	1.05	-0.08	1.12	49.4	-10.5	-4.1
2016/11/03[4]	-0.39	-0.06	0.38	-0.55	1.12	0.48	1.04	-0.35	1.39	None	None	None
2017/02/08[3]	0.52	-0.06	0.63	-0.13	1.08	0.74	0.74	-0.51	1.26	None	None	None
------------------------------------------------------------------------
昨日市场情绪指数:	70.00
------------------------------------------------------------------------
市场风险指数:	1.00
------------------------------------------------------------------------
周期(日)	幅度	低点	高点	点位	涨幅	信号
5日	0.25	10351.33	10702.88	10439.22	-2.07%
5日	0.33	10351.33	10702.88	10467.34	-1.80%
5日	0.5	10351.33	10702.88	10527.10	-1.22%	!0.5
5日	0.618	10351.33	10702.88	10568.59	-0.83%	支撑位！
5日	0.825	10351.33	10702.88	10641.36	-0.14%	支撑位！
10日	0.25	10328.95	10702.88	10422.43	-2.24%
10日	0.33	10328.95	10702.88	10452.35	-1.95%
10日	0.5	10328.95	10702.88	10515.92	-1.33%	!0.5
10日	0.618	10328.95	10702.88	10560.04	-0.91%	支撑位！
10日	0.825	10328.95	10702.88	10637.44	-0.17%	支撑位！
20日	0.25	10328.95	10702.88	10422.43	-2.24%
20日	0.33	10328.95	10702.88	10452.35	-1.95%
20日	0.5	10328.95	10702.88	10515.92	-1.33%	!0.5
20日	0.618	10328.95	10702.88	10560.04	-0.91%	支撑位！
20日	0.825	10328.95	10702.88	10637.44	-0.17%	支撑位！
30日	0.25	10308.22	10702.88	10406.88	-2.39%	!30日
30日	0.33	10308.22	10702.88	10438.46	-2.08%	!30日
30日	0.5	10308.22	10702.88	10505.55	-1.43%	!30日	!0.5
30日	0.618	10308.22	10702.88	10552.12	-0.98%	支撑位！	!30日
30日	0.825	10308.22	10702.88	10633.81	-0.21%	支撑位！	!30日
60日	0.25	9482.84	10702.88	9787.85	-8.87%
60日	0.33	9482.84	10702.88	9885.45	-7.79%
60日	0.5	9482.84	10702.88	10092.86	-5.58%	!0.5
60日	0.618	9482.84	10702.88	10236.82	-4.09%
60日	0.825	9482.84	10702.88	10489.37	-1.59%
90日	0.25	9482.84	11124.81	9893.33	-7.71%
90日	0.33	9482.84	11124.81	10024.69	-6.30%
90日	0.5	9482.84	11124.81	10303.83	-3.42%	!0.5
90日	0.618	9482.84	11124.81	10497.58	-1.51%
90日	0.825	9482.84	11124.81	10837.47	1.68%
120日	0.25	9482.84	11124.81	9893.33	-7.71%
120日	0.33	9482.84	11124.81	10024.69	-6.30%
120日	0.5	9482.84	11124.81	10303.83	-3.42%	!0.5
120日	0.618	9482.84	11124.81	10497.58	-1.51%
120日	0.825	9482.84	11124.81	10837.47	1.68%
150日	0.25	9482.84	11124.81	9893.33	-7.71%
150日	0.33	9482.84	11124.81	10024.69	-6.30%
150日	0.5	9482.84	11124.81	10303.83	-3.42%	!0.5
150日	0.618	9482.84	11124.81	10497.58	-1.51%
150日	0.825	9482.84	11124.81	10837.47	1.68%
180日	0.25	9482.84	11124.81	9893.33	-7.71%
180日	0.33	9482.84	11124.81	10024.69	-6.30%
180日	0.5	9482.84	11124.81	10303.83	-3.42%	!0.5
180日	0.618	9482.84	11124.81	10497.58	-1.51%
180日	0.825	9482.84	11124.81	10837.47	1.68%
