------------------------------------------------------------------------
999999
------------------------------------------------------------------------
--------正在查找历史K线日期：！！！！日期选完，请注意看K线趋势，同时注意成交量的表现：
------------------------------------------------------------------------
--------最近交易日的相关数据：
日期[星期]    	价格	涨幅	最大涨幅	最小涨幅	量比	波动幅度	60日涨幅%	30涨幅%	10涨幅%
2017/03/27[1]	3266.96	-0.08	0.42	-0.22	0.92	0.65	2.49%	0.88%	0.52%
2017/03/28[2]	3252.95	-0.43	-0.04	-0.64	0.8	0.6	1.97%	0.4%	-0.0%
2017/03/29[3]	3241.31	-0.36	0.28	-0.6	1.34	0.89	1.53%	0.0%	-0.4%
------------------------------------------------------------------------
模式识别结果统计:
统计总数	<=0(占比%)	>=1	<-1
84   	67(79.76%)	2	6
收盘涨幅:-2.88	-2.03	-1.88	-1.63	-1.42	-1.04	-0.97	-0.83	-0.82	-0.8	-0.71	-0.66	-0.62	-0.57	-0.54	-0.49	-0.48	-0.47	-0.46	-0.46	-0.45	-0.45	-0.45	-0.44	-0.43	-0.43	-0.42	-0.42	-0.42	-0.42	-0.41	-0.41	-0.41	-0.41	-0.41	-0.41	-0.4	-0.4	-0.4	-0.4	-0.39	-0.39	-0.39	-0.38	-0.38	-0.38	-0.38	-0.37	-0.37	-0.37	-0.36	-0.36	-0.36	-0.36	-0.36	-0.36	-0.35	-0.35	-0.34	-0.34	-0.32	-0.28	-0.14	-0.12	-0.08	-0.05	-0.04	0.13	0.17	0.24	0.26	0.26	0.37	0.38	0.44	0.45	0.49	0.71	0.82	0.86	0.88	0.88	1.5	1.85
收盘涨幅中位数:-0.39
------------------------------------------------------------------------
日期[星期]	次日涨幅	次日开盘	次日最高	次日最低	量能	当日涨幅	当日最高	当日最低	当日波动幅度	60日周期(%)	20日周期(%)	10日周期(%)
1991/01/22[2]	-0.41	-0.41	0.0	-0.43	0.17	-0.39	0.0	-0.43	0.43	None	35.2	35.2
1991/01/23[3]	-0.42	-0.42	0.0	-0.45	3.09	-0.41	0.0	-0.43	0.43	None	35.2	35.2
1991/01/24[4]	-0.42	-0.42	-0.41	-0.44	1.7	-0.42	0.0	-0.45	0.45	None	35.2	35.2
1991/01/25[5]	-0.45	-0.45	-0.38	-0.45	1.86	-0.42	-0.41	-0.44	0.03	None	35.2	35.2
1991/01/28[1]	-0.39	-0.39	-0.37	-0.39	1.48	-0.45	-0.38	-0.45	0.07	None	35.2	35.2
1991/01/29[2]	-0.39	-0.39	0.0	-0.41	0.27	-0.39	-0.37	-0.39	0.02	None	35.2	35.2
1991/01/30[3]	-0.36	-0.39	0.02	-0.39	0.38	-0.39	0.0	-0.41	0.41	None	35.2	35.2
1991/01/31[4]	-0.35	-0.36	0.0	-0.4	0.97	-0.36	0.02	-0.39	0.41	None	35.2	35.2
1991/02/01[5]	-0.36	-0.36	0.05	-0.36	0.68	-0.35	0.0	-0.4	0.4	None	35.2	35.2
1991/02/04[1]	-0.36	-0.38	-0.36	-0.4	1.6	-0.36	0.05	-0.36	0.41	None	35.2	35.2
1991/02/05[2]	0.44	0.43	0.44	-0.4	15.48	-0.36	-0.36	-0.4	0.04	None	35.2	35.2
1991/02/27[3]	-0.34	-0.36	0.04	-0.37	0.2	-0.34	0.04	-0.37	0.4	None	5.3	5.3
1991/02/28[4]	-0.36	-0.36	-0.36	-0.41	10.55	-0.34	0.04	-0.37	0.4	None	5.3	5.3
1991/03/01[5]	-0.41	-0.33	-0.33	-0.42	3.16	-0.36	-0.36	-0.41	0.05	None	5.3	5.3
1991/03/04[1]	-0.4	-0.43	0.0	-0.44	0.35	-0.41	-0.33	-0.42	0.08	None	5.3	5.3
1991/03/05[2]	-0.4	-0.43	-0.39	-0.43	0.39	-0.4	0.0	-0.44	0.44	None	5.3	5.3
1991/03/06[3]	-0.4	-0.4	0.0	-0.4	0.73	-0.4	-0.39	-0.43	0.05	None	5.3	5.3
1991/03/07[4]	-0.4	-0.44	0.0	-0.44	0.79	-0.4	0.0	-0.4	0.4	None	5.3	5.3
1991/03/08[5]	-0.45	-0.45	0.0	-0.45	1.64	-0.4	0.0	-0.44	0.44	None	5.3	5.3
1991/03/11[1]	-0.42	-0.45	0.0	-0.45	0.55	-0.45	0.0	-0.45	0.45	None	5.3	5.3
1991/03/12[2]	-2.03	-2.05	0.0	-2.05	1.86	-0.42	0.0	-0.45	0.45	None	5.3	5.3
1991/03/18[1]	-0.39	-0.38	0.0	-0.39	1.58	-0.37	0.0	-0.38	0.38	None	5.3	5.3
1991/03/19[2]	-0.45	-0.45	-0.01	-0.47	0.71	-0.39	0.0	-0.39	0.39	None	5.3	5.3
1991/03/20[3]	-0.44	-0.42	0.0	-0.44	0.76	-0.45	-0.01	-0.47	0.47	None	5.3	5.3
1991/03/21[4]	-0.41	-0.41	0.0	-0.41	0.22	-0.44	0.0	-0.44	0.44	None	5.3	5.3
1991/03/22[5]	-0.41	-0.41	0.0	-0.42	1.37	-0.41	0.0	-0.41	0.41	None	5.3	5.3
1991/03/25[1]	-0.41	-0.41	0.02	-0.41	2.14	-0.41	0.0	-0.42	0.42	None	5.3	5.3
1991/03/26[2]	-0.41	-0.41	0.02	-0.41	2.63	-0.41	0.02	-0.41	0.43	None	5.3	5.3
1991/03/27[3]	-0.42	-0.39	0.02	-0.42	0.57	-0.41	0.02	-0.41	0.43	None	5.3	5.3
1991/03/28[4]	-0.35	-0.37	0.0	-0.41	1.44	-0.42	0.02	-0.42	0.45	None	5.3	5.3
1991/03/29[5]	0.45	0.42	0.45	-0.42	2.27	-0.35	0.0	-0.41	0.41	None	5.3	5.3
1991/04/09[2]	-0.38	-0.39	0.0	-0.44	0.17	-0.39	0.01	-0.4	0.41	None	5.3	2.1
1991/04/10[3]	-0.43	-0.43	0.0	-0.45	1.46	-0.38	0.0	-0.44	0.44	None	5.3	2.1
1991/04/11[4]	-0.36	-0.37	0.01	-0.41	0.51	-0.43	0.0	-0.45	0.45	None	5.3	2.1
1991/04/12[5]	-0.37	-0.4	0.01	-0.41	1.67	-0.36	0.01	-0.41	0.42	None	5.3	2.1
1991/04/15[1]	-0.36	-0.35	0.0	-0.36	0.75	-0.37	0.01	-0.41	0.42	None	5.3	2.1
1991/04/16[2]	-0.37	-0.35	0.0	-0.38	0.35	-0.36	0.0	-0.36	0.36	None	5.3	2.1
1991/04/17[3]	-0.38	-0.38	0.03	-0.38	1.91	-0.37	0.0	-0.38	0.38	None	5.3	2.1
1991/04/18[4]	-0.32	-0.32	0.04	-0.34	0.89	-0.38	0.03	-0.38	0.41	None	5.3	2.1
1991/04/19[5]	-0.38	-0.38	0.0	-0.43	3.63	-0.32	0.04	-0.34	0.38	None	5.3	2.1
1991/04/22[1]	-0.38	-0.36	0.0	-0.41	0.67	-0.38	0.0	-0.43	0.43	None	5.3	2.1
1991/04/23[2]	-0.34	-0.42	0.0	-0.42	0.66	-0.38	0.0	-0.41	0.41	None	5.3	2.1
1991/04/24[3]	-0.37	-0.35	0.0	-0.4	0.52	-0.34	0.0	-0.42	0.42	None	5.3	2.1
1991/04/25[4]	0.17	0.82	0.82	-0.73	10.1	-0.37	0.0	-0.4	0.4	None	5.3	2.1
1991/07/09[2]	-0.48	-0.18	0.71	-0.68	1.44	-0.47	0.95	-0.72	1.67	5.0	32.1	32.1
1991/07/10[3]	-0.46	-0.57	0.0	-0.64	0.71	-0.48	0.71	-0.68	1.4	5.0	32.1	32.1
1991/07/11[4]	-0.43	-0.43	0.0	-0.72	0.84	-0.46	0.0	-0.64	0.64	5.0	32.1	32.1
1991/07/12[5]	0.26	0.83	0.98	-0.7	0.62	-0.43	0.0	-0.72	0.72	5.0	32.1	32.1
1991/09/25[3]	-0.47	-0.53	0.0	-0.69	0.97	-0.48	0.0	-0.7	0.7	5.0	45.0	3.3
1991/09/26[4]	-0.28	0.43	0.86	-0.63	4.71	-0.47	0.0	-0.69	0.69	5.0	45.0	3.3
1991/09/27[5]	-0.49	-0.85	0.07	-0.85	5.16	-0.28	0.86	-0.63	1.48	5.0	45.0	3.3
1991/09/30[1]	0.86	0.35	0.86	-0.62	0.76	-0.49	0.07	-0.85	0.92	5.0	45.0	3.3
1998/03/09[1]	-0.08	-0.1	0.42	-1.19	1.0	-0.47	0.18	-0.74	0.92	13.7	13.7	3.1
1998/03/10[2]	-0.82	0.12	0.89	-1.03	0.97	-0.08	0.42	-1.19	1.61	13.7	13.7	3.1
1998/07/29[3]	0.26	0.07	0.46	-0.17	1.13	-0.46	0.25	-0.73	0.99	21.0	-1.4	-6.2
1998/10/20[2]	-2.88	-0.01	-0.0	-3.02	0.95	-0.21	0.42	-0.64	1.05	-26.7	6.0	4.6
1998/11/13[5]	0.88	0.14	0.88	-0.07	0.84	-0.04	0.23	-0.91	1.14	-26.7	-5.7	-5.7
1999/03/24[3]	-1.04	-0.1	-0.1	-1.2	0.7	-0.16	0.55	-0.33	0.87	-18.2	-3.7	10.9
2000/04/25[2]	-0.04	0.12	0.51	-0.39	0.67	-0.21	0.24	-1.18	1.43	-20.9	16.4	4.5
2000/04/26[3]	-1.42	0.15	0.43	-1.59	0.94	-0.04	0.51	-0.39	0.9	-20.9	16.4	4.5
2000/10/13[5]	-0.8	-0.04	-0.03	-1.06	0.92	-0.42	0.31	-0.78	1.09	-11.4	-11.4	3.9
2001/06/11[1]	0.38	-0.05	0.39	-0.12	1.01	-0.38	0.16	-0.74	0.9	-11.2	-3.5	3.3
2001/06/29[5]	-0.54	0.11	0.23	-0.74	1.29	-0.06	0.27	-0.23	0.5	18.6	-3.9	3.7
2002/07/25[4]	-0.46	-0.0	0.31	-0.5	1.09	-0.44	0.63	-0.6	1.23	20.2	20.2	-1.6
2002/07/26[5]	0.49	-0.16	0.51	-0.62	0.89	-0.46	0.31	-0.5	0.81	20.2	20.2	-1.6
2003/06/18[3]	-0.97	0.01	0.23	-1.51	1.33	-0.21	0.56	-0.28	0.84	14.0	-3.4	2.9
2004/03/26[5]	-0.83	0.03	0.36	-0.93	0.99	-0.14	0.29	-0.9	1.19	-20.7	-5.9	7.7
2004/12/29[3]	-0.05	-0.09	0.49	-0.8	1.08	-0.36	0.52	-0.63	1.15	18.8	7.6	-6.0
2004/12/30[4]	-0.57	0.13	0.56	-0.72	1.04	-0.05	0.49	-0.8	1.29	18.8	7.6	-6.0
2005/03/29[2]	-1.88	-0.22	-0.22	-1.94	1.15	-0.42	0.76	-0.46	1.22	11.9	11.9	3.9
2012/11/07[3]	-1.63	-0.69	-0.63	-1.67	0.83	-0.01	0.31	-0.6	0.92	-18.5	2.7	3.4
2013/04/03[3]	-0.62	-1.31	-0.57	-2.01	0.91	-0.11	0.61	-0.47	1.08	25.4	-4.1	5.1
2013/06/27[4]	1.5	-0.74	1.95	-1.25	1.05	-0.08	1.49	-0.47	1.96	-20.8	-20.8	-20.8
2013/11/25[1]	-0.14	-0.08	0.3	-0.45	0.95	-0.47	0.58	-0.68	1.26	22.7	-0.7	-4.0
2013/11/26[2]	0.82	-0.06	1.12	-0.28	0.93	-0.14	0.3	-0.45	0.75	22.7	-0.7	-4.0
2014/06/03[2]	-0.66	-0.02	0.01	-1.25	0.95	-0.04	0.51	-0.09	0.6	-7.2	-0.3	3.3
2014/09/11[4]	0.88	-0.14	0.88	-0.39	1.17	-0.29	1.09	-0.59	1.68	-7.2	9.1	-2.5
2014/11/17[1]	-0.71	0.01	0.12	-0.98	0.98	-0.19	1.21	-0.26	1.47	14.5	-4.7	-4.7
2016/04/29[5]	1.85	0.07	1.88	-0.29	0.79	-0.25	0.17	-0.52	0.69	17.4	-6.2	0.4
2016/07/20[3]	0.37	-0.01	0.84	-0.02	0.89	-0.29	0.21	-0.46	0.67	-10.2	4.2	5.1
2016/08/18[4]	0.13	-0.12	0.3	-0.69	1.07	-0.17	0.52	-0.52	1.04	12.9	7.1	7.1
2016/10/28[5]	-0.12	-0.23	-0.06	-0.75	1.15	-0.26	0.52	-0.36	0.88	5.7	5.7	5.7
2016/10/31[1]	0.71	0.04	0.71	-0.11	0.83	-0.12	-0.06	-0.75	0.68	None	None	None
2016/12/29[4]	0.24	0.04	0.41	-0.2	0.98	-0.2	0.31	-0.48	0.79	None	None	None
------------------------------------------------------------------------
增加成交量匹配条件：
------------------------------------------------------------------------
模式识别结果统计:
统计总数	<=0(占比%)	>=1	<-1
15   	10(66.67%)	0	0
收盘涨幅:-0.46	-0.45	-0.43	-0.42	-0.41	-0.38	-0.36	-0.28	-0.12	-0.08	0.13	0.17	0.26	0.38	0.88
收盘涨幅中位数:-0.28
------------------------------------------------------------------------
日期[星期]	次日涨幅	次日开盘	次日最高	次日最低	量能	当日涨幅	当日最高	当日最低	当日波动幅度	60日周期(%)	20日周期(%)	10日周期(%)
1991/01/23[3]	-0.42	-0.42	0.0	-0.45	3.09	-0.41	0.0	-0.43	0.43	None	35.2	35.2
1991/02/04[1]	-0.36	-0.38	-0.36	-0.4	1.6	-0.36	0.05	-0.36	0.41	None	35.2	35.2
1991/03/08[5]	-0.45	-0.45	0.0	-0.45	1.64	-0.4	0.0	-0.44	0.44	None	5.3	5.3
1991/03/22[5]	-0.41	-0.41	0.0	-0.42	1.37	-0.41	0.0	-0.41	0.41	None	5.3	5.3
1991/04/10[3]	-0.43	-0.43	0.0	-0.45	1.46	-0.38	0.0	-0.44	0.44	None	5.3	2.1
1991/04/17[3]	-0.38	-0.38	0.03	-0.38	1.91	-0.37	0.0	-0.38	0.38	None	5.3	2.1
1991/04/25[4]	0.17	0.82	0.82	-0.73	10.1	-0.37	0.0	-0.4	0.4	None	5.3	2.1
1991/09/26[4]	-0.28	0.43	0.86	-0.63	4.71	-0.47	0.0	-0.69	0.69	5.0	45.0	3.3
1998/03/09[1]	-0.08	-0.1	0.42	-1.19	1.0	-0.47	0.18	-0.74	0.92	13.7	13.7	3.1
1998/07/29[3]	0.26	0.07	0.46	-0.17	1.13	-0.46	0.25	-0.73	0.99	21.0	-1.4	-6.2
2001/06/11[1]	0.38	-0.05	0.39	-0.12	1.01	-0.38	0.16	-0.74	0.9	-11.2	-3.5	3.3
2002/07/25[4]	-0.46	-0.0	0.31	-0.5	1.09	-0.44	0.63	-0.6	1.23	20.2	20.2	-1.6
2014/09/11[4]	0.88	-0.14	0.88	-0.39	1.17	-0.29	1.09	-0.59	1.68	-7.2	9.1	-2.5
2016/08/18[4]	0.13	-0.12	0.3	-0.69	1.07	-0.17	0.52	-0.52	1.04	12.9	7.1	7.1
2016/10/28[5]	-0.12	-0.23	-0.06	-0.75	1.15	-0.26	0.52	-0.36	0.88	5.7	5.7	5.7
------------------------------------------------------------------------
昨日市场情绪指数:	38.71
------------------------------------------------------------------------
市场风险指数:	3.80
------------------------------------------------------------------------
周期(日)	幅度	低点	高点	点位	涨幅	信号
5日	0.25	3221.93	3283.24	3237.26	-0.13%	支撑位！
5日	0.33	3221.93	3283.24	3242.16	0.03%	注意压力位！
5日	0.5	3221.93	3283.24	3252.59	0.35%	注意压力位！	!0.5
5日	0.618	3221.93	3283.24	3259.82	0.57%	注意压力位！
5日	0.825	3221.93	3283.24	3272.51	0.95%	注意压力位！
10日	0.25	3221.93	3283.24	3237.26	-0.13%	支撑位！
10日	0.33	3221.93	3283.24	3242.16	0.03%	注意压力位！
10日	0.5	3221.93	3283.24	3252.59	0.35%	注意压力位！	!0.5
10日	0.618	3221.93	3283.24	3259.82	0.57%	注意压力位！
10日	0.825	3221.93	3283.24	3272.51	0.95%	注意压力位！
20日	0.25	3193.16	3283.24	3215.68	-0.80%	支撑位！
20日	0.33	3193.16	3283.24	3222.89	-0.57%	支撑位！
20日	0.5	3193.16	3283.24	3238.20	-0.10%	支撑位！	!0.5
20日	0.618	3193.16	3283.24	3248.83	0.23%	注意压力位！
20日	0.825	3193.16	3283.24	3267.48	0.80%	注意压力位！
30日	0.25	3193.16	3283.24	3215.68	-0.80%	支撑位！	!30日
30日	0.33	3193.16	3283.24	3222.89	-0.57%	支撑位！	!30日
30日	0.5	3193.16	3283.24	3238.20	-0.10%	支撑位！	!30日	!0.5
30日	0.618	3193.16	3283.24	3248.83	0.23%	注意压力位！	!30日
30日	0.825	3193.16	3283.24	3267.48	0.80%	注意压力位！	!30日
60日	0.25	3044.29	3283.24	3104.03	-4.42%
60日	0.33	3044.29	3283.24	3123.14	-3.78%
60日	0.5	3044.29	3283.24	3163.76	-2.45%	!0.5
60日	0.618	3044.29	3283.24	3191.96	-1.55%
60日	0.825	3044.29	3283.24	3241.42	0.00%	注意压力位！
90日	0.25	3044.29	3301.21	3108.52	-4.27%
90日	0.33	3044.29	3301.21	3129.07	-3.59%
90日	0.5	3044.29	3301.21	3172.75	-2.16%	!0.5
90日	0.618	3044.29	3301.21	3203.07	-1.19%
90日	0.825	3044.29	3301.21	3256.25	0.46%	注意压力位！
120日	0.25	2969.13	3301.21	3052.15	-6.20%
120日	0.33	2969.13	3301.21	3078.72	-5.28%
120日	0.5	2969.13	3301.21	3135.17	-3.39%	!0.5
120日	0.618	2969.13	3301.21	3174.36	-2.11%
120日	0.825	2969.13	3301.21	3243.10	0.06%	注意压力位！
150日	0.25	2969.13	3301.21	3052.15	-6.20%
150日	0.33	2969.13	3301.21	3078.72	-5.28%
150日	0.5	2969.13	3301.21	3135.17	-3.39%	!0.5
150日	0.618	2969.13	3301.21	3174.36	-2.11%
150日	0.825	2969.13	3301.21	3243.10	0.06%	注意压力位！
180日	0.25	2922.52	3301.21	3017.19	-7.43%
180日	0.33	2922.52	3301.21	3047.49	-6.36%
180日	0.5	2922.52	3301.21	3111.86	-4.16%	!0.5
180日	0.618	2922.52	3301.21	3156.55	-2.69%
180日	0.825	2922.52	3301.21	3234.94	-0.20%	支撑位！
------------------------------------------------------------------------
399001
------------------------------------------------------------------------
--------正在查找历史K线日期：！！！！日期选完，请注意看K线趋势，同时注意成交量的表现：
------------------------------------------------------------------------
--------最近交易日的相关数据：
日期[星期]    	价格	涨幅	最大涨幅	最小涨幅	量比	波动幅度	60日涨幅%	30涨幅%	10涨幅%
2017/03/27[1]	10581.92	-0.61	0.13	-0.64	0.97	0.77	3.01%	1.34%	0.13%
2017/03/28[2]	10563.29	-0.18	0.23	-0.41	0.88	0.64	2.76%	1.06%	-0.06%
2017/03/29[3]	10520.82	-0.4	0.21	-0.63	1.17	0.84	2.3%	0.56%	-0.49%
------------------------------------------------------------------------
模式识别结果统计:
统计总数	<=0(占比%)	>=1	<-1
202   	134(66.34%)	14	36
收盘涨幅:-7.0	-5.67	-4.65	-4.41	-2.88	-2.63	-2.54	-2.42	-2.36	-2.23	-2.21	-2.16	-2.14	-2.13	-2.03	-2.02	-1.98	-1.93	-1.89	-1.84	-1.76	-1.65	-1.61	-1.58	-1.51	-1.5	-1.43	-1.4	-1.27	-1.23	-1.23	-1.21	-1.15	-1.09	-1.08	-1.06	-0.86	-0.84	-0.78	-0.78	-0.76	-0.72	-0.69	-0.68	-0.65	-0.59	-0.57	-0.51	-0.51	-0.51	-0.51	-0.51	-0.51	-0.5	-0.5	-0.5	-0.5	-0.5	-0.5	-0.5	-0.5	-0.5	-0.5	-0.5	-0.5	-0.5	-0.5	-0.5	-0.5	-0.5	-0.5	-0.5	-0.5	-0.5	-0.5	-0.5	-0.5	-0.49	-0.49	-0.49	-0.49	-0.49	-0.49	-0.49	-0.49	-0.44	-0.43	-0.43	-0.43	-0.43	-0.43	-0.43	-0.42	-0.4	-0.4	-0.38	-0.37	-0.37	-0.35	-0.35	-0.33	-0.32	-0.32	-0.32	-0.31	-0.31	-0.31	-0.31	-0.3	-0.3	-0.3	-0.3	-0.28	-0.28	-0.26	-0.21	-0.2	-0.17	-0.16	-0.16	-0.15	-0.15	-0.11	-0.1	-0.1	-0.06	-0.06	-0.05	-0.04	-0.02	-0.01	0.0	-0.0	-0.0	0.06	0.08	0.09	0.09	0.11	0.12	0.12	0.12	0.13	0.14	0.16	0.17	0.2	0.2	0.21	0.21	0.21	0.22	0.22	0.23	0.26	0.33	0.34	0.34	0.36	0.39	0.4	0.4	0.41	0.46	0.47	0.47	0.5	0.5	0.52	0.56	0.57	0.6	0.61	0.61	0.62	0.64	0.67	0.73	0.73	0.74	0.83	0.83	0.86	0.86	0.91	0.91	0.96	0.98	1.04	1.12	1.16	1.22	1.47	1.54	1.63	1.73	1.79	1.99	2.14	2.71	2.77	2.96
收盘涨幅中位数:-0.33
------------------------------------------------------------------------
日期[星期]	次日涨幅	次日开盘	次日最高	次日最低	量能	当日涨幅	当日最高	当日最低	当日波动幅度	60日周期(%)	20日周期(%)	10日周期(%)
1991/04/06[6]	-0.5	-0.5	-0.5	-0.5	0.95	-0.5	-0.5	-0.5	0.0	None	5.3	2.1
1991/04/08[1]	-0.5	-0.5	-0.5	-0.5	0.56	-0.5	-0.5	-0.5	0.0	None	5.3	2.1
1991/04/09[2]	-0.5	-0.5	-0.5	-0.5	0.33	-0.5	-0.5	-0.5	0.0	None	5.3	2.1
1991/04/10[3]	-0.51	-0.51	-0.51	-0.51	2.37	-0.5	-0.5	-0.5	0.0	None	5.3	2.1
1991/04/11[4]	-0.49	-0.49	-0.49	-0.49	1.0	-0.51	-0.51	-0.51	0.0	None	5.3	2.1
1991/04/12[5]	-0.5	-0.5	-0.5	-0.5	1.51	-0.49	-0.49	-0.49	0.0	None	5.3	2.1
1991/04/13[6]	-0.49	-0.49	-0.49	-0.49	0.44	-0.5	-0.5	-0.5	0.0	None	5.3	2.1
1991/04/15[1]	-0.49	-0.49	-0.49	-0.49	1.67	-0.49	-0.49	-0.49	0.0	None	5.3	2.1
1991/04/16[2]	-0.49	-0.49	-0.49	-0.49	0.44	-0.49	-0.49	-0.49	0.0	None	5.3	2.1
1991/04/17[3]	-0.49	-0.49	-0.49	-0.49	0.95	-0.49	-0.49	-0.49	0.0	None	5.3	2.1
1991/04/18[4]	-0.5	-0.5	-0.5	-0.5	0.67	-0.49	-0.49	-0.49	0.0	None	5.3	2.1
1991/04/19[5]	-0.5	-0.5	-0.5	-0.5	1.21	-0.5	-0.5	-0.5	0.0	None	5.3	2.1
1991/04/20[6]	-0.5	-0.5	-0.5	-0.5	0.29	-0.5	-0.5	-0.5	0.0	None	5.3	2.1
1991/04/22[1]	-0.5	-0.5	-0.5	-0.5	0.0	-0.5	-0.5	-0.5	0.0	None	5.3	2.1
1991/04/23[2]	-0.49	-0.49	-0.49	-0.49	-999	-0.5	-0.5	-0.5	0.0	None	5.3	2.1
1991/04/24[3]	-0.49	-0.49	-0.49	-0.49	0.96	-0.49	-0.49	-0.49	0.0	None	5.3	2.1
1991/04/25[4]	-0.5	-0.5	-0.5	-0.5	1.09	-0.49	-0.49	-0.49	0.0	None	5.3	2.1
1991/04/26[5]	-0.5	-0.5	-0.5	-0.5	1.06	-0.5	-0.5	-0.5	0.0	None	5.3	2.1
1991/04/27[6]	-0.5	-0.5	-0.5	-0.5	0.38	-0.5	-0.5	-0.5	0.0	None	5.3	2.1
1991/04/29[1]	-0.5	-0.5	-0.5	-0.5	2.45	-0.5	-0.5	-0.5	0.0	None	5.3	2.1
1991/04/30[2]	-0.5	-0.5	-0.5	-0.5	2.9	-0.5	-0.5	-0.5	0.0	None	5.3	2.1
1991/05/02[4]	-0.5	-0.5	-0.5	-0.5	0.51	-0.5	-0.5	-0.5	0.0	None	5.3	2.1
1991/05/03[5]	-0.51	-0.51	-0.51	-0.51	1.08	-0.5	-0.5	-0.5	0.0	None	5.3	2.1
1991/05/04[6]	-0.51	-0.51	-0.51	-0.51	2.08	-0.51	-0.51	-0.51	0.0	None	5.3	2.1
1991/05/06[1]	-0.5	-0.5	-0.5	-0.5	0.77	-0.51	-0.51	-0.51	0.0	None	5.3	2.1
1991/05/07[2]	-0.5	-0.5	-0.5	-0.5	0.82	-0.5	-0.5	-0.5	0.0	None	5.3	2.1
1991/05/08[3]	-0.5	-0.5	-0.5	-0.5	3.03	-0.5	-0.5	-0.5	0.0	None	5.3	2.1
1991/05/09[4]	-0.5	-0.5	-0.5	-0.5	1.46	-0.5	-0.5	-0.5	0.0	None	5.3	2.1
1991/05/10[5]	-0.51	-0.51	-0.51	-0.51	1.56	-0.5	-0.5	-0.5	0.0	None	5.3	2.1
1991/05/11[6]	-0.51	-0.51	-0.51	-0.51	0.98	-0.51	-0.51	-0.51	0.0	None	5.3	2.1
1991/05/13[1]	-0.32	-0.38	-0.32	-0.51	2.27	-0.51	-0.51	-0.51	0.0	None	5.3	2.1
1991/05/14[2]	-0.3	-0.32	-0.3	-0.32	2.03	-0.32	-0.32	-0.51	0.19	None	5.3	2.1
1991/05/15[3]	-0.3	-0.3	-0.3	-0.3	1.25	-0.3	-0.3	-0.32	0.02	None	5.3	2.1
1991/05/16[4]	-0.28	-0.28	-0.28	-0.28	1.5	-0.3	-0.3	-0.3	0.0	None	5.3	2.1
1991/05/17[5]	-0.3	-0.28	-0.28	-0.3	1.52	-0.28	-0.28	-0.28	0.0	5.0	5.3	2.1
1991/05/18[6]	-0.31	-0.31	-0.31	-0.31	0.46	-0.3	-0.28	-0.3	0.02	5.0	-22.2	-14.1
1991/05/20[1]	-0.31	-0.31	-0.31	-0.31	1.35	-0.31	-0.31	-0.31	0.0	5.0	-22.2	-14.1
1991/05/21[2]	-0.31	-0.31	-0.31	-0.31	0.66	-0.31	-0.31	-0.31	0.0	5.0	-22.2	-14.1
1991/05/22[3]	-0.49	-0.42	-0.29	-0.49	1.22	-0.31	-0.31	-0.31	0.0	5.0	-22.2	-14.1
1991/05/23[4]	-0.5	-0.5	-0.5	-0.5	0.72	-0.49	-0.29	-0.49	0.2	5.0	-22.2	-14.1
1991/05/24[5]	-0.5	-0.5	-0.5	-0.5	0.31	-0.5	-0.5	-0.5	0.0	5.0	-22.2	-14.1
1991/05/25[6]	-0.5	-0.5	-0.5	-0.5	0.43	-0.5	-0.5	-0.5	0.0	5.0	-22.2	-14.1
1991/05/27[1]	-0.44	-0.44	-0.44	-0.44	3.03	-0.5	-0.5	-0.5	0.0	5.0	-22.2	-14.1
1991/05/28[2]	-0.42	-0.42	-0.42	-0.42	0.13	-0.44	-0.44	-0.44	0.0	5.0	-22.2	-14.1
1991/05/29[3]	-0.43	-0.43	-0.43	-0.43	0.76	-0.42	-0.42	-0.42	0.0	5.0	-22.2	-14.1
1991/05/30[4]	-0.43	-0.43	-0.43	-0.43	1.5	-0.43	-0.43	-0.43	0.0	5.0	-22.2	-14.1
1991/05/31[5]	-0.43	-0.43	-0.43	-0.43	0.4	-0.43	-0.43	-0.43	0.0	5.0	-22.2	-14.1
1991/06/01[6]	-0.43	-0.43	-0.43	-0.43	3.21	-0.43	-0.43	-0.43	0.0	5.0	-22.2	-14.1
1991/06/03[1]	-0.43	-0.43	-0.43	-0.43	0.99	-0.43	-0.43	-0.43	0.0	5.0	-22.2	-14.1
1991/06/04[2]	-0.43	-0.43	-0.43	-0.43	3.12	-0.43	-0.43	-0.43	0.0	5.0	-22.2	-14.1
1991/06/05[3]	-0.4	-0.4	-0.4	-0.4	2.06	-0.43	-0.43	-0.43	0.0	5.0	-22.2	-14.1
1991/06/06[4]	-0.4	-0.4	-0.4	-0.4	0.01	-0.4	-0.4	-0.4	0.0	5.0	-22.2	-14.1
1991/06/07[5]	-1.23	-0.36	-0.36	-1.42	4.42	-0.4	-0.4	-0.4	0.0	5.0	-22.2	-14.1
1991/07/01[1]	-2.03	-0.53	-0.1	-2.72	2.19	-0.94	-0.43	-1.4	0.96	5.0	-22.2	-14.1
1991/07/30[2]	0.22	-0.74	0.28	-0.91	0.68	-0.45	-0.23	-1.67	1.45	5.0	-4.9	-4.9
1991/08/07[3]	-0.31	-0.1	-0.05	-0.49	0.88	-0.09	0.1	-0.42	0.53	5.0	-4.9	-4.9
1991/08/08[4]	-0.3	-0.07	0.12	-0.78	0.86	-0.31	-0.05	-0.49	0.44	5.0	-4.9	-4.9
1991/08/09[5]	0.41	-0.32	0.41	-0.38	1.22	-0.3	0.12	-0.78	0.9	5.0	-4.9	-4.9
1991/08/14[3]	-0.32	-0.07	0.27	-0.55	0.76	-0.15	0.21	-0.35	0.56	5.0	-4.9	-4.9
1991/08/15[4]	0.4	0.05	0.61	-0.24	1.07	-0.32	0.27	-0.55	0.82	5.0	-4.9	-4.9
1991/08/28[3]	-0.16	-0.86	0.06	-1.25	1.09	-0.24	0.34	-1.19	1.53	5.0	-4.9	-4.9
1991/08/29[4]	-0.37	-0.62	-0.02	-0.93	0.69	-0.16	0.06	-1.25	1.31	5.0	-4.9	-4.9
1991/08/30[5]	-0.2	-0.43	0.02	-1.09	1.3	-0.37	-0.02	-0.93	0.91	5.0	-4.9	-4.9
1991/08/31[6]	-0.26	-0.44	-0.01	-1.64	0.65	-0.2	0.02	-1.09	1.11	5.0	-4.9	-4.9
1991/09/02[1]	-0.57	-0.4	0.19	-1.46	1.73	-0.26	-0.01	-1.64	1.63	5.0	-4.9	-4.9
1991/09/03[2]	-0.78	-0.45	-0.02	-1.65	1.71	-0.57	0.19	-1.46	1.65	5.0	-4.9	-4.9
1991/09/04[3]	-1.5	-0.65	-0.38	-2.77	0.45	-0.78	-0.02	-1.65	1.63	5.0	-4.9	-4.9
1991/09/16[1]	-0.33	-0.69	0.0	-1.08	1.13	-0.71	-0.31	-1.72	1.41	5.0	-4.9	-3.1
1991/09/17[2]	-0.37	-0.62	-0.0	-1.13	0.69	-0.33	0.0	-1.08	1.08	5.0	-4.9	-3.1
1991/09/18[3]	-0.68	-0.19	0.11	-1.38	0.99	-0.37	-0.0	-1.13	1.13	5.0	45.0	3.3
1991/09/19[4]	-0.16	-0.31	0.25	-0.69	1.17	-0.68	0.11	-1.38	1.49	5.0	45.0	3.3
1991/09/20[5]	0.14	-0.19	0.29	-0.6	0.66	-0.16	0.25	-0.69	0.94	5.0	45.0	3.3
1992/03/10[2]	0.22	0.08	0.72	-0.56	1.23	-0.16	0.59	-1.26	1.85	5.0	-6.0	-6.0
1992/11/09[1]	-0.84	-0.57	1.4	-1.39	0.63	-0.85	0.44	-1.72	2.15	1261.5	-5.1	-37.2
1992/11/10[2]	-2.54	-0.37	-0.11	-3.96	1.13	-0.84	1.4	-1.39	2.79	1261.5	-5.1	-37.2
1993/10/21[4]	-0.69	-0.1	0.11	-1.44	0.97	-0.88	0.32	-1.07	1.4	34.0	8.1	8.1
1993/10/22[5]	-2.36	-0.65	-0.53	-2.8	1.52	-0.69	0.11	-1.44	1.55	34.0	8.1	8.1
1994/01/11[2]	-0.32	-0.25	1.08	-0.83	0.45	-0.95	1.53	-1.31	2.85	-28.2	-28.2	-4.5
1994/01/12[3]	-0.5	0.11	0.59	-1.17	0.71	-0.32	1.08	-0.83	1.92	-28.2	20.9	11.1
1994/01/13[4]	-2.16	0.18	1.69	-3.35	0.81	-0.5	0.59	-1.17	1.76	-28.2	20.9	11.1
1994/11/23[3]	-0.59	-0.56	0.31	-1.57	0.99	-0.7	0.24	-1.85	2.09	-48.1	-6.5	15.6
1994/11/24[4]	0.73	0.25	2.26	-0.03	1.04	-0.59	0.31	-1.57	1.88	-48.1	-6.5	15.6
1994/12/02[5]	-1.84	-0.09	0.2	-2.08	1.09	-0.57	0.83	-0.85	1.69	-48.1	-6.5	15.6
1995/02/16[4]	-0.5	-0.5	-0.14	-0.83	0.97	-0.94	-0.94	-1.64	0.7	-4.1	-24.6	-24.6
1995/02/17[5]	0.12	0.07	0.17	-0.17	1.11	-0.5	-0.14	-0.83	0.69	-4.1	-24.6	-24.6
1995/06/14[3]	-4.41	-0.25	-0.04	-5.46	1.07	-0.46	0.41	-0.76	1.16	69.3	69.3	-27.4
1995/06/29[4]	-0.15	-0.23	-0.15	-1.66	1.18	-0.72	0.17	-1.24	1.41	69.3	69.3	3.9
1995/06/30[5]	-2.14	-0.44	-0.44	-2.22	1.19	-0.15	-0.15	-1.66	1.51	69.3	69.3	3.9
1995/10/12[4]	0.47	-0.18	0.79	-0.41	2.35	-0.69	0.39	-0.71	1.1	29.9	11.5	4.4
1995/12/04[1]	0.34	0.01	0.66	-0.09	0.99	-0.01	0.1	-0.52	0.61	29.9	10.3	-15.2
1995/12/15[5]	-1.98	-0.49	-0.49	-2.32	1.26	-0.96	0.18	-1.28	1.46	29.9	10.3	2.9
1996/02/08[4]	0.83	-0.1	1.53	-0.11	1.35	-0.14	0.27	-0.27	0.53	-35.3	-33.0	-3.9
1996/03/28[4]	0.16	-0.14	0.16	-0.87	0.67	-0.68	0.08	-0.8	0.88	18.3	18.3	3.2
1997/11/18[2]	-0.65	0.01	0.55	-1.15	1.04	-0.91	0.94	-0.94	1.88	-18.9	-2.3	4.8
1997/11/19[3]	-1.43	-0.22	0.26	-1.78	0.92	-0.65	0.55	-1.15	1.69	-18.9	-2.3	4.8
1997/12/22[1]	0.67	0.3	1.56	0.25	1.62	-0.39	0.64	-1.87	2.51	-18.9	-8.2	-3.1
1998/01/09[5]	-0.78	0.12	0.9	-0.85	0.89	-0.16	0.43	-1.58	2.01	-18.9	12.2	9.8
1998/01/12[1]	-4.65	-1.35	-1.35	-9.51	1.05	-0.78	0.9	-0.85	1.75	-18.9	12.2	9.8
1998/01/20[2]	-0.76	-0.21	0.33	-0.9	0.81	-0.81	0.64	-1.36	2.0	8.3	-11.2	-11.2
1998/01/21[3]	0.91	-0.08	1.71	-0.19	1.29	-0.76	0.33	-0.9	1.23	8.3	-11.2	-11.2
1998/02/16[1]	0.12	-0.04	0.83	-0.37	1.17	-0.46	0.14	-0.85	0.99	13.7	13.7	5.7
1998/03/23[1]	1.99	-0.12	2.06	-0.13	1.25	-0.84	0.16	-1.0	1.16	-6.9	-6.9	-3.6
1998/05/20[3]	0.0	-0.07	0.16	-0.85	0.89	-0.8	0.39	-0.92	1.31	-6.9	-6.9	4.1
1998/05/21[4]	0.26	0.21	0.73	0.14	1.01	0.0	0.16	-0.85	1.02	-6.9	-6.9	4.1
1998/06/04[4]	0.33	-0.03	1.14	-0.64	0.93	-0.61	0.31	-0.73	1.04	-6.9	-6.9	-2.1
1998/07/30[4]	0.13	0.24	0.78	-0.16	0.96	-0.38	0.26	-0.73	0.99	21.0	-1.4	-6.2
1998/12/07[1]	0.56	-0.11	0.79	-0.28	0.97	-0.62	2.3	-0.79	3.09	24.7	9.1	9.1
1999/03/17[3]	-1.08	-0.26	-0.14	-1.22	1.33	-0.28	1.01	-0.34	1.35	-18.2	-3.7	-8.9
1999/04/13[2]	0.09	-0.02	0.48	-0.55	0.71	-0.92	0.61	-1.14	1.75	13.7	13.7	5.2
1999/09/16[4]	-0.01	0.04	0.99	-0.71	0.73	-0.61	0.26	-0.8	1.06	-3.4	8.9	8.9
1999/09/17[5]	-1.09	0.18	0.33	-1.28	0.88	-0.01	0.99	-0.71	1.7	-3.4	8.9	8.9
1999/09/23[4]	0.6	0.41	1.74	0.26	1.3	-0.35	0.82	-0.65	1.47	-3.4	8.9	8.9
1999/09/30[4]	-2.42	-0.12	-0.01	-2.51	0.94	-0.67	0.8	-0.85	1.64	-3.4	8.9	8.9
1999/12/06[1]	0.21	-0.02	1.37	-0.33	1.14	-0.86	0.15	-1.23	1.38	-3.4	5.0	5.0
2000/04/25[2]	0.57	0.26	1.42	0.17	0.77	-0.1	0.55	-0.85	1.4	-20.9	16.4	4.5
2000/06/20[2]	1.16	0.43	1.18	0.15	0.88	-0.4	0.43	-0.79	1.22	26.4	-8.8	3.4
2000/08/15[2]	0.39	0.18	0.56	-0.12	0.82	-0.66	0.19	-1.09	1.28	26.4	15.2	6.2
2000/10/13[5]	-0.28	-0.07	0.08	-0.73	0.91	-0.74	0.38	-0.95	1.33	-11.4	-11.4	3.9
2000/10/16[1]	0.52	0.02	0.54	-0.18	0.72	-0.28	0.08	-0.73	0.82	-11.4	-11.4	3.9
2000/12/25[1]	0.46	0.19	0.53	-0.25	1.13	-0.96	0.02	-1.21	1.23	-11.4	-0.4	3.1
2001/04/19[4]	-1.23	0.04	0.27	-1.25	0.78	-0.63	0.05	-1.56	1.62	-11.2	15.1	4.7
2001/05/25[5]	-0.38	0.1	0.3	-0.77	0.98	0.0	0.21	-0.76	0.98	-11.2	-3.5	5.5
2001/05/28[1]	-0.35	-0.05	0.45	-0.59	1.09	-0.38	0.3	-0.77	1.06	-11.2	-3.5	5.5
2001/05/29[2]	1.73	0.04	1.74	0.04	0.72	-0.35	0.45	-0.59	1.04	-11.2	-3.5	-2.1
2001/06/04[1]	0.11	-0.07	0.55	-0.27	1.45	-0.96	0.11	-1.12	1.23	-11.2	-3.5	-2.1
2001/06/11[1]	0.2	-0.07	0.42	-0.33	0.87	-0.98	0.05	-1.32	1.37	-11.2	-3.5	3.3
2001/06/28[4]	0.08	0.18	0.38	-0.04	0.94	-0.58	0.33	-0.72	1.05	18.6	-3.9	3.7
2001/07/09[1]	0.96	0.05	0.96	0.05	1.04	-0.12	0.39	-0.24	0.63	18.6	-3.9	3.7
2001/07/17[2]	0.74	0.15	1.01	0.15	0.99	-0.75	0.05	-1.51	1.56	18.6	-3.9	3.7
2001/11/14[3]	-0.06	0.09	0.63	-0.48	0.92	-0.05	0.89	-0.12	1.0	-32.5	-11.1	-9.7
2001/11/15[4]	1.12	7.16	7.44	0.98	0.98	-0.06	0.63	-0.48	1.11	-32.5	-11.1	-9.7
2002/04/23[2]	-0.02	0.06	0.73	-0.21	0.9	-0.52	0.66	-0.52	1.18	26.5	6.6	6.6
2002/04/24[3]	0.47	0.01	0.59	-0.38	1.12	-0.02	0.73	-0.21	0.93	26.5	6.6	6.6
2002/06/14[5]	-0.04	-0.39	-0.01	-0.75	0.83	-0.78	-0.19	-0.92	0.73	-14.1	-13.1	5.9
2002/06/17[1]	1.79	0.07	1.98	0.07	0.8	-0.04	-0.01	-0.75	0.74	-14.1	-13.1	5.9
2002/07/15[1]	-0.0	-0.05	1.21	-0.24	0.99	-0.88	-0.04	-1.06	1.02	20.2	20.2	-0.4
2002/07/16[2]	1.04	0.12	1.09	-0.61	0.83	-0.0	1.21	-0.24	1.45	20.2	20.2	-0.4
2002/07/26[5]	0.86	-0.1	0.89	-0.26	0.95	-0.23	0.66	-0.41	1.07	20.2	20.2	-1.6
2002/08/09[5]	-0.72	-0.29	-0.23	-0.78	1.08	-0.66	-0.08	-1.02	0.94	20.2	20.2	2.5
2002/08/12[1]	0.2	-0.09	0.58	-0.09	0.99	-0.72	-0.23	-0.78	0.55	20.2	20.2	2.5
2002/08/30[5]	0.21	0.04	0.35	-0.16	0.7	-0.02	0.22	-0.17	0.39	20.2	4.4	4.4
2002/10/25[5]	-1.76	-0.12	-0.12	-1.92	0.91	-0.99	0.38	-1.2	1.58	20.2	4.4	3.6
2003/08/20[3]	-0.11	0.04	0.34	-0.5	1.18	-0.95	0.03	-1.61	1.64	14.0	-4.9	2.2
2003/08/21[4]	-0.1	-0.09	0.67	-0.28	0.74	-0.11	0.34	-0.5	0.84	14.0	-4.9	2.2
2003/08/22[5]	-0.86	-0.4	-0.39	-1.36	1.31	-0.1	0.67	-0.28	0.95	14.0	-4.9	2.2
2003/08/25[1]	0.23	-0.11	0.53	-0.44	0.98	-0.86	-0.39	-1.36	0.97	14.0	-4.9	2.2
2003/09/04[4]	-1.4	-0.07	-0.05	-1.99	1.02	-0.21	0.38	-0.42	0.8	14.0	3.5	3.5
2003/10/15[3]	-1.51	-0.04	0.1	-1.72	1.15	-0.53	1.91	-0.73	2.64	14.0	4.7	4.7
2003/10/27[1]	0.64	-0.2	0.89	-0.56	1.0	-0.35	0.21	-1.02	1.23	14.0	4.7	4.2
2003/12/29[1]	0.91	-0.04	1.07	-0.05	1.15	-0.78	-0.06	-1.14	1.07	-20.7	-7.5	6.7
2004/01/15[4]	0.61	0.09	0.96	-0.34	0.96	-0.15	0.98	-0.37	1.35	-20.7	-7.5	-2.2
2004/02/12[4]	-0.21	-0.07	0.73	-0.69	0.99	-0.67	0.75	-0.87	1.62	-20.7	-7.5	15.0
2004/02/13[5]	2.14	0.26	2.14	0.26	0.88	-0.21	0.73	-0.69	1.42	-20.7	-7.5	15.0
2004/11/25[4]	0.21	-0.13	0.53	-0.13	0.85	-0.06	0.25	-0.43	0.68	18.8	7.6	0.5
2004/12/14[2]	0.83	0.04	0.95	-0.51	0.79	-0.31	0.3	-0.52	0.82	18.8	7.6	-2.5
2004/12/29[3]	0.06	0.0	0.51	-0.62	0.98	-0.21	0.6	-0.49	1.09	18.8	7.6	-6.0
2005/03/24[4]	-0.0	-0.09	0.41	-0.64	0.79	-0.16	0.48	-1.74	2.22	11.9	11.9	3.9
2005/03/25[5]	-0.05	-0.11	-0.03	-1.14	0.9	-0.0	0.41	-0.64	1.05	11.9	11.9	3.9
2005/03/28[1]	-0.15	0.01	0.95	-0.25	0.98	-0.05	-0.03	-1.14	1.12	11.9	11.9	3.9
2005/03/29[2]	-2.21	-0.18	-0.18	-2.3	1.02	-0.15	0.95	-0.25	1.2	11.9	11.9	3.9
2005/04/25[1]	0.62	-0.14	1.13	-0.78	0.99	-0.51	-0.39	-1.55	1.15	11.9	7.9	7.9
2005/10/20[4]	0.5	0.05	0.91	-0.35	1.12	-0.31	-0.08	-1.06	0.98	22.6	1.8	3.2
2006/08/03[4]	-1.61	0.03	0.39	-1.84	0.77	-0.24	0.42	-0.99	1.41	64.6	16.2	4.2
2006/10/12[4]	0.73	-0.12	0.95	-0.28	1.2	-0.61	0.08	-0.86	0.94	-12.3	-12.3	5.2
2007/03/29[4]	-0.35	-0.37	0.23	-1.33	0.88	-0.09	1.09	-0.72	1.81	-12.3	-10.7	4.8
2007/03/30[5]	2.77	0.31	2.77	0.26	0.71	-0.35	0.23	-1.33	1.56	-12.3	-10.7	4.8
2008/05/19[1]	-5.67	-0.2	0.45	-6.06	0.78	-0.88	-0.08	-1.77	1.69	-45.8	26.6	5.7
2008/06/05[4]	-1.06	-0.23	0.1	-1.6	0.88	-0.92	-0.26	-1.43	1.17	-45.8	26.6	-10.1
2010/03/24[3]	-1.65	-0.19	-0.19	-1.72	1.05	-0.12	0.44	-0.36	0.8	-14.0	-4.5	4.0
2010/04/26[1]	-2.13	-0.32	-0.32	-3.65	0.84	-0.86	0.55	-0.93	1.48	10.1	7.4	-7.6
2010/11/11[4]	-7.0	-0.66	-0.19	-7.18	1.1	-0.15	1.69	-0.5	2.19	-27.1	-4.9	19.4
2010/12/17[5]	-1.58	0.43	0.91	-3.36	0.82	-0.28	0.11	-0.61	0.72	37.4	6.5	5.2
2010/12/24[5]	-2.02	0.15	2.01	-2.27	0.91	-0.69	0.35	-1.37	1.71	37.4	6.5	-4.6
2011/01/07[5]	-1.93	0.03	0.56	-2.24	1.09	-0.2	1.46	-0.77	2.23	37.4	-7.4	-3.0
2011/05/30[1]	1.63	0.07	1.63	-0.5	0.81	-0.13	0.89	-0.76	1.65	15.3	7.6	1.8
2011/07/07[4]	0.09	-0.02	0.69	-0.4	1.13	-0.26	0.99	-0.41	1.4	-14.9	-14.9	-5.2
2012/06/07[4]	-0.5	0.86	0.9	-0.72	1.11	-0.58	1.26	-0.84	2.1	9.4	-2.5	3.6
2012/06/08[5]	1.47	0.25	1.94	-0.03	1.05	-0.5	0.9	-0.72	1.63	9.4	-2.5	3.6
2012/08/17[5]	-0.51	-0.88	-0.18	-1.64	0.91	-1.0	0.12	-1.91	2.03	9.4	3.6	3.6
2012/08/20[1]	0.12	-0.08	1.09	-0.45	1.07	-0.51	-0.18	-1.64	1.47	9.4	3.6	3.6
2012/11/07[3]	-1.89	-0.84	-0.44	-1.89	0.81	-0.33	0.43	-0.64	1.07	-18.5	2.7	3.4
2012/11/20[2]	1.22	0.04	1.25	-0.79	1.02	-0.1	1.11	-0.21	1.32	-18.5	2.7	3.4
2013/03/27[3]	-2.88	-1.36	-1.36	-3.02	0.94	-0.02	1.42	-0.63	2.05	25.4	-4.1	5.1
2013/04/12[5]	-1.15	-0.48	-0.19	-1.6	0.96	-0.96	0.61	-1.09	1.7	25.4	-4.1	-7.0
2013/07/26[5]	-2.23	-0.91	-0.91	-2.6	0.79	-0.65	0.14	-1.36	1.49	-20.8	13.1	-5.8
2013/08/30[5]	0.5	0.15	0.82	-0.66	1.23	-0.15	0.92	-0.63	1.55	-20.8	-7.7	-7.7
2013/09/06[5]	2.71	0.65	3.11	0.47	0.96	-0.07	0.82	-0.36	1.19	-20.8	-7.7	-7.7
2013/11/25[1]	-0.17	-0.18	0.35	-0.51	0.92	-0.4	0.79	-0.87	1.65	22.7	-0.7	-4.0
2013/11/26[2]	0.98	-0.15	1.35	-0.21	0.95	-0.17	0.35	-0.51	0.85	22.7	-0.7	-4.0
2013/12/09[1]	0.4	0.17	0.91	-0.11	0.97	-0.08	0.79	-0.45	1.24	-0.4	8.7	4.1
2014/01/09[4]	-1.27	-0.3	-0.19	-1.31	1.03	-0.71	0.94	-0.79	1.73	-0.4	8.7	2.5
2014/03/27[4]	-0.1	-0.11	0.86	-0.4	1.12	-0.98	0.45	-1.24	1.69	-9.3	-9.3	0.6
2014/03/28[5]	0.34	0.75	1.59	-0.27	1.05	-0.1	0.86	-0.4	1.26	-9.3	-9.3	0.6
2014/08/21[4]	0.61	-0.09	0.8	-0.16	0.94	-0.15	0.02	-1.48	1.5	-7.2	-3.7	3.1
2014/09/11[4]	0.36	-0.17	0.36	-0.59	1.16	-0.5	1.13	-0.77	1.9	-7.2	9.1	-2.5
2014/12/23[2]	-2.63	0.41	0.53	-3.7	0.69	-0.36	1.75	-1.12	2.87	14.5	-4.7	3.2
2016/04/29[5]	2.96	0.03	2.96	-0.35	0.83	-0.08	0.46	-0.49	0.95	17.4	-6.2	0.4
2016/07/11[1]	1.54	-0.11	1.54	-1.01	1.16	-0.16	1.15	-0.22	1.38	-10.2	5.9	3.8
2016/10/28[5]	-0.06	-0.24	0.07	-0.75	1.08	-0.72	0.44	-0.72	1.17	5.7	5.7	5.7
2016/10/31[1]	0.86	0.1	0.87	0.02	0.86	-0.06	0.07	-0.75	0.83	None	None	None
2016/12/29[4]	0.17	0.16	0.44	-0.14	0.94	-0.27	0.35	-0.35	0.7	None	None	None
2017/01/12[4]	-1.21	0.04	0.24	-1.32	0.97	-0.82	0.2	-0.86	1.06	None	None	None
------------------------------------------------------------------------
增加成交量匹配条件：
------------------------------------------------------------------------
模式识别结果统计:
统计总数	<=0(占比%)	>=1	<-1
30   	18(60.00%)	1	5
收盘涨幅:-4.41	-2.36	-2.21	-1.93	-1.51	-0.72	-0.65	-0.51	-0.5	-0.5	-0.5	-0.5	-0.44	-0.43	-0.35	-0.16	-0.15	-0.1	0.09	0.12	0.26	0.36	0.41	0.47	0.6	0.64	0.83	0.91	0.91	1.22
收盘涨幅中位数:-0.26
------------------------------------------------------------------------
日期[星期]	次日涨幅	次日开盘	次日最高	次日最低	量能	当日涨幅	当日最高	当日最低	当日波动幅度	60日周期(%)	20日周期(%)	10日周期(%)
1991/04/10[3]	-0.51	-0.51	-0.51	-0.51	2.37	-0.5	-0.5	-0.5	0.0	None	5.3	2.1
1991/04/19[5]	-0.5	-0.5	-0.5	-0.5	1.21	-0.5	-0.5	-0.5	0.0	None	5.3	2.1
1991/04/25[4]	-0.5	-0.5	-0.5	-0.5	1.09	-0.49	-0.49	-0.49	0.0	None	5.3	2.1
1991/05/08[3]	-0.5	-0.5	-0.5	-0.5	3.03	-0.5	-0.5	-0.5	0.0	None	5.3	2.1
1991/05/27[1]	-0.44	-0.44	-0.44	-0.44	3.03	-0.5	-0.5	-0.5	0.0	5.0	-22.2	-14.1
1991/05/30[4]	-0.43	-0.43	-0.43	-0.43	1.5	-0.43	-0.43	-0.43	0.0	5.0	-22.2	-14.1
1991/08/09[5]	0.41	-0.32	0.41	-0.38	1.22	-0.3	0.12	-0.78	0.9	5.0	-4.9	-4.9
1991/09/19[4]	-0.16	-0.31	0.25	-0.69	1.17	-0.68	0.11	-1.38	1.49	5.0	45.0	3.3
1993/10/22[5]	-2.36	-0.65	-0.53	-2.8	1.52	-0.69	0.11	-1.44	1.55	34.0	8.1	8.1
1995/06/14[3]	-4.41	-0.25	-0.04	-5.46	1.07	-0.46	0.41	-0.76	1.16	69.3	69.3	-27.4
1995/06/29[4]	-0.15	-0.23	-0.15	-1.66	1.18	-0.72	0.17	-1.24	1.41	69.3	69.3	3.9
1996/02/08[4]	0.83	-0.1	1.53	-0.11	1.35	-0.14	0.27	-0.27	0.53	-35.3	-33.0	-3.9
1997/11/18[2]	-0.65	0.01	0.55	-1.15	1.04	-0.91	0.94	-0.94	1.88	-18.9	-2.3	4.8
1998/01/21[3]	0.91	-0.08	1.71	-0.19	1.29	-0.76	0.33	-0.9	1.23	8.3	-11.2	-11.2
1998/05/21[4]	0.26	0.21	0.73	0.14	1.01	0.0	0.16	-0.85	1.02	-6.9	-6.9	4.1
1999/09/23[4]	0.6	0.41	1.74	0.26	1.3	-0.35	0.82	-0.65	1.47	-3.4	8.9	8.9
2001/05/28[1]	-0.35	-0.05	0.45	-0.59	1.09	-0.38	0.3	-0.77	1.06	-11.2	-3.5	5.5
2002/04/24[3]	0.47	0.01	0.59	-0.38	1.12	-0.02	0.73	-0.21	0.93	26.5	6.6	6.6
2002/08/09[5]	-0.72	-0.29	-0.23	-0.78	1.08	-0.66	-0.08	-1.02	0.94	20.2	20.2	2.5
2003/10/15[3]	-1.51	-0.04	0.1	-1.72	1.15	-0.53	1.91	-0.73	2.64	14.0	4.7	4.7
2003/10/27[1]	0.64	-0.2	0.89	-0.56	1.0	-0.35	0.21	-1.02	1.23	14.0	4.7	4.2
2003/12/29[1]	0.91	-0.04	1.07	-0.05	1.15	-0.78	-0.06	-1.14	1.07	-20.7	-7.5	6.7
2005/03/29[2]	-2.21	-0.18	-0.18	-2.3	1.02	-0.15	0.95	-0.25	1.2	11.9	11.9	3.9
2011/01/07[5]	-1.93	0.03	0.56	-2.24	1.09	-0.2	1.46	-0.77	2.23	37.4	-7.4	-3.0
2011/07/07[4]	0.09	-0.02	0.69	-0.4	1.13	-0.26	0.99	-0.41	1.4	-14.9	-14.9	-5.2
2012/06/07[4]	-0.5	0.86	0.9	-0.72	1.11	-0.58	1.26	-0.84	2.1	9.4	-2.5	3.6
2012/08/20[1]	0.12	-0.08	1.09	-0.45	1.07	-0.51	-0.18	-1.64	1.47	9.4	3.6	3.6
2012/11/20[2]	1.22	0.04	1.25	-0.79	1.02	-0.1	1.11	-0.21	1.32	-18.5	2.7	3.4
2014/03/27[4]	-0.1	-0.11	0.86	-0.4	1.12	-0.98	0.45	-1.24	1.69	-9.3	-9.3	0.6
2014/09/11[4]	0.36	-0.17	0.36	-0.59	1.16	-0.5	1.13	-0.77	1.9	-7.2	9.1	-2.5
------------------------------------------------------------------------
昨日市场情绪指数:	36.00
------------------------------------------------------------------------
市场风险指数:	7.40
------------------------------------------------------------------------
周期(日)	幅度	低点	高点	点位	涨幅	信号
5日	0.25	10477.57	10666.12	10524.71	0.04%	注意压力位！
5日	0.33	10477.57	10666.12	10539.79	0.18%	注意压力位！
5日	0.5	10477.57	10666.12	10571.85	0.48%	注意压力位！	!0.5
5日	0.618	10477.57	10666.12	10594.09	0.69%	注意压力位！
5日	0.825	10477.57	10666.12	10633.12	1.06%
10日	0.25	10459.74	10666.12	10511.33	-0.09%	支撑位！
10日	0.33	10459.74	10666.12	10527.85	0.07%	注意压力位！
10日	0.5	10459.74	10666.12	10562.93	0.40%	注意压力位！	!0.5
10日	0.618	10459.74	10666.12	10587.28	0.63%	注意压力位！
10日	0.825	10459.74	10666.12	10630.00	1.03%
20日	0.25	10308.22	10666.12	10397.69	-1.18%
20日	0.33	10308.22	10666.12	10426.33	-0.91%	支撑位！
20日	0.5	10308.22	10666.12	10487.17	-0.32%	支撑位！	!0.5
20日	0.618	10308.22	10666.12	10529.40	0.08%	注意压力位！
20日	0.825	10308.22	10666.12	10603.49	0.78%	注意压力位！
30日	0.25	10160.11	10666.12	10286.61	-2.28%	!30日
30日	0.33	10160.11	10666.12	10327.09	-1.88%	!30日
30日	0.5	10160.11	10666.12	10413.12	-1.03%	!30日	!0.5
30日	0.618	10160.11	10666.12	10472.82	-0.46%	支撑位！	!30日
30日	0.825	10160.11	10666.12	10577.57	0.54%	注意压力位！	!30日
60日	0.25	9482.84	10666.12	9778.66	-7.59%
60日	0.33	9482.84	10666.12	9873.32	-6.56%
60日	0.5	9482.84	10666.12	10074.48	-4.43%	!0.5
60日	0.618	9482.84	10666.12	10214.11	-3.00%
60日	0.825	9482.84	10666.12	10459.05	-0.59%	支撑位！
90日	0.25	9482.84	11124.81	9893.33	-6.34%
90日	0.33	9482.84	11124.81	10024.69	-4.95%
90日	0.5	9482.84	11124.81	10303.83	-2.11%	!0.5
90日	0.618	9482.84	11124.81	10497.58	-0.22%	支撑位！
90日	0.825	9482.84	11124.81	10837.47	2.92%
120日	0.25	9482.84	11124.81	9893.33	-6.34%
120日	0.33	9482.84	11124.81	10024.69	-4.95%
120日	0.5	9482.84	11124.81	10303.83	-2.11%	!0.5
120日	0.618	9482.84	11124.81	10497.58	-0.22%	支撑位！
120日	0.825	9482.84	11124.81	10837.47	2.92%
150日	0.25	9482.84	11124.81	9893.33	-6.34%
150日	0.33	9482.84	11124.81	10024.69	-4.95%
150日	0.5	9482.84	11124.81	10303.83	-2.11%	!0.5
150日	0.618	9482.84	11124.81	10497.58	-0.22%	支撑位！
150日	0.825	9482.84	11124.81	10837.47	2.92%
180日	0.25	9482.84	11124.81	9893.33	-6.34%
180日	0.33	9482.84	11124.81	10024.69	-4.95%
180日	0.5	9482.84	11124.81	10303.83	-2.11%	!0.5
180日	0.618	9482.84	11124.81	10497.58	-0.22%	支撑位！
180日	0.825	9482.84	11124.81	10837.47	2.92%
