------------------------------------------------------------------------
999999
------------------------------------------------------------------------
--------正在查找历史K线日期：！！！！日期选完，请注意看K线趋势，同时注意成交量的表现：
------------------------------------------------------------------------
--------最近交易日的相关数据：
日期[星期]    	价格	涨幅	最大涨幅	最小涨幅	量比	波动幅度	60日涨幅%	30涨幅%	10涨幅%
2017/02/22[3]	3261.22	0.24	0.25	-0.29	0.98	0.54	2.85%	3.11%	1.53%
2017/02/23[4]	3251.38	-0.3	0.09	-0.76	1.01	0.85	2.53%	2.69%	0.93%
2017/02/24[5]	3253.43	0.06	0.08	-0.55	0.89	0.63	2.59%	2.66%	0.78%
------------------------------------------------------------------------
模式识别结果统计:
统计总数	<=0(占比%)	>=1	<-1
42   	19(45.24%)	9	2
收盘涨幅:-1.41	-1.13	-0.96	-0.95	-0.89	-0.82	-0.76	-0.69	-0.52	-0.41	-0.39	-0.36	-0.35	-0.35	-0.32	-0.3	-0.17	-0.1	-0.01	0.03	0.07	0.12	0.2	0.24	0.3	0.32	0.35	0.46	0.63	0.79	0.83	0.85	0.93	1.02	1.18	1.21	1.57	2.35	2.38	3.34	3.59	4.56
收盘涨幅中位数:0.10
------------------------------------------------------------------------
日期[星期]	次日涨幅	次日开盘	次日最高	次日最低	量能	当日涨幅	当日最高	当日最低	当日波动幅度	60日周期	20日周期	10日周期
1991/01/17[4]	-0.01	-0.41	0.0	-0.43	1.29	0.01	0.01	-0.44	0.45	None	1	1
1991/01/21[1]	-0.39	-0.39	0.0	-0.43	0.68	0.0	0.0	-0.43	0.43	None	1	1
1992/01/21[2]	0.03	0.03	0.03	0.0	1.2	0.16	0.16	0.0	0.16	0	-1	-1
1992/02/13[4]	0.83	0.76	0.83	0.0	3.78	0.19	0.36	0.2	0.16	0	-1	-1
1992/03/16[1]	0.12	0.12	0.21	-0.01	1.05	0.18	0.28	0.0	0.28	0	-1	-1
1992/03/20[5]	0.24	0.16	0.28	-0.14	0.23	0.18	0.19	0.0	0.19	0	-1	-1
1992/04/10[5]	2.38	1.37	2.68	0.0	2.23	0.1	0.1	-0.12	0.22	0	-1	-1
1992/06/17[3]	-0.1	-0.21	0.28	-0.96	0.99	0.25	1.7	-0.04	1.74	1	1	-1
1992/06/19[5]	-0.17	0.15	0.71	-0.53	0.86	0.3	0.3	-0.57	0.87	1	1	-1
1996/06/21[5]	-0.35	0.23	0.33	-0.86	0.95	0.32	1.56	-0.01	1.57	1	-1	1
1998/06/03[3]	-0.96	0.07	0.21	-1.22	1.08	0.49	0.57	0.0	0.57	-1	-1	0
1998/06/24[3]	-1.41	0.09	0.16	-1.75	0.99	0.27	0.3	-0.51	0.81	1	-1	-1
1999/07/30[5]	0.93	0.35	1.31	0.12	1.66	0.35	0.59	-0.53	1.12	1	1	1
2000/06/28[3]	-0.52	0.12	0.19	-1.18	0.94	0.24	0.52	-0.15	0.67	1	1	0
2000/07/21[5]	-0.36	0.1	0.18	-0.67	0.68	0.24	0.34	0.01	0.33	1	1	1
2000/07/25[2]	0.79	0.14	0.79	0.14	0.95	0.37	0.43	-0.01	0.44	1	1	1
2000/11/06[1]	0.3	0.11	0.3	-0.06	1.07	0.48	0.57	0.06	0.51	-1	-1	0
2001/03/01[4]	1.02	0.2	1.13	0.2	1.9	0.3	0.47	-0.28	0.75	-1	-1	0
2001/04/19[4]	-0.95	0.05	0.31	-0.96	1.11	0.01	0.14	-1.12	1.26	-1	1	0
2001/05/18[5]	0.46	0.2	0.47	-0.03	1.15	0.4	0.4	-0.36	0.76	-1	0	0
2001/12/10[1]	-1.13	-0.04	0.02	-1.26	0.9	0.19	0.2	-0.84	1.04	-1	-1	1
2002/09/12[4]	0.07	-0.0	0.09	-0.19	0.82	0.26	0.7	-0.35	1.05	1	0	0
2003/08/01[5]	1.18	-0.01	1.18	-0.34	1.12	0.02	0.11	-0.8	0.91	1	0	0
2004/11/09[2]	3.59	0.22	4.08	-0.36	0.97	0.25	0.68	-0.33	1.01	1	-1	1
2005/12/22[4]	0.85	0.04	0.85	-0.01	0.81	0.4	0.46	-0.43	0.89	-1	0	0
2006/01/25[3]	2.35	0.39	2.35	0.39	0.86	0.48	0.65	-0.49	1.14	-1	0	1
2006/09/21[4]	-0.89	0.21	0.33	-0.97	1.02	0.49	0.65	-0.07	0.72	-1	-1	1
2006/10/30[1]	1.57	0.1	1.64	0.1	0.63	0.14	0.47	-1.05	1.51	-1	1	0
2011/05/09[1]	0.63	0.16	0.65	-0.26	0.85	0.3	0.74	-0.09	0.83	1	1	-1
2012/10/16[2]	0.32	0.26	0.68	-0.51	1.07	0.01	0.62	-0.43	1.05	-1	-1	-1
2012/12/20[4]	-0.69	0.06	1.02	-0.93	1.05	0.28	0.58	-0.89	1.47	0	0	0
2013/11/05[2]	-0.82	-0.36	0.41	-0.86	1.21	0.35	0.4	-1.15	1.55	1	-1	-1
2014/06/24[2]	-0.41	-0.17	-0.16	-0.77	1.01	0.47	0.51	-0.13	0.64	-1	0	0
2014/07/07[1]	0.2	-0.09	0.22	-0.62	0.93	0.03	0.23	-0.41	0.64	-1	0	0
2014/11/06[4]	-0.32	0.08	1.18	-0.76	0.84	0.27	0.32	-0.72	1.04	1	0	0
2015/01/15[4]	4.56	3.54	5.3	3.45	0.26	0.21	0.29	-0.46	0.75	1	1	-1
2016/05/30[1]	3.34	0.0	3.35	0.0	0.97	0.05	0.35	-0.94	1.29	-1	0	0
2016/06/07[2]	-0.3	-0.12	0.07	-0.94	0.94	0.07	0.15	-0.36	0.51	-1	1	1
2016/07/15[5]	-0.35	-0.22	0.13	-0.74	0.96	0.01	0.28	-0.31	0.59	-1	0	1
2016/08/30[2]	0.35	-0.06	0.42	-0.37	0.97	0.15	0.42	-0.13	0.55	1	1	0
2016/10/21[5]	1.21	0.04	1.49	-0.0	1.17	0.21	0.56	-0.49	1.06	-1	0	0
2017/02/24[5]	-0.76	-0.13	-0.05	-0.9	0.89	0.06	0.08	-0.55	0.63	None	None	None
------------------------------------------------------------------------
增加成交量匹配条件：
------------------------------------------------------------------------
模式识别结果统计:
统计总数	<=0(占比%)	>=1	<-1
 5   	 1(20.00%)	1	0
收盘涨幅:-0.76	0.63	0.79	0.85	4.56
收盘涨幅中位数:0.79
------------------------------------------------------------------------
日期[星期]	次日涨幅	次日开盘	次日最高	次日最低	量能	当日涨幅	当日最高	当日最低	当日波动幅度	60日周期	20日周期	10日周期
2000/07/25[2]	0.79	0.14	0.79	0.14	0.95	0.37	0.43	-0.01	0.44	1	1	1
2005/12/22[4]	0.85	0.04	0.85	-0.01	0.81	0.4	0.46	-0.43	0.89	-1	0	0
2011/05/09[1]	0.63	0.16	0.65	-0.26	0.85	0.3	0.74	-0.09	0.83	1	1	-1
2015/01/15[4]	4.56	3.54	5.3	3.45	0.26	0.21	0.29	-0.46	0.75	1	1	-1
2017/02/24[5]	-0.76	-0.13	-0.05	-0.9	0.89	0.06	0.08	-0.55	0.63	None	None	None
------------------------------------------------------------------------
昨日市场情绪指数:	45.10
------------------------------------------------------------------------
市场风险指数:	1.60
------------------------------------------------------------------------
周期(日)	幅度	低点	高点	点位	涨幅	信号
5日	0.25	3198.96	3264.08	3215.24	-0.58%
5日	0.33	3198.96	3264.08	3220.45	-0.42%
5日	0.5	3198.96	3264.08	3231.52	-0.07%	支撑位！	!0.5
5日	0.618	3198.96	3264.08	3239.20	0.16%	支撑位！
5日	0.825	3198.96	3264.08	3252.68	0.58%	支撑位！
10日	0.25	3182.8	3264.08	3203.12	-0.96%
10日	0.33	3182.8	3264.08	3209.62	-0.76%
10日	0.5	3182.8	3264.08	3223.44	-0.32%	支撑位！	!0.5
10日	0.618	3182.8	3264.08	3233.03	-0.03%	支撑位！
10日	0.825	3182.8	3264.08	3249.86	0.49%	支撑位！
20日	0.25	3095.21	3264.08	3137.43	-3.07%
20日	0.33	3095.21	3264.08	3150.94	-2.63%
20日	0.5	3095.21	3264.08	3179.64	-1.71%	!0.5
20日	0.618	3095.21	3264.08	3199.57	-1.07%
20日	0.825	3095.21	3264.08	3234.53	0.02%	支撑位！
30日	0.25	3044.29	3264.08	3099.24	-4.34%	!30日
30日	0.33	3044.29	3264.08	3116.82	-3.76%	!30日
30日	0.5	3044.29	3264.08	3154.18	-2.53%	!30日	!0.5
30日	0.618	3044.29	3264.08	3180.12	-1.69%	!30日
30日	0.825	3044.29	3264.08	3225.62	-0.26%	支撑位！	!30日
60日	0.25	3044.29	3301.21	3108.52	-4.03%
60日	0.33	3044.29	3301.21	3129.07	-3.35%
60日	0.5	3044.29	3301.21	3172.75	-1.93%	!0.5
60日	0.618	3044.29	3301.21	3203.07	-0.96%
60日	0.825	3044.29	3301.21	3256.25	0.69%	注意压力位！
90日	0.25	3033.75	3301.21	3100.61	-4.30%
90日	0.33	3033.75	3301.21	3122.01	-3.58%
90日	0.5	3033.75	3301.21	3167.48	-2.10%	!0.5
90日	0.618	3033.75	3301.21	3199.04	-1.09%
90日	0.825	3033.75	3301.21	3254.40	0.63%	注意压力位！
120日	0.25	2969.13	3301.21	3052.15	-5.95%
120日	0.33	2969.13	3301.21	3078.72	-5.04%
120日	0.5	2969.13	3301.21	3135.17	-3.15%	!0.5
120日	0.618	2969.13	3301.21	3174.36	-1.87%
120日	0.825	2969.13	3301.21	3243.10	0.28%	支撑位！
150日	0.25	2931.96	3301.21	3024.27	-6.93%
150日	0.33	2931.96	3301.21	3053.81	-5.90%
150日	0.5	2931.96	3301.21	3116.59	-3.76%	!0.5
150日	0.618	2931.96	3301.21	3160.16	-2.33%
150日	0.825	2931.96	3301.21	3236.59	0.08%	支撑位！
180日	0.25	2794.66	3301.21	2921.30	-10.70%
180日	0.33	2794.66	3301.21	2961.82	-9.19%
180日	0.5	2794.66	3301.21	3047.93	-6.10%	!0.5
180日	0.618	2794.66	3301.21	3107.71	-4.06%
180日	0.825	2794.66	3301.21	3212.56	-0.66%
------------------------------------------------------------------------
399001
------------------------------------------------------------------------
--------正在查找历史K线日期：！！！！日期选完，请注意看K线趋势，同时注意成交量的表现：
------------------------------------------------------------------------
--------最近交易日的相关数据：
日期[星期]    	价格	涨幅	最大涨幅	最小涨幅	量比	波动幅度	60日涨幅%	30涨幅%	10涨幅%
2017/02/22[3]	10444.38	0.37	0.37	-0.2	1.02	0.57	0.96%	3.22%	2.0%
2017/02/23[4]	10432.64	-0.11	0.09	-0.63	1.03	0.72	0.93%	3.09%	1.57%
2017/02/24[5]	10443.73	0.11	0.13	-0.34	0.88	0.48	1.13%	3.18%	1.43%
------------------------------------------------------------------------
模式识别结果统计:
统计总数	<=0(占比%)	>=1	<-1
147   	71(48.30%)	28	24
收盘涨幅:-4.64	-3.44	-3.13	-2.73	-2.54	-2.21	-2.1	-2.05	-1.94	-1.91	-1.9	-1.81	-1.66	-1.52	-1.44	-1.37	-1.34	-1.34	-1.11	-1.09	-1.08	-1.06	-1.05	-1.01	-0.99	-0.98	-0.96	-0.91	-0.86	-0.82	-0.79	-0.79	-0.76	-0.72	-0.71	-0.7	-0.69	-0.63	-0.62	-0.61	-0.59	-0.57	-0.55	-0.47	-0.47	-0.45	-0.41	-0.39	-0.38	-0.38	-0.34	-0.32	-0.3	-0.3	-0.29	-0.28	-0.27	-0.26	-0.25	-0.25	-0.23	-0.16	-0.16	-0.14	-0.12	-0.09	-0.08	-0.06	-0.01	-0.01	-0.01	0.01	0.02	0.04	0.06	0.09	0.11	0.14	0.14	0.2	0.22	0.22	0.22	0.23	0.26	0.27	0.28	0.29	0.3	0.32	0.33	0.34	0.36	0.38	0.38	0.43	0.46	0.46	0.47	0.52	0.53	0.61	0.62	0.64	0.64	0.67	0.74	0.74	0.76	0.76	0.77	0.78	0.78	0.78	0.79	0.84	0.89	0.99	0.99	1.0	1.03	1.11	1.13	1.19	1.2	1.2	1.2	1.25	1.38	1.41	1.56	1.59	1.6	1.71	1.78	1.86	1.87	1.91	1.94	2.34	2.57	2.8	2.86	2.96	3.16	3.46	3.78
收盘涨幅中位数:0.04
------------------------------------------------------------------------
日期[星期]	次日涨幅	次日开盘	次日最高	次日最低	量能	当日涨幅	当日最高	当日最低	当日波动幅度	60日周期	20日周期	10日周期
1991/08/03[6]	-0.16	-0.07	0.12	-0.58	0.64	0.2	0.33	-0.47	0.8	0	0	0
1991/09/25[3]	0.32	-0.49	0.39	-0.72	1.63	0.51	1.23	-0.52	1.75	0	1	0
1991/12/18[3]	-0.41	0.03	0.1	-1.0	0.92	0.04	0.48	-1.07	1.55	0	-1	-1
1992/10/04[7]	-0.76	0.09	0.53	-1.07	0.48	0.48	1.26	0.08	1.18	1	-1	1
1992/10/09[5]	0.04	0.53	2.16	-0.16	1.43	0.63	0.89	-0.76	1.66	1	-1	-1
1993/04/15[4]	0.99	0.21	1.85	-0.6	1.03	0.08	0.79	-1.25	2.04	-1	-1	1
1993/04/28[3]	-1.66	0.01	0.45	-1.91	1.07	0.31	0.75	-0.5	1.25	-1	-1	-1
1993/12/08[3]	-0.26	0.35	0.84	-0.58	0.7	0.32	0.97	-0.67	1.64	-1	-1	1
1994/11/29[2]	-0.79	0.27	0.61	-1.31	1.34	1.0	1.19	-1.4	2.59	-1	-1	1
1995/02/22[3]	1.38	3.55	6.64	1.24	8.02	0.47	10.1	0.1	10.0	0	-1	0
1995/06/20[2]	1.11	0.29	1.11	-0.46	1.27	0.0	0.91	-0.2	1.11	1	1	-1
1995/09/26[2]	-1.9	-0.5	-0.5	-1.9	0.92	0.07	0.35	-0.25	0.6	1	1	1
1995/11/03[5]	0.43	0.04	0.48	-0.51	0.98	0.96	0.99	0.01	0.97	1	1	-1
1995/11/17[5]	0.28	0.32	0.34	-0.61	0.72	0.39	0.71	-0.11	0.83	1	1	0
1995/12/07[4]	0.38	0.18	0.96	-0.01	1.73	0.0	0.2	-0.47	0.67	1	1	-1
1996/02/01[4]	-0.55	-0.02	-0.02	-1.37	0.59	0.36	0.44	-0.63	1.07	-1	-1	1
1996/03/20[3]	-0.09	-0.06	0.32	-0.16	0.84	0.05	0.23	-0.23	0.46	1	1	-1
1996/03/22[5]	0.23	-0.13	0.62	-0.29	0.93	0.61	0.64	-0.59	1.23	1	1	0
1997/04/03[4]	1.87	0.47	2.71	0.25	0.79	0.7	0.75	-1.33	2.09	-1	0	-1
1997/08/05[2]	-2.05	0.09	0.3	-2.14	0.78	0.28	1.32	0.19	1.13	-1	-1	-1
1997/09/08[1]	-1.34	-0.11	0.39	-1.35	1.25	0.13	0.31	-0.74	1.05	-1	1	1
1997/12/09[2]	0.78	0.12	1.34	0.12	1.02	0.9	0.92	0.11	0.81	-1	-1	-1
1997/12/31[3]	3.16	0.35	3.17	-0.47	1.0	0.28	0.38	-0.48	0.87	-1	-1	0
1998/04/08[3]	-0.82	0.31	0.71	-1.25	1.32	0.75	0.88	-0.32	1.21	-1	-1	0
1998/04/15[3]	-0.79	-0.14	-0.05	-0.88	1.03	0.32	0.49	-0.24	0.73	-1	-1	1
1998/05/27[3]	-0.47	0.16	0.35	-0.6	1.03	0.49	0.55	-0.26	0.81	-1	-1	0
1998/05/29[5]	0.46	0.29	0.58	-0.34	0.9	0.54	0.6	0.18	0.42	-1	-1	0
1998/09/23[3]	-2.54	-0.22	0.1	-2.56	0.99	0.29	0.63	-0.41	1.03	-1	1	1
1998/09/30[3]	-0.47	0.03	0.08	-0.83	0.9	0.92	1.04	0.14	0.9	-1	-1	-1
1998/10/15[4]	0.79	0.52	1.04	0.12	1.16	0.57	0.7	-0.61	1.31	-1	-1	0
1998/10/30[5]	-0.45	0.24	0.43	-1.01	0.95	0.73	1.78	-0.05	1.82	-1	-1	-1
1998/11/12[4]	-0.38	-0.0	0.27	-1.06	0.97	0.3	1.36	-0.03	1.39	-1	-1	-1
1998/11/24[2]	-1.81	0.13	0.74	-1.87	1.5	0.14	0.81	-0.08	0.89	1	1	1
1998/12/02[3]	-0.69	0.0	0.29	-0.94	1.04	0.64	0.68	-0.63	1.31	1	1	1
1999/01/21[4]	0.64	0.26	1.09	-0.01	1.14	0.48	0.54	-0.54	1.08	1	-1	0
1999/01/29[5]	-0.3	-0.08	0.75	-0.62	0.66	0.28	0.96	-0.6	1.56	1	-1	0
1999/02/02[2]	-0.96	-0.02	0.19	-1.12	0.9	0.04	0.18	-1.01	1.19	1	-1	0
1999/07/28[3]	0.2	0.78	1.43	-0.4	1.0	0.63	1.6	-0.14	1.74	1	1	1
1999/08/31[2]	-2.21	0.1	0.14	-2.46	0.81	0.34	0.69	-0.92	1.61	1	1	1
2000/01/26[3]	2.86	1.2	3.14	0.43	0.77	0.32	0.75	-0.68	1.43	-1	1	-1
2000/03/30[4]	-1.06	-0.05	-0.05	-2.03	1.25	0.46	0.55	-0.45	1.0	-1	-1	0
2000/06/28[3]	0.46	0.22	0.48	-0.49	0.88	0.17	0.78	-0.17	0.95	1	1	0
2000/07/20[4]	-0.08	0.15	0.4	-0.19	0.68	0.16	0.32	-0.83	1.15	1	1	1
2000/07/31[1]	0.22	0.13	0.66	0.05	1.27	0.85	0.86	-0.31	1.18	1	1	1
2000/08/03[4]	-0.01	0.21	0.84	-0.75	0.91	0.36	0.73	-0.03	0.75	1	1	1
2000/08/07[1]	0.78	0.11	0.93	0.11	0.73	0.71	0.74	-0.56	1.29	1	1	1
2000/08/21[1]	-1.52	0.04	0.38	-1.59	1.38	0.28	0.3	-0.42	0.72	1	1	1
2000/10/25[3]	-1.05	0.08	0.24	-1.17	1.69	0.9	1.14	-0.36	1.5	-1	-1	0
2000/11/06[1]	-0.29	0.17	0.29	-0.54	0.9	0.39	0.48	-0.22	0.71	-1	-1	0
2000/11/08[3]	1.59	-0.06	1.62	-0.07	1.03	0.91	0.93	0.08	0.85	-1	-1	0
2000/11/16[4]	0.01	0.22	0.54	-0.44	1.04	0.78	0.81	0.0	0.81	-1	-1	0
2000/12/14[4]	-0.06	0.09	0.44	-0.5	1.58	0.39	0.74	0.09	0.66	-1	0	0
2000/12/18[1]	-0.25	0.21	0.4	-0.43	0.79	0.32	0.36	-0.92	1.28	-1	0	0
2000/12/20[3]	-0.01	0.3	0.76	-0.12	1.3	0.94	0.97	-0.23	1.2	-1	0	0
2000/12/28[4]	1.0	0.08	1.05	0.08	0.94	0.54	0.67	-0.17	0.83	-1	0	0
2001/01/18[4]	1.13	0.22	1.16	0.22	1.51	0.67	1.08	0.05	1.03	1	1	0
2001/02/16[5]	1.2	0.04	1.24	-0.52	1.34	0.13	0.18	-1.5	1.68	1	1	-1
2001/05/10[4]	0.33	0.08	0.5	-0.19	0.9	0.25	0.77	-0.03	0.8	-1	0	0
2001/05/16[3]	-1.01	0.07	0.21	-1.08	0.77	0.25	0.45	-0.38	0.83	-1	0	0
2001/05/22[2]	-0.01	0.2	0.5	-0.97	0.47	0.1	0.52	0.0	0.52	-1	0	0
2001/06/21[4]	1.03	0.01	1.06	0.0	1.21	0.64	0.66	-0.21	0.88	1	0	0
2001/07/03[2]	0.14	0.14	0.55	-0.0	1.76	0.22	0.23	-0.4	0.63	1	0	0
2001/11/30[5]	1.19	0.21	1.61	0.19	1.12	0.84	0.85	-0.1	0.95	-1	-1	1
2002/05/09[4]	-0.99	0.03	0.12	-1.04	1.15	0.65	1.21	-0.36	1.57	1	0	0
2002/06/11[2]	-0.28	0.08	0.17	-1.13	0.9	0.36	0.72	-0.16	0.88	-1	-1	1
2002/07/02[2]	0.61	0.17	0.91	-0.21	0.79	0.77	0.8	-0.86	1.66	1	1	1
2002/08/01[4]	0.11	0.08	0.3	-0.17	1.04	0.32	0.63	-0.82	1.44	1	1	0
2002/08/16[5]	0.14	-0.1	0.39	-0.4	1.68	0.35	0.78	-0.83	1.61	1	1	0
2002/09/12[4]	-0.14	0.03	0.07	-0.24	0.82	0.22	0.54	-0.47	1.01	1	0	0
2002/09/25[3]	-0.62	0.04	0.33	-0.75	1.28	0.28	0.74	-0.21	0.95	1	0	-1
2002/10/16[3]	-2.1	0.04	0.04	-2.19	1.43	0.76	1.44	0.02	1.42	1	0	-1
2002/11/01[5]	1.86	0.47	1.88	0.37	0.84	0.47	0.51	-0.53	1.03	1	-1	0
2002/12/06[5]	-0.25	-0.1	0.43	-0.64	0.87	0.15	0.85	-0.44	1.28	1	-1	1
2003/03/14[5]	-0.16	-0.06	-0.06	-1.09	1.09	0.55	0.67	-0.26	0.92	-1	0	0
2003/03/21[5]	0.22	0.06	0.3	-0.21	0.97	0.99	1.02	-0.16	1.18	-1	0	0
2003/10/21[2]	2.8	0.15	3.09	0.15	1.19	0.39	0.58	-0.46	1.03	1	0	0
2004/01/02[5]	3.46	-0.06	3.57	-0.06	0.6	0.63	1.42	-0.23	1.65	-1	-1	0
2004/04/06[2]	0.3	0.09	0.71	-0.27	1.02	0.75	0.79	-0.8	1.59	-1	-1	0
2004/07/06[2]	-0.98	-0.03	-0.03	-1.24	1.4	0.5	1.63	0.13	1.51	1	-1	0
2004/07/08[4]	-0.71	0.16	0.81	-0.78	0.98	0.14	0.2	-0.62	0.82	1	1	1
2004/08/17[2]	0.22	0.13	1.12	0.07	0.82	0.3	0.66	-0.73	1.4	1	1	0
2004/11/09[2]	3.78	0.16	4.04	-0.42	1.06	0.44	0.96	-0.27	1.24	1	-1	1
2004/12/15[3]	-0.7	-0.13	0.04	-0.84	1.66	0.83	0.95	-0.51	1.47	1	1	0
2005/01/07[5]	0.89	-0.09	0.92	-0.56	1.21	0.23	1.21	-0.32	1.53	1	1	-1
2005/01/13[4]	-0.61	-0.23	1.02	-0.72	1.15	0.33	0.57	-0.3	0.87	1	1	-1
2005/02/25[5]	-0.27	-0.05	0.3	-0.71	1.19	0.18	1.55	-0.07	1.62	-1	-1	-1
2005/05/19[4]	0.09	-0.02	1.18	-0.66	0.9	0.5	0.89	-1.32	2.21	1	1	-1
2005/06/24[5]	2.34	0.84	3.23	0.84	0.84	0.31	0.37	-0.86	1.23	-1	1	-1
2005/08/01[1]	1.71	0.12	1.75	-0.41	0.85	0.11	1.18	-0.61	1.79	-1	-1	0
2005/11/08[2]	0.36	0.0	0.59	-0.26	1.12	0.26	0.31	-0.62	0.93	-1	-1	-1
2005/12/20[2]	-0.57	-0.03	0.48	-0.63	1.04	0.4	0.43	-0.35	0.78	-1	0	0
2005/12/22[4]	0.78	-0.0	0.86	-0.01	0.91	0.6	0.63	-0.31	0.95	-1	0	0
2005/12/28[3]	1.6	0.03	1.62	0.02	0.9	0.01	0.18	-0.53	0.72	-1	0	0
2006/02/24[5]	-1.34	0.16	0.31	-1.55	0.98	0.95	1.06	-0.02	1.08	-1	1	0
2006/03/31[5]	2.57	0.22	2.58	0.22	0.94	0.81	0.92	-0.62	1.54	-1	-1	-1
2006/07/12[3]	-4.64	-0.1	0.15	-5.06	1.21	0.63	1.58	0.01	1.56	1	1	1
2006/09/25[1]	-1.44	-0.28	0.03	-1.94	0.94	0.05	1.19	-0.65	1.84	-1	-1	0
2007/10/11[4]	-1.08	0.02	0.1	-5.87	0.98	0.42	0.85	-0.71	1.56	1	1	1
2009/03/31[2]	1.94	0.56	2.94	0.56	1.0	0.8	0.8	-2.26	3.06	1	-1	-1
2009/11/06[5]	0.38	0.07	0.59	-0.75	1.17	0.66	1.4	0.3	1.09	-1	1	-1
2009/11/12[4]	0.64	-0.3	0.64	-1.45	1.1	0.56	1.47	0.17	1.29	-1	1	-1
2009/12/04[5]	1.2	0.28	1.34	-0.09	1.22	0.91	1.39	-2.26	3.65	1	-1	-1
2010/06/04[5]	-1.91	-2.06	-1.02	-2.6	0.85	0.68	0.83	-0.62	1.45	1	-1	1
2010/07/16[5]	2.96	-0.81	3.55	-1.08	0.85	0.9	1.27	-1.22	2.49	-1	-1	1
2010/09/21[2]	1.78	0.47	2.03	0.19	0.77	0.54	1.01	0.02	0.98	-1	0	0
2011/03/22[2]	1.41	0.02	1.47	-0.15	0.91	0.19	0.5	-1.36	1.86	-1	-1	-1
2011/05/09[1]	0.76	0.18	0.76	-0.18	0.9	0.48	1.21	0.05	1.16	1	1	-1
2011/05/17[2]	0.84	-0.23	1.1	-0.3	1.13	0.64	1.34	-0.56	1.89	1	1	-1
2011/05/20[5]	-3.44	-0.1	-0.1	-3.44	0.85	0.02	0.52	-0.23	0.75	1	1	0
2011/07/22[5]	-3.13	-0.76	-0.51	-3.5	0.9	0.42	1.06	0.05	1.01	1	1	0
2011/10/17[1]	-2.73	-0.67	-0.42	-2.83	1.0	0.72	1.44	0.12	1.32	1	-1	-1
2012/04/10[2]	0.06	-1.15	1.27	-1.32	1.2	0.88	0.88	-2.0	2.87	-1	-1	-1
2012/09/12[3]	-1.09	-0.09	0.4	-1.09	1.0	0.54	1.44	-0.51	1.95	1	1	1
2012/12/12[3]	-0.91	-0.28	0.17	-0.91	0.84	0.31	0.7	-0.63	1.34	0	0	0
2012/12/19[3]	0.62	-0.41	0.93	-1.24	0.81	0.55	1.09	-0.4	1.49	0	0	0
2012/12/28[5]	0.99	0.18	1.02	-0.22	0.83	0.97	1.1	-0.14	1.25	0	0	0
2013/01/07[1]	0.02	-0.07	0.38	-1.08	0.94	0.14	0.4	-0.68	1.09	0	0	1
2013/04/09[2]	-0.34	0.01	0.15	-1.13	0.93	0.44	1.27	0.09	1.18	1	0	-1
2013/05/10[5]	-0.63	0.1	0.43	-1.05	0.91	0.23	0.74	-0.61	1.36	1	0	0
2013/06/18[2]	-0.59	-0.5	-0.46	-2.52	0.91	0.79	1.11	-0.42	1.53	0	1	1
2013/11/05[2]	-1.94	-0.5	-0.2	-1.96	1.23	0.41	0.51	-1.75	2.26	1	-1	-1
2014/02/14[5]	0.76	0.49	0.81	-0.22	0.83	0.34	0.49	-0.45	0.94	-1	-1	0
2014/04/04[5]	1.91	-0.46	2.15	-0.6	0.89	0.96	0.96	-0.52	1.48	-1	-1	0
2014/04/18[5]	-1.37	-0.58	0.51	-1.4	0.9	0.06	0.33	-0.94	1.27	1	1	1
2014/05/23[5]	0.47	0.67	0.91	-0.11	0.89	0.8	0.88	-0.31	1.19	-1	0	0
2014/06/24[2]	-0.32	-0.03	-0.03	-0.91	1.04	0.67	0.7	-0.1	0.81	-1	0	0
2014/07/02[3]	0.34	-0.14	0.71	-0.33	1.04	0.18	0.3	-0.54	0.84	-1	0	0
2015/03/12[4]	0.67	0.39	0.99	0.16	1.03	0.96	1.05	-0.08	1.12	1	-1	0
2015/06/05[5]	-1.11	-0.0	-0.0	-2.85	1.11	0.85	2.29	-1.13	3.42	1	-1	-1
2015/11/24[2]	1.56	0.01	1.65	-0.23	0.78	0.86	0.86	-1.17	2.03	-1	1	0
2016/05/12[4]	-0.38	-0.28	0.86	-0.88	1.01	0.16	0.2	-2.42	2.63	1	-1	0
2016/06/30[4]	-0.3	0.15	0.63	-0.51	0.89	0.28	0.47	-0.24	0.71	-1	1	0
2016/07/21[4]	-0.72	-0.05	0.13	-0.81	1.07	0.25	1.05	-0.12	1.17	-1	0	1
2016/07/25[1]	1.25	-0.03	1.25	-0.04	0.92	0.09	0.65	-0.38	1.03	-1	0	1
2016/08/26[5]	0.29	-0.03	0.59	-0.11	0.93	0.14	0.99	-0.03	1.02	1	1	0
2016/09/19[1]	-0.12	0.05	0.06	-0.35	0.93	0.99	1.11	0.21	0.9	1	0	0
2016/09/21[3]	0.74	0.58	1.08	0.48	0.98	0.37	0.53	-0.05	0.59	1	0	0
2016/09/29[4]	0.53	-0.08	0.74	-0.12	1.07	0.43	0.82	0.09	0.73	-1	0	0
2016/10/24[1]	0.27	0.04	0.27	-0.01	1.05	0.87	1.14	-0.08	1.22	-1	0	0
2016/11/03[4]	-0.39	-0.06	0.38	-0.55	1.12	0.48	1.04	-0.35	1.39	None	None	None
2016/12/15[4]	0.77	0.02	0.88	-0.16	0.98	0.23	0.97	-0.37	1.34	None	None	None
2017/01/25[3]	0.74	0.12	0.76	0.11	0.89	0.37	0.5	-0.19	0.69	None	None	None
2017/02/06[1]	-0.23	-0.06	0.15	-0.66	1.27	0.74	0.76	-0.2	0.96	None	None	None
2017/02/08[3]	0.52	-0.06	0.63	-0.13	1.08	0.74	0.74	-0.51	1.26	None	None	None
2017/02/24[5]	-0.86	-0.0	0.04	-0.94	0.88	0.11	0.13	-0.34	0.48	None	None	None
2017/02/28[2]	0.26	-0.04	0.53	-0.13	0.9	0.36	0.47	-0.13	0.6	None	None	None
2017/03/03[5]	1.2	0.09	1.2	0.09	0.93	0.29	0.36	-0.57	0.93	None	None	None
------------------------------------------------------------------------
增加成交量匹配条件：
------------------------------------------------------------------------
模式识别结果统计:
统计总数	<=0(占比%)	>=1	<-1
13   	10(76.92%)	0	1
收盘涨幅:-2.21	-0.86	-0.76	-0.63	-0.45	-0.29	-0.26	-0.08	-0.01	-0.01	0.02	0.46	0.46
收盘涨幅中位数:-0.26
------------------------------------------------------------------------
日期[星期]	次日涨幅	次日开盘	次日最高	次日最低	量能	当日涨幅	当日最高	当日最低	当日波动幅度	60日周期	20日周期	10日周期
1992/10/04[7]	-0.76	0.09	0.53	-1.07	0.48	0.48	1.26	0.08	1.18	1	-1	1
1993/12/08[3]	-0.26	0.35	0.84	-0.58	0.7	0.32	0.97	-0.67	1.64	-1	-1	1
1998/05/29[5]	0.46	0.29	0.58	-0.34	0.9	0.54	0.6	0.18	0.42	-1	-1	0
1998/10/30[5]	-0.45	0.24	0.43	-1.01	0.95	0.73	1.78	-0.05	1.82	-1	-1	-1
1999/08/31[2]	-2.21	0.1	0.14	-2.46	0.81	0.34	0.69	-0.92	1.61	1	1	1
2000/06/28[3]	0.46	0.22	0.48	-0.49	0.88	0.17	0.78	-0.17	0.95	1	1	0
2000/07/20[4]	-0.08	0.15	0.4	-0.19	0.68	0.16	0.32	-0.83	1.15	1	1	1
2000/08/03[4]	-0.01	0.21	0.84	-0.75	0.91	0.36	0.73	-0.03	0.75	1	1	1
2000/11/06[1]	-0.29	0.17	0.29	-0.54	0.9	0.39	0.48	-0.22	0.71	-1	-1	0
2001/05/22[2]	-0.01	0.2	0.5	-0.97	0.47	0.1	0.52	0.0	0.52	-1	0	0
2013/01/07[1]	0.02	-0.07	0.38	-1.08	0.94	0.14	0.4	-0.68	1.09	0	0	1
2013/05/10[5]	-0.63	0.1	0.43	-1.05	0.91	0.23	0.74	-0.61	1.36	1	0	0
2017/02/24[5]	-0.86	-0.0	0.04	-0.94	0.88	0.11	0.13	-0.34	0.48	None	None	None
------------------------------------------------------------------------
昨日市场情绪指数:	51.97
------------------------------------------------------------------------
市场风险指数:	1.20
------------------------------------------------------------------------
周期(日)	幅度	低点	高点	点位	涨幅	信号
5日	0.25	10183.38	10454.16	10251.07	-2.65%
5日	0.33	10183.38	10454.16	10272.74	-2.43%
5日	0.5	10183.38	10454.16	10318.77	-1.97%	!0.5
5日	0.618	10183.38	10454.16	10350.72	-1.66%	支撑位！
5日	0.825	10183.38	10454.16	10406.77	-1.11%	支撑位！
10日	0.25	10155.36	10454.16	10230.06	-2.86%
10日	0.33	10155.36	10454.16	10253.96	-2.62%
10日	0.5	10155.36	10454.16	10304.76	-2.11%	!0.5
10日	0.618	10155.36	10454.16	10340.02	-1.76%
10日	0.825	10155.36	10454.16	10401.87	-1.16%	支撑位！
20日	0.25	9762.78	10454.16	9935.62	-5.90%
20日	0.33	9762.78	10454.16	9990.94	-5.32%
20日	0.5	9762.78	10454.16	10108.47	-4.09%	!0.5
20日	0.618	9762.78	10454.16	10190.05	-3.26%
20日	0.825	9762.78	10454.16	10333.17	-1.83%
30日	0.25	9482.84	10454.16	9725.67	-8.19%	!30日
30日	0.33	9482.84	10454.16	9803.38	-7.33%	!30日
30日	0.5	9482.84	10454.16	9968.50	-5.56%	!30日	!0.5
30日	0.618	9482.84	10454.16	10083.12	-4.36%	!30日
30日	0.825	9482.84	10454.16	10284.18	-2.32%	!30日
60日	0.25	9482.84	11124.81	9893.33	-6.36%
60日	0.33	9482.84	11124.81	10024.69	-4.96%
60日	0.5	9482.84	11124.81	10303.83	-2.12%	!0.5
60日	0.618	9482.84	11124.81	10497.58	-0.24%	注意压力位！
60日	0.825	9482.84	11124.81	10837.47	2.91%
90日	0.25	9482.84	11124.81	9893.33	-6.36%
90日	0.33	9482.84	11124.81	10024.69	-4.96%
90日	0.5	9482.84	11124.81	10303.83	-2.12%	!0.5
90日	0.618	9482.84	11124.81	10497.58	-0.24%	注意压力位！
90日	0.825	9482.84	11124.81	10837.47	2.91%
120日	0.25	9482.84	11124.81	9893.33	-6.36%
120日	0.33	9482.84	11124.81	10024.69	-4.96%
120日	0.5	9482.84	11124.81	10303.83	-2.12%	!0.5
120日	0.618	9482.84	11124.81	10497.58	-0.24%	注意压力位！
120日	0.825	9482.84	11124.81	10837.47	2.91%
150日	0.25	9482.84	11124.81	9893.33	-6.36%
150日	0.33	9482.84	11124.81	10024.69	-4.96%
150日	0.5	9482.84	11124.81	10303.83	-2.12%	!0.5
150日	0.618	9482.84	11124.81	10497.58	-0.24%	注意压力位！
150日	0.825	9482.84	11124.81	10837.47	2.91%
180日	0.25	9482.84	11124.81	9893.33	-6.36%
180日	0.33	9482.84	11124.81	10024.69	-4.96%
180日	0.5	9482.84	11124.81	10303.83	-2.12%	!0.5
180日	0.618	9482.84	11124.81	10497.58	-0.24%	注意压力位！
180日	0.825	9482.84	11124.81	10837.47	2.91%
