------------------------------------------------------------------------
999999
------------------------------------------------------------------------
--------正在查找历史K线日期：！！！！日期选完，请注意看K线趋势，同时注意成交量的表现：
------------------------------------------------------------------------
--------最近交易日的相关数据：
日期[星期]    	价格	涨幅	最大涨幅	最小涨幅	量比	波动幅度	60日涨幅%	30涨幅%	10涨幅%
2017/03/24[5]	3269.45	0.64	0.82	-0.23	1.14	1.05	2.64%	1.04%	0.77%
2017/03/27[1]	3266.96	-0.08	0.42	-0.22	0.92	0.65	2.49%	0.88%	0.52%
2017/03/28[2]	3252.95	-0.43	-0.04	-0.64	0.8	0.6	1.97%	0.4%	-0.0%
------------------------------------------------------------------------
模式识别结果统计:
统计总数	<=0(占比%)	>=1	<-1
29   	19(65.52%)	4	6
收盘涨幅:-2.93	-2.46	-2.43	-1.6	-1.52	-1.24	-0.8	-0.77	-0.57	-0.47	-0.47	-0.46	-0.42	-0.29	-0.25	-0.21	-0.19	-0.04	-0.01	0.22	0.53	0.63	0.83	0.96	0.98	1.1	1.15	1.52	1.76
收盘涨幅中位数:-0.25
------------------------------------------------------------------------
日期[星期]	次日涨幅	次日开盘	次日最高	次日最低	量能	当日涨幅	当日最高	当日最低	当日波动幅度	60日周期(%)	20日周期(%)	10日周期(%)
1993/09/01[3]	0.83	0.03	0.83	-0.11	1.45	-0.19	0.5	-1.02	1.52	34.0	34.0	-16.2
1994/03/31[4]	-0.8	0.07	0.13	-1.79	1.23	-0.27	1.03	-0.69	1.72	-28.2	16.4	16.4
1996/02/02[5]	-2.46	0.22	0.23	-2.53	1.03	-0.12	-0.12	-1.51	1.39	-35.3	-33.0	5.1
1997/12/30[2]	1.1	0.09	1.18	0.09	0.76	-0.46	0.59	-0.59	1.19	-18.9	-8.2	-3.1
1998/03/06[5]	-0.47	0.12	0.18	-0.74	0.96	-0.09	0.12	-0.45	0.57	13.7	13.7	3.1
1998/05/06[3]	-1.52	0.03	0.31	-1.61	0.95	-0.3	0.23	-0.79	1.02	-6.9	-6.9	-3.2
1998/07/28[2]	-0.46	-0.0	0.25	-0.73	0.86	-0.3	0.18	-0.66	0.84	21.0	-1.4	-6.2
1998/10/14[3]	1.15	0.21	1.15	0.05	0.76	-0.28	0.29	-0.8	1.09	-26.7	-5.7	-3.1
1998/11/18[3]	-0.77	-0.12	-0.11	-0.89	0.97	-0.39	0.18	-0.7	0.88	24.7	9.1	9.1
1999/03/10[3]	1.52	0.05	1.86	0.04	0.9	-0.37	-0.08	-0.86	0.78	-18.2	-3.7	-8.9
2000/04/24[1]	-0.21	0.04	0.24	-1.18	1.0	-0.2	0.43	-0.75	1.18	-20.9	16.4	4.5
2000/09/15[5]	-1.6	0.06	0.14	-1.63	0.98	-0.05	-0.05	-0.64	0.59	24.7	8.3	3.7
2000/12/14[4]	-0.57	0.08	0.22	-0.69	1.51	-0.25	0.15	-0.45	0.6	-11.4	-4.4	3.2
2001/03/29[4]	0.53	-0.03	0.53	-0.26	0.99	-0.25	0.23	-0.47	0.7	-11.2	-11.2	-4.4
2001/11/26[1]	0.98	-0.02	0.98	-0.06	0.77	-0.39	-0.14	-0.97	0.83	-32.5	-11.1	11.9
2002/10/31[4]	0.22	-0.01	0.24	-0.62	0.92	-0.15	0.81	-0.25	1.05	20.2	-12.2	-4.2
2003/03/05[3]	-1.24	-0.04	0.01	-1.51	0.89	-0.47	-0.01	-1.05	1.04	-25.0	3.7	3.7
2004/04/08[4]	-2.43	0.04	0.45	-2.75	0.99	-0.24	0.2	-0.54	0.74	36.4	9.5	4.2
2005/03/28[1]	-0.42	-0.03	0.76	-0.46	0.8	-0.46	-0.06	-1.67	1.61	11.9	11.9	3.9
2005/09/16[5]	0.63	0.04	0.66	-0.23	0.81	-0.36	0.04	-0.72	0.76	-24.9	19.7	0.6
2011/04/12[2]	0.96	-0.48	0.96	-0.89	1.0	-0.05	0.54	-0.64	1.18	-16.5	-5.3	-3.0
2011/05/20[5]	-2.93	-0.18	-0.18	-3.06	0.9	-0.04	0.25	-0.32	0.57	15.3	7.6	1.8
2012/04/27[5]	1.76	1.03	2.09	0.48	0.79	-0.35	0.15	-0.45	0.61	-9.5	-9.4	-9.4
2012/11/06[2]	-0.01	-0.17	0.31	-0.6	1.0	-0.38	0.04	-1.68	1.72	-18.5	2.7	3.4
2013/11/22[5]	-0.47	-0.47	0.58	-0.68	0.83	-0.43	0.24	-0.77	1.01	22.7	-0.7	-4.0
2014/05/30[5]	-0.04	-0.0	0.51	-0.09	0.92	-0.07	0.31	-0.45	0.76	-7.2	-0.3	3.3
2014/09/10[3]	-0.29	-0.11	1.09	-0.59	0.96	-0.35	-0.2	-0.86	0.67	-7.2	9.1	-2.5
2014/11/14[5]	-0.19	1.13	1.21	-0.26	0.75	-0.27	-0.18	-1.15	0.96	14.5	-4.7	-4.7
2016/04/28[4]	-0.25	-0.35	0.17	-0.52	1.06	-0.27	0.2	-1.26	1.46	17.4	-6.2	-6.2
------------------------------------------------------------------------
增加成交量匹配条件：
------------------------------------------------------------------------
模式识别结果统计:
统计总数	<=0(占比%)	>=1	<-1
 9   	 7(77.78%)	1	3
收盘涨幅:-1.6	-1.52	-1.24	-0.77	-0.47	-0.46	-0.29	0.63	1.1
收盘涨幅中位数:-0.47
------------------------------------------------------------------------
日期[星期]	次日涨幅	次日开盘	次日最高	次日最低	量能	当日涨幅	当日最高	当日最低	当日波动幅度	60日周期(%)	20日周期(%)	10日周期(%)
1997/12/30[2]	1.1	0.09	1.18	0.09	0.76	-0.46	0.59	-0.59	1.19	-18.9	-8.2	-3.1
1998/03/06[5]	-0.47	0.12	0.18	-0.74	0.96	-0.09	0.12	-0.45	0.57	13.7	13.7	3.1
1998/05/06[3]	-1.52	0.03	0.31	-1.61	0.95	-0.3	0.23	-0.79	1.02	-6.9	-6.9	-3.2
1998/07/28[2]	-0.46	-0.0	0.25	-0.73	0.86	-0.3	0.18	-0.66	0.84	21.0	-1.4	-6.2
1998/11/18[3]	-0.77	-0.12	-0.11	-0.89	0.97	-0.39	0.18	-0.7	0.88	24.7	9.1	9.1
2000/09/15[5]	-1.6	0.06	0.14	-1.63	0.98	-0.05	-0.05	-0.64	0.59	24.7	8.3	3.7
2003/03/05[3]	-1.24	-0.04	0.01	-1.51	0.89	-0.47	-0.01	-1.05	1.04	-25.0	3.7	3.7
2005/09/16[5]	0.63	0.04	0.66	-0.23	0.81	-0.36	0.04	-0.72	0.76	-24.9	19.7	0.6
2014/09/10[3]	-0.29	-0.11	1.09	-0.59	0.96	-0.35	-0.2	-0.86	0.67	-7.2	9.1	-2.5
------------------------------------------------------------------------
昨日市场情绪指数:	35.29
------------------------------------------------------------------------
市场风险指数:	3.40
------------------------------------------------------------------------
周期(日)	幅度	低点	高点	点位	涨幅	信号
5日	0.25	3221.93	3283.24	3237.26	-0.48%	支撑位！
5日	0.33	3221.93	3283.24	3242.16	-0.33%	支撑位！
5日	0.5	3221.93	3283.24	3252.59	-0.01%	支撑位！	!0.5
5日	0.618	3221.93	3283.24	3259.82	0.21%	注意压力位！
5日	0.825	3221.93	3283.24	3272.51	0.60%	注意压力位！
10日	0.25	3221.93	3283.24	3237.26	-0.48%	支撑位！
10日	0.33	3221.93	3283.24	3242.16	-0.33%	支撑位！
10日	0.5	3221.93	3283.24	3252.59	-0.01%	支撑位！	!0.5
10日	0.618	3221.93	3283.24	3259.82	0.21%	注意压力位！
10日	0.825	3221.93	3283.24	3272.51	0.60%	注意压力位！
20日	0.25	3193.16	3283.24	3215.68	-1.16%
20日	0.33	3193.16	3283.24	3222.89	-0.93%	支撑位！
20日	0.5	3193.16	3283.24	3238.20	-0.46%	支撑位！	!0.5
20日	0.618	3193.16	3283.24	3248.83	-0.13%	支撑位！
20日	0.825	3193.16	3283.24	3267.48	0.44%	注意压力位！
30日	0.25	3193.16	3283.24	3215.68	-1.16%	!30日
30日	0.33	3193.16	3283.24	3222.89	-0.93%	支撑位！	!30日
30日	0.5	3193.16	3283.24	3238.20	-0.46%	支撑位！	!30日	!0.5
30日	0.618	3193.16	3283.24	3248.83	-0.13%	支撑位！	!30日
30日	0.825	3193.16	3283.24	3267.48	0.44%	注意压力位！	!30日
60日	0.25	3044.29	3283.24	3104.03	-4.80%
60日	0.33	3044.29	3283.24	3123.14	-4.16%
60日	0.5	3044.29	3283.24	3163.76	-2.82%	!0.5
60日	0.618	3044.29	3283.24	3191.96	-1.91%
60日	0.825	3044.29	3283.24	3241.42	-0.36%	支撑位！
90日	0.25	3044.29	3301.21	3108.52	-4.65%
90日	0.33	3044.29	3301.21	3129.07	-3.96%
90日	0.5	3044.29	3301.21	3172.75	-2.53%	!0.5
90日	0.618	3044.29	3301.21	3203.07	-1.56%
90日	0.825	3044.29	3301.21	3256.25	0.10%	注意压力位！
120日	0.25	2969.13	3301.21	3052.15	-6.58%
120日	0.33	2969.13	3301.21	3078.72	-5.66%
120日	0.5	2969.13	3301.21	3135.17	-3.76%	!0.5
120日	0.618	2969.13	3301.21	3174.36	-2.48%
120日	0.825	2969.13	3301.21	3243.10	-0.30%	支撑位！
150日	0.25	2969.13	3301.21	3052.15	-6.58%
150日	0.33	2969.13	3301.21	3078.72	-5.66%
150日	0.5	2969.13	3301.21	3135.17	-3.76%	!0.5
150日	0.618	2969.13	3301.21	3174.36	-2.48%
150日	0.825	2969.13	3301.21	3243.10	-0.30%	支撑位！
180日	0.25	2922.31	3301.21	3017.03	-7.82%
180日	0.33	2922.31	3301.21	3047.35	-6.75%
180日	0.5	2922.31	3301.21	3111.76	-4.54%	!0.5
180日	0.618	2922.31	3301.21	3156.47	-3.06%
180日	0.825	2922.31	3301.21	3234.90	-0.56%	支撑位！
------------------------------------------------------------------------
399001
------------------------------------------------------------------------
--------正在查找历史K线日期：！！！！日期选完，请注意看K线趋势，同时注意成交量的表现：
------------------------------------------------------------------------
--------最近交易日的相关数据：
日期[星期]    	价格	涨幅	最大涨幅	最小涨幅	量比	波动幅度	60日涨幅%	30涨幅%	10涨幅%
2017/03/24[5]	10646.72	0.6	0.79	-0.03	0.99	0.81	3.7%	2.11%	0.93%
2017/03/27[1]	10581.92	-0.61	0.13	-0.64	0.97	0.77	3.01%	1.34%	0.13%
2017/03/28[2]	10563.29	-0.18	0.23	-0.41	0.88	0.64	2.76%	1.06%	-0.06%
------------------------------------------------------------------------
模式识别结果统计:
统计总数	<=0(占比%)	>=1	<-1
148   	80(54.05%)	24	27
收盘涨幅:-6.22	-4.51	-4.4	-2.93	-2.67	-2.27	-2.22	-2.21	-1.91	-1.85	-1.74	-1.74	-1.65	-1.62	-1.61	-1.59	-1.52	-1.45	-1.42	-1.42	-1.39	-1.38	-1.32	-1.3	-1.01	-1.01	-1.0	-0.98	-0.98	-0.96	-0.96	-0.96	-0.95	-0.94	-0.94	-0.92	-0.86	-0.82	-0.78	-0.75	-0.72	-0.72	-0.71	-0.7	-0.68	-0.66	-0.63	-0.62	-0.61	-0.61	-0.58	-0.57	-0.5	-0.46	-0.46	-0.4	-0.4	-0.38	-0.33	-0.28	-0.28	-0.27	-0.23	-0.21	-0.16	-0.16	-0.16	-0.16	-0.15	-0.15	-0.15	-0.15	-0.12	-0.12	-0.1	-0.09	-0.06	-0.02	-0.02	0.0	0.05	0.08	0.09	0.1	0.1	0.1	0.1	0.14	0.14	0.14	0.15	0.15	0.16	0.18	0.24	0.25	0.25	0.27	0.29	0.37	0.38	0.46	0.48	0.5	0.52	0.54	0.6	0.63	0.64	0.67	0.67	0.67	0.68	0.69	0.7	0.71	0.72	0.74	0.75	0.77	0.82	0.9	0.91	0.95	1.02	1.05	1.11	1.17	1.18	1.21	1.25	1.27	1.28	1.3	1.32	1.36	1.36	1.41	1.71	1.73	1.79	1.8	1.99	2.01	2.28	2.3	3.01	4.0
收盘涨幅中位数:-0.11
------------------------------------------------------------------------
日期[星期]	次日涨幅	次日开盘	次日最高	次日最低	量能	当日涨幅	当日最高	当日最低	当日波动幅度	60日周期(%)	20日周期(%)	10日周期(%)
1991/06/29[6]	-0.94	-0.7	-0.43	-1.4	0.42	-0.13	-0.01	-1.04	1.03	5.0	-22.2	-14.1
1991/07/25[4]	-1.45	-0.6	-0.34	-1.68	1.4	-0.7	-0.13	-1.3	1.16	5.0	-4.9	-4.9
1991/08/06[2]	-0.09	-0.23	0.1	-0.42	1.06	-0.23	0.13	-0.77	0.89	5.0	-4.9	-4.9
1991/08/13[2]	-0.15	-0.15	0.21	-0.35	1.01	-0.24	0.04	-0.32	0.36	5.0	-4.9	-4.9
1991/09/14[6]	-0.71	-0.67	-0.31	-1.72	0.63	-0.4	-0.26	-1.28	1.02	5.0	-4.9	-3.1
1991/10/21[1]	-1.74	0.1	0.23	-2.2	1.85	-0.43	1.12	-1.24	2.37	5.0	-6.0	-6.0
1991/12/20[5]	0.25	0.18	0.62	-0.49	1.0	-0.14	0.54	-0.87	1.41	5.0	-6.0	-6.0
1992/03/09[1]	-0.16	0.04	0.59	-1.26	1.27	-0.33	1.1	-1.21	2.31	5.0	-6.0	-6.0
1992/03/20[5]	0.67	-0.06	1.49	-0.67	0.91	-0.53	0.37	-1.3	1.67	5.0	-6.0	-6.0
1993/10/11[1]	0.48	-0.31	0.98	-0.58	1.0	-0.77	0.65	-1.19	1.84	34.0	8.1	8.1
1994/06/10[5]	-2.93	-0.38	-0.14	-3.19	0.87	-0.61	0.55	-1.23	1.79	-28.5	15.8	-10.0
1994/11/22[2]	-0.7	-0.76	0.24	-1.85	1.03	-0.36	0.77	-0.79	1.56	-48.1	-6.5	15.6
1994/12/01[4]	-0.57	0.13	0.83	-0.85	0.53	-0.02	1.01	-1.08	2.09	-48.1	-6.5	15.6
1995/01/24[2]	0.67	0.72	2.0	0.44	1.01	-0.37	0.49	-0.64	1.13	-48.1	12.0	0.2
1995/02/15[3]	-0.94	-1.13	-0.94	-1.64	1.2	-0.13	-0.09	-1.21	1.12	-4.1	-24.6	-24.6
1995/04/19[3]	0.08	0.11	0.38	-0.29	1.08	-0.77	-0.61	-1.02	0.41	-4.1	6.6	19.8
1995/06/13[2]	-0.46	0.2	0.41	-0.76	0.95	-0.18	-0.15	-0.65	0.5	69.3	69.3	-27.4
1995/06/20[2]	1.11	0.29	1.11	-0.46	1.27	0.0	0.91	-0.2	1.11	69.3	69.3	-5.6
1995/06/28[3]	-0.72	-0.04	0.17	-1.24	0.53	-0.37	0.07	-0.8	0.86	69.3	69.3	3.9
1995/07/26[3]	0.7	0.0	0.7	-0.21	2.06	-0.81	0.64	-0.82	1.46	-34.1	18.6	18.6
1995/07/31[1]	1.28	0.02	1.28	-0.38	0.73	-0.22	0.22	-0.37	0.59	-34.1	18.6	18.6
1995/12/07[4]	0.38	0.18	0.96	-0.01	1.73	0.0	0.2	-0.47	0.67	29.9	10.3	-15.2
1995/12/14[4]	-0.96	-0.08	0.18	-1.28	0.66	-0.52	-0.18	-0.91	0.73	29.9	10.3	2.9
1995/12/22[5]	-2.27	-0.43	-0.33	-2.44	0.75	-0.08	0.28	-0.51	0.79	29.9	10.3	2.9
1996/03/27[3]	-0.68	-0.12	0.08	-0.8	0.77	-0.35	-0.25	-1.21	0.96	18.3	18.3	3.2
1997/09/01[1]	0.6	-0.0	0.91	-0.48	0.83	-0.59	0.3	-1.14	1.44	-29.4	7.4	7.4
1997/10/14[2]	2.28	0.12	2.81	-0.23	0.86	-0.03	0.04	-1.54	1.58	-18.9	-18.9	11.3
1998/01/08[4]	-0.16	-0.25	0.43	-1.58	1.09	-0.27	0.84	-0.93	1.77	-18.9	-8.2	-3.1
1998/02/13[5]	-0.46	0.14	0.14	-0.85	0.77	-0.12	0.58	-0.33	0.91	13.7	13.7	5.7
1998/03/06[5]	-1.01	0.19	0.41	-1.12	1.01	-0.66	-0.52	-1.15	0.63	13.7	13.7	3.1
1998/06/03[3]	-0.61	-0.05	0.31	-0.73	0.98	-0.38	0.13	-0.53	0.66	-6.9	-6.9	-2.1
1998/07/29[3]	-0.38	0.06	0.26	-0.73	0.91	-0.72	0.91	-0.83	1.74	21.0	-1.4	-6.2
1998/12/04[5]	-0.62	2.13	2.3	-0.79	1.01	-0.93	0.79	-1.31	2.1	24.7	9.1	9.1
1999/03/10[3]	1.8	-0.25	2.25	-0.25	0.9	-0.78	-0.11	-1.3	1.18	-18.2	-3.7	-8.9
1999/03/16[2]	-0.28	0.02	1.01	-0.34	0.83	-0.54	-0.1	-1.16	1.07	-18.2	-3.7	-8.9
1999/05/05[3]	0.95	0.04	0.99	-0.12	1.02	-0.04	0.35	-1.0	1.35	13.7	13.7	-10.1
1999/08/16[1]	1.79	0.12	4.28	0.12	1.1	-0.94	0.15	-1.49	1.64	67.6	2.0	2.0
1999/09/15[3]	-0.61	-0.06	0.26	-0.8	1.04	-0.87	0.44	-1.22	1.65	-3.4	8.9	8.9
1999/11/04[4]	0.82	-0.2	2.18	-0.2	1.36	-1.0	-0.26	-1.34	1.08	-3.4	-14.3	6.1
1999/12/03[5]	-0.86	0.15	0.15	-1.23	0.75	-0.06	0.52	-0.53	1.05	-3.4	5.0	5.0
1999/12/09[4]	1.71	-0.03	1.76	-0.29	0.91	-0.83	-0.02	-1.05	1.03	-3.4	5.0	5.0
2000/04/24[1]	-0.1	0.05	0.55	-0.85	0.92	-0.57	0.36	-0.89	1.25	-20.9	16.4	4.5
2000/06/19[1]	-0.4	-0.02	0.43	-0.79	0.78	-0.09	0.75	-0.42	1.16	26.4	-8.8	3.4
2000/07/06[4]	1.05	0.15	1.31	0.13	0.89	-0.67	0.08	-0.71	0.79	26.4	15.2	-3.3
2000/07/24[1]	0.14	-0.06	0.37	-0.25	1.03	-0.48	0.07	-0.74	0.81	26.4	15.2	6.2
2000/08/14[1]	-0.66	-0.13	0.19	-1.09	0.9	-0.1	0.47	-0.25	0.72	26.4	15.2	6.2
2000/09/15[5]	-1.74	0.08	0.08	-1.83	0.69	-0.36	-0.18	-1.06	0.88	24.7	8.3	3.7
2000/10/31[2]	0.68	0.0	0.75	-0.01	0.96	-0.52	0.32	-0.7	1.02	-11.4	-11.4	4.4
2000/12/22[5]	-0.96	0.02	0.02	-1.21	0.93	-0.46	0.23	-0.79	1.02	-11.4	-0.4	3.1
2001/01/05[5]	-1.52	0.02	0.02	-1.94	0.96	-0.18	0.12	-0.69	0.81	-11.4	-0.4	-1.9
2001/04/18[3]	-0.63	-0.05	0.05	-1.56	0.92	-0.62	0.29	-0.82	1.11	-11.2	-11.2	-2.3
2001/05/24[4]	0.0	-0.14	0.21	-0.76	0.76	-0.28	0.14	-0.52	0.66	-11.2	-3.5	5.5
2001/05/29[2]	1.73	0.04	1.74	0.04	0.72	-0.35	0.45	-0.59	1.04	-11.2	-3.5	-2.1
2001/06/08[5]	-0.98	-0.02	0.05	-1.32	1.06	-0.06	0.25	-0.64	0.9	-11.2	-3.5	3.3
2001/06/27[3]	-0.58	0.08	0.33	-0.72	0.93	-0.28	0.15	-0.52	0.67	18.6	-3.9	-3.9
2001/07/06[5]	-0.12	0.21	0.39	-0.24	0.67	-0.59	0.28	-0.66	0.94	18.6	-3.9	3.7
2001/07/16[1]	-0.75	0.02	0.05	-1.51	1.44	-0.55	1.26	-0.68	1.93	18.6	-3.9	3.7
2002/06/13[4]	-0.78	-0.19	-0.19	-0.92	0.5	-0.79	0.33	-0.95	1.28	-14.1	-13.1	5.9
2002/07/25[4]	-0.23	-0.02	0.66	-0.41	1.14	-0.56	0.74	-0.85	1.59	20.2	20.2	-1.6
2002/08/26[1]	0.25	-0.0	0.43	-0.12	0.9	-0.81	0.12	-0.96	1.08	20.2	4.4	4.4
2002/08/29[4]	-0.02	-0.03	0.22	-0.17	0.81	-0.48	0.49	-0.53	1.03	20.2	4.4	4.4
2002/09/27[5]	-1.42	-0.51	-0.51	-1.87	0.94	-0.66	0.18	-0.9	1.08	20.2	4.4	-6.6
2002/12/19[4]	1.36	0.09	1.53	-0.19	0.72	-0.09	0.16	-0.89	1.06	20.2	-14.0	-5.7
2002/12/25[3]	-2.67	-0.15	-0.13	-2.78	1.31	-0.64	0.3	-0.75	1.05	20.2	6.4	5.3
2003/02/18[2]	0.91	-0.0	0.91	-0.54	0.7	-0.11	0.18	-0.51	0.69	-25.0	15.8	5.0
2003/03/18[2]	0.72	-0.08	1.12	-0.58	0.98	-0.35	0.66	-0.4	1.06	-25.0	3.7	3.7
2003/06/17[2]	0.14	0.06	0.89	0.05	1.16	-0.48	0.38	-0.67	1.05	14.0	-3.4	2.9
2003/08/19[2]	-0.95	-0.04	0.03	-1.61	1.12	-0.29	0.5	-0.41	0.91	14.0	-4.9	2.2
2003/08/28[4]	1.17	-0.15	1.17	-0.38	1.03	-0.8	0.34	-0.84	1.18	14.0	-4.9	2.2
2003/09/22[1]	0.54	-0.21	0.58	-1.05	0.89	-0.64	0.22	-0.82	1.04	14.0	3.5	3.5
2003/10/30[4]	0.14	-0.19	1.37	-0.74	0.63	-0.94	-0.07	-1.46	1.39	14.0	4.7	4.2
2003/12/08[1]	0.46	-0.06	0.5	-0.56	0.89	-0.97	0.67	-1.13	1.79	-20.7	-7.5	11.8
2003/12/12[5]	0.24	0.01	0.51	-0.24	0.81	-0.17	0.14	-0.7	0.84	-20.7	-7.5	11.8
2003/12/17[3]	0.77	-0.18	0.81	-0.33	1.0	-0.71	1.12	-0.76	1.87	-20.7	-7.5	11.8
2004/07/21[3]	-2.22	0.15	0.46	-2.54	1.0	-0.07	0.56	-0.52	1.08	36.4	6.6	6.3
2004/08/26[4]	-1.32	-0.02	0.48	-1.63	0.86	-0.26	0.37	-0.47	0.84	36.4	6.6	4.5
2004/09/06[1]	0.18	-0.02	0.21	-0.5	0.69	-0.04	0.11	-0.46	0.57	36.4	6.6	-4.5
2004/11/24[3]	-0.06	-0.07	0.25	-0.43	0.88	-0.56	0.57	-0.64	1.21	18.8	7.6	0.5
2004/12/02[4]	0.27	0.14	0.71	-0.05	1.27	-0.42	0.03	-0.77	0.8	18.8	7.6	0.5
2004/12/07[2]	0.15	0.39	0.9	-0.01	1.06	-0.96	0.12	-1.01	1.13	18.8	7.6	0.5
2004/12/28[2]	-0.21	0.11	0.6	-0.49	1.34	-0.21	0.11	-0.76	0.87	18.8	7.6	-6.0
2005/02/18[5]	2.01	-0.07	2.03	-0.07	0.88	-0.94	0.22	-1.01	1.23	-20.6	-14.4	-6.2
2005/03/01[2]	-1.39	0.17	1.23	-1.48	0.97	-0.83	0.13	-1.28	1.4	11.9	11.9	11.9
2005/03/23[3]	-0.16	-0.28	0.48	-1.74	0.96	-0.91	1.69	-1.02	2.71	11.9	11.9	3.9
2005/03/29[2]	-2.21	-0.18	-0.18	-2.3	1.02	-0.15	0.95	-0.25	1.2	11.9	11.9	3.9
2005/07/06[3]	0.05	-0.05	0.55	-0.47	0.99	-0.74	0.83	-1.32	2.14	-24.9	-1.4	6.2
2005/08/26[5]	-1.38	-0.15	-0.11	-1.64	1.11	-0.71	0.07	-1.58	1.65	-24.9	19.7	-5.7
2005/09/12[1]	1.41	0.11	1.42	-0.16	0.75	-0.34	0.17	-0.61	0.79	-24.9	19.7	0.6
2006/06/22[4]	1.02	-0.05	1.11	-0.5	0.85	-0.27	0.56	-0.63	1.19	-12.8	-10.8	-10.8
2006/09/14[4]	1.99	-0.05	1.99	-0.06	0.88	-0.38	0.32	-1.18	1.5	-12.3	-12.3	7.0
2008/06/04[3]	-0.92	-0.48	-0.26	-1.43	0.96	-0.18	0.17	-1.96	2.13	-45.8	26.6	-10.1
2009/06/08[1]	1.21	0.34	1.21	-1.08	0.88	-0.52	0.65	-1.34	1.99	32.4	7.0	-5.6
2009/06/23[2]	2.3	-0.04	2.3	-0.18	0.94	-0.58	0.86	-2.23	3.09	32.4	7.0	11.4
2010/03/11[4]	-1.61	-0.03	0.07	-1.62	0.9	-0.19	0.62	-0.92	1.55	-14.0	7.3	-2.9
2010/03/23[2]	-0.12	0.09	0.44	-0.36	0.98	-0.38	0.39	-0.59	0.97	-14.0	-4.5	4.0
2010/03/24[3]	-1.65	-0.19	-0.19	-1.72	1.05	-0.12	0.44	-0.36	0.8	-14.0	-4.5	4.0
2010/04/07[3]	-1.62	-0.23	-0.23	-1.98	0.9	-0.56	-0.05	-1.11	1.06	-14.0	-4.5	5.6
2010/04/16[5]	-6.22	-1.36	-1.36	-6.24	0.76	-0.77	-0.04	-1.19	1.16	10.1	7.4	0.1
2010/06/24[4]	-1.42	-0.54	-0.3	-2.08	0.81	-0.05	0.85	-0.81	1.66	10.1	4.3	4.3
2010/11/10[3]	-0.15	-0.25	1.69	-0.5	0.94	-0.06	0.35	-1.25	1.61	-27.1	-4.9	19.4
2010/12/16[4]	-0.28	-0.01	0.11	-0.61	0.81	-0.26	0.66	-0.41	1.07	37.4	6.5	5.2
2011/07/19[2]	0.1	0.52	0.72	-0.84	0.87	-0.87	-0.34	-1.06	0.72	8.3	8.3	2.7
2011/07/29[5]	0.1	-0.13	0.7	-0.41	0.92	-0.79	0.25	-1.41	1.66	8.3	8.3	-5.3
2011/08/03[3]	0.1	0.27	1.05	-0.18	1.01	-0.08	0.67	-1.02	1.69	8.3	8.3	-5.3
2011/08/17[3]	-1.59	-0.01	0.17	-1.71	0.87	-0.58	0.52	-0.75	1.27	8.3	-13.8	8.2
2011/11/23[3]	0.09	-0.68	0.66	-1.2	0.96	-0.71	0.48	-0.95	1.43	10.0	10.0	-0.1
2011/11/28[1]	1.3	0.87	1.3	0.19	0.95	-0.02	0.76	-0.53	1.3	10.0	10.0	-0.1
2012/02/14[2]	1.36	-0.21	1.9	-0.29	0.88	-0.43	0.13	-1.11	1.24	-15.9	-15.9	3.0
2012/06/28[4]	1.25	-0.09	1.37	-0.21	1.02	-0.35	0.84	-0.35	1.19	9.4	-2.5	2.1
2012/07/19[4]	-1.85	-0.39	-0.0	-1.94	1.15	-0.05	1.0	-0.85	1.86	9.4	-2.5	2.6
2012/07/31[2]	1.18	-0.13	1.94	-0.15	0.96	-0.13	0.89	-0.41	1.3	9.4	-2.5	2.6
2012/08/16[4]	-1.0	-0.11	0.12	-1.91	0.88	-0.83	-0.02	-0.94	0.91	9.4	3.6	3.6
2012/11/06[2]	-0.33	-0.1	0.43	-0.64	1.08	-0.75	0.08	-1.98	2.05	-18.5	2.7	3.4
2012/12/24[1]	3.01	-0.21	3.59	-0.69	0.86	-0.31	0.5	-0.61	1.11	-2.5	-5.0	-4.2
2013/01/17[4]	1.32	0.53	1.79	-0.25	0.75	-0.49	0.19	-1.04	1.23	-2.5	-5.0	4.4
2013/03/26[2]	-0.02	-0.07	1.42	-0.63	1.01	-0.93	0.28	-1.76	2.04	25.4	-4.1	5.1
2013/04/11[4]	-0.96	-0.1	0.61	-1.09	0.91	-0.46	0.83	-0.52	1.35	25.4	-4.1	-7.0
2013/08/29[4]	-0.15	-0.21	0.92	-0.63	0.85	-0.54	0.57	-0.99	1.56	-20.8	-7.7	-7.7
2013/09/16[1]	-1.91	-0.08	-0.08	-1.91	0.96	-0.33	0.4	-0.69	1.1	22.7	11.9	11.9
2013/11/22[5]	-0.4	-0.73	0.79	-0.87	0.91	-0.69	0.43	-0.79	1.22	22.7	-0.7	-4.0
2014/03/05[3]	0.74	-0.21	1.05	-1.53	0.92	-0.67	0.32	-0.92	1.24	9.7	9.7	-7.5
2014/03/26[3]	-0.98	-0.19	0.45	-1.24	0.82	-0.11	0.55	-0.32	0.88	-9.3	-9.3	0.6
2014/07/07[1]	0.5	-0.03	0.5	-0.6	0.93	-0.17	0.54	-0.44	0.98	-7.2	-3.7	2.8
2014/07/17[4]	0.9	-0.39	1.64	-0.49	0.8	-0.92	-0.15	-1.52	1.37	-7.2	-3.7	-1.6
2014/08/20[3]	-0.15	-0.02	0.02	-1.48	0.91	-0.25	0.21	-0.54	0.75	-7.2	-3.7	-2.1
2014/09/10[3]	-0.5	-0.06	1.13	-0.77	0.99	-0.52	-0.36	-1.12	0.76	-7.2	9.1	-2.5
2014/10/14[2]	0.71	0.01	0.86	-0.66	0.99	-0.3	0.44	-0.72	1.16	-7.2	9.0	4.8
2014/11/05[3]	0.16	0.1	0.3	-0.75	0.92	-0.1	0.51	-0.21	0.72	14.5	-4.7	-4.7
2015/03/26[4]	1.27	0.52	1.71	0.04	0.92	-0.35	0.78	-1.22	1.99	49.4	-10.5	-4.1
2015/12/24[4]	0.37	0.22	0.62	-0.26	0.74	-0.58	-0.03	-1.83	1.79	29.3	10.7	8.4
2016/05/30[1]	4.0	0.18	4.0	0.18	0.87	-0.46	0.35	-1.35	1.7	-10.2	-0.0	-2.8
2016/06/08[3]	-4.4	-1.22	-0.58	-4.4	1.04	-0.3	0.24	-1.12	1.36	-10.2	5.9	5.9
2016/07/08[5]	-0.16	0.21	1.15	-0.22	0.81	-0.08	0.49	-0.57	1.06	-10.2	5.9	3.8
2016/07/18[1]	0.15	-0.08	0.2	-0.93	0.97	-0.57	0.11	-1.06	1.17	-10.2	4.2	5.1
2016/08/19[5]	-1.3	-0.03	0.2	-1.3	0.85	-0.06	0.3	-0.55	0.85	12.9	7.1	7.1
2016/09/02[5]	0.52	0.4	1.09	0.32	0.92	-0.27	0.55	-0.73	1.27	12.9	7.1	-3.2
2016/10/14[5]	-1.01	0.1	0.22	-1.25	0.95	-0.26	-0.12	-0.88	0.76	-5.5	-4.4	-2.8
2016/10/27[4]	-0.72	-0.05	0.44	-0.72	0.82	-0.26	-0.09	-0.67	0.58	5.7	5.7	5.7
2016/11/07[1]	0.64	0.36	0.85	0.25	1.01	-0.07	0.26	-0.36	0.62	None	None	None
2016/11/18[5]	0.1	-0.11	0.61	-0.25	0.94	-0.51	0.17	-0.63	0.79	None	None	None
2016/11/24[4]	0.63	-0.01	0.63	-1.25	0.93	-0.06	0.51	-0.24	0.75	None	None	None
2016/11/30[3]	0.69	0.23	0.72	0.22	0.85	-0.2	0.34	-0.47	0.81	None	None	None
2016/12/09[5]	-4.51	-0.14	-0.13	-4.61	0.98	-0.21	0.22	-0.42	0.64	None	None	None
2016/12/20[2]	0.67	0.2	0.73	0.2	0.95	-0.37	-0.06	-0.77	0.71	None	None	None
2016/12/28[3]	-0.27	-0.1	0.35	-0.35	1.02	-0.42	0.16	-0.59	0.75	None	None	None
2017/01/11[3]	-0.82	-0.08	0.2	-0.86	0.95	-0.88	0.24	-0.9	1.14	None	None	None
2017/02/15[3]	0.75	-0.02	0.75	-0.14	1.14	-0.85	0.29	-1.02	1.31	None	None	None
2017/03/09[4]	0.29	-0.05	0.53	-0.05	1.0	-0.74	-0.13	-0.91	0.78	None	None	None
------------------------------------------------------------------------
增加成交量匹配条件：
------------------------------------------------------------------------
模式识别结果统计:
统计总数	<=0(占比%)	>=1	<-1
17   	 9(52.94%)	2	4
收盘涨幅:-1.91	-1.62	-1.52	-1.42	-0.96	-0.92	-0.5	-0.46	-0.38	0.05	0.15	0.46	0.54	0.67	0.71	1.28	2.01
收盘涨幅中位数:-0.38
------------------------------------------------------------------------
日期[星期]	次日涨幅	次日开盘	次日最高	次日最低	量能	当日涨幅	当日最高	当日最低	当日波动幅度	60日周期(%)	20日周期(%)	10日周期(%)
1995/06/13[2]	-0.46	0.2	0.41	-0.76	0.95	-0.18	-0.15	-0.65	0.5	69.3	69.3	-27.4
1995/07/31[1]	1.28	0.02	1.28	-0.38	0.73	-0.22	0.22	-0.37	0.59	-34.1	18.6	18.6
1998/07/29[3]	-0.38	0.06	0.26	-0.73	0.91	-0.72	0.91	-0.83	1.74	21.0	-1.4	-6.2
2001/01/05[5]	-1.52	0.02	0.02	-1.94	0.96	-0.18	0.12	-0.69	0.81	-11.4	-0.4	-1.9
2003/09/22[1]	0.54	-0.21	0.58	-1.05	0.89	-0.64	0.22	-0.82	1.04	14.0	3.5	3.5
2003/12/08[1]	0.46	-0.06	0.5	-0.56	0.89	-0.97	0.67	-1.13	1.79	-20.7	-7.5	11.8
2005/02/18[5]	2.01	-0.07	2.03	-0.07	0.88	-0.94	0.22	-1.01	1.23	-20.6	-14.4	-6.2
2005/07/06[3]	0.05	-0.05	0.55	-0.47	0.99	-0.74	0.83	-1.32	2.14	-24.9	-1.4	6.2
2008/06/04[3]	-0.92	-0.48	-0.26	-1.43	0.96	-0.18	0.17	-1.96	2.13	-45.8	26.6	-10.1
2010/04/07[3]	-1.62	-0.23	-0.23	-1.98	0.9	-0.56	-0.05	-1.11	1.06	-14.0	-4.5	5.6
2010/06/24[4]	-1.42	-0.54	-0.3	-2.08	0.81	-0.05	0.85	-0.81	1.66	10.1	4.3	4.3
2013/04/11[4]	-0.96	-0.1	0.61	-1.09	0.91	-0.46	0.83	-0.52	1.35	25.4	-4.1	-7.0
2013/09/16[1]	-1.91	-0.08	-0.08	-1.91	0.96	-0.33	0.4	-0.69	1.1	22.7	11.9	11.9
2014/09/10[3]	-0.5	-0.06	1.13	-0.77	0.99	-0.52	-0.36	-1.12	0.76	-7.2	9.1	-2.5
2014/10/14[2]	0.71	0.01	0.86	-0.66	0.99	-0.3	0.44	-0.72	1.16	-7.2	9.0	4.8
2016/07/18[1]	0.15	-0.08	0.2	-0.93	0.97	-0.57	0.11	-1.06	1.17	-10.2	4.2	5.1
2016/12/20[2]	0.67	0.2	0.73	0.2	0.95	-0.37	-0.06	-0.77	0.71	None	None	None
------------------------------------------------------------------------
昨日市场情绪指数:	45.00
------------------------------------------------------------------------
市场风险指数:	3.60
------------------------------------------------------------------------
周期(日)	幅度	低点	高点	点位	涨幅	信号
5日	0.25	10477.57	10666.12	10524.71	-0.37%	支撑位！
5日	0.33	10477.57	10666.12	10539.79	-0.22%	支撑位！
5日	0.5	10477.57	10666.12	10571.85	0.08%	注意压力位！	!0.5
5日	0.618	10477.57	10666.12	10594.09	0.29%	注意压力位！
5日	0.825	10477.57	10666.12	10633.12	0.66%	注意压力位！
10日	0.25	10459.74	10666.12	10511.33	-0.49%	支撑位！
10日	0.33	10459.74	10666.12	10527.85	-0.34%	支撑位！
10日	0.5	10459.74	10666.12	10562.93	-0.00%	支撑位！	!0.5
10日	0.618	10459.74	10666.12	10587.28	0.23%	注意压力位！
10日	0.825	10459.74	10666.12	10630.00	0.63%	注意压力位！
20日	0.25	10308.22	10666.12	10397.69	-1.59%
20日	0.33	10308.22	10666.12	10426.33	-1.31%
20日	0.5	10308.22	10666.12	10487.17	-0.73%	支撑位！	!0.5
20日	0.618	10308.22	10666.12	10529.40	-0.32%	支撑位！
20日	0.825	10308.22	10666.12	10603.49	0.38%	注意压力位！
30日	0.25	10160.11	10666.12	10286.61	-2.69%	!30日
30日	0.33	10160.11	10666.12	10327.09	-2.29%	!30日
30日	0.5	10160.11	10666.12	10413.12	-1.44%	!30日	!0.5
30日	0.618	10160.11	10666.12	10472.82	-0.86%	支撑位！	!30日
30日	0.825	10160.11	10666.12	10577.57	0.13%	注意压力位！	!30日
60日	0.25	9482.84	10666.12	9778.66	-8.02%
60日	0.33	9482.84	10666.12	9873.32	-6.99%
60日	0.5	9482.84	10666.12	10074.48	-4.85%	!0.5
60日	0.618	9482.84	10666.12	10214.11	-3.42%
60日	0.825	9482.84	10666.12	10459.05	-1.00%	支撑位！
90日	0.25	9482.84	11124.81	9893.33	-6.77%
90日	0.33	9482.84	11124.81	10024.69	-5.37%
90日	0.5	9482.84	11124.81	10303.83	-2.52%	!0.5
90日	0.618	9482.84	11124.81	10497.58	-0.63%	支撑位！
90日	0.825	9482.84	11124.81	10837.47	2.53%
120日	0.25	9482.84	11124.81	9893.33	-6.77%
120日	0.33	9482.84	11124.81	10024.69	-5.37%
120日	0.5	9482.84	11124.81	10303.83	-2.52%	!0.5
120日	0.618	9482.84	11124.81	10497.58	-0.63%	支撑位！
120日	0.825	9482.84	11124.81	10837.47	2.53%
150日	0.25	9482.84	11124.81	9893.33	-6.77%
150日	0.33	9482.84	11124.81	10024.69	-5.37%
150日	0.5	9482.84	11124.81	10303.83	-2.52%	!0.5
150日	0.618	9482.84	11124.81	10497.58	-0.63%	支撑位！
150日	0.825	9482.84	11124.81	10837.47	2.53%
180日	0.25	9482.84	11124.81	9893.33	-6.77%
180日	0.33	9482.84	11124.81	10024.69	-5.37%
180日	0.5	9482.84	11124.81	10303.83	-2.52%	!0.5
180日	0.618	9482.84	11124.81	10497.58	-0.63%	支撑位！
180日	0.825	9482.84	11124.81	10837.47	2.53%
