------------------------------------------------------------------------
999999
------------------------------------------------------------------------
--------正在查找历史K线日期：！！！！日期选完，请注意看K线趋势，同时注意成交量的表现：
------------------------------------------------------------------------
--------最近交易日的相关数据：
日期[星期]    	价格	涨幅	最大涨幅	最小涨幅	量比	波动幅度	60日涨幅%	30涨幅%	10涨幅%
2017/04/05[3]	3270.31	1.48	1.49	0.33	1.26	1.16	2.25%	0.87%	0.72%
2017/04/06[4]	3281.0	0.33	0.5	-0.14	0.99	0.64	2.5%	1.17%	0.99%
2017/04/07[5]	3286.62	0.17	0.43	-0.18	0.96	0.61	2.59%	1.31%	1.1%
------------------------------------------------------------------------
模式识别结果统计:
统计总数	<=0(占比%)	>=1	<-1
25   	11(44.00%)	4	1
收盘涨幅:-1.72	-0.95	-0.65	-0.65	-0.59	-0.47	-0.33	-0.3	-0.3	-0.08	-0.02	0.06	0.3	0.31	0.32	0.43	0.44	0.5	0.61	0.67	0.77	1.01	1.61	1.95	2.93
收盘涨幅中位数:0.30
------------------------------------------------------------------------
日期[星期]	次日涨幅	次日开盘	次日最高	次日最低	量能	当日涨幅	当日最高	当日最低	当日波动幅度	60日周期(%)	20日周期(%)	10日周期(%)
1991/01/08[2]	0.5	0.47	0.5	0.0	13.48	0.47	0.47	0.0	0.47	None	None	None
1991/12/05[4]	1.01	1.01	1.01	0.0	2.76	0.33	0.33	0.0	0.33	5.0	-6.0	-6.0
1991/12/25[3]	0.31	0.31	0.31	0.0	1.18	0.32	0.32	0.0	0.32	5.0	-6.0	-6.0
1997/10/07[2]	2.93	1.85	3.48	1.28	1.13	0.33	0.35	-1.08	1.43	-18.9	-18.9	-18.9
1997/12/08[1]	0.77	0.04	0.77	-0.18	0.87	0.28	0.61	0.03	0.57	-18.9	-8.2	-8.2
2001/02/13[2]	-0.02	-0.04	0.17	-0.36	0.75	0.12	0.65	-0.11	0.76	13.8	5.3	-9.6
2001/06/01[5]	0.32	0.19	0.43	0.12	0.96	0.24	0.41	-0.09	0.5	-11.2	-3.5	-2.1
2002/12/24[2]	-0.65	0.05	0.21	-0.69	0.76	0.04	0.06	-0.69	0.75	20.2	6.4	5.3
2005/12/13[2]	0.67	-0.03	0.87	-0.68	1.0	0.13	0.27	-0.86	1.13	-12.8	-4.4	-4.4
2006/01/23[1]	-0.3	0.02	0.5	-0.7	0.92	0.04	0.16	-0.88	1.04	-12.8	-4.4	11.6
2006/03/22[3]	0.44	-0.04	0.47	-0.55	0.92	0.49	0.5	-0.72	1.22	-12.8	-5.4	-5.4
2006/09/06[3]	-0.65	0.7	0.7	-1.0	0.84	0.48	0.49	-0.43	0.93	-12.3	-12.3	7.0
2007/08/08[3]	1.95	-0.1	2.27	-0.1	1.02	0.26	1.29	-1.77	3.07	181.3	-17.4	5.7
2009/06/26[5]	1.61	0.07	1.66	-0.34	0.89	0.11	0.43	-0.5	0.93	32.4	7.0	11.4
2010/01/18[1]	0.3	0.16	0.98	-0.01	1.11	0.4	0.44	-0.68	1.12	27.3	8.8	5.0
2010/04/06[2]	-0.33	-0.08	0.08	-0.84	0.99	0.02	0.63	-0.51	1.14	-14.0	-4.5	-2.4
2012/02/28[2]	-0.95	-0.23	0.05	-1.04	0.75	0.2	0.47	-0.62	1.1	16.2	16.2	12.9
2012/07/03[2]	-0.08	0.19	0.45	-0.44	1.01	0.14	0.84	-0.32	1.16	9.4	-2.5	-5.9
2012/08/08[3]	0.61	-0.07	0.67	-0.57	0.97	0.16	0.51	-0.21	0.73	9.4	-12.2	-6.4
2013/02/05[2]	0.06	-0.02	0.35	-0.22	0.9	0.21	0.38	-1.02	1.41	-2.5	-5.0	4.4
2013/05/08[3]	-0.59	0.03	0.07	-1.11	1.05	0.48	0.88	-0.01	0.89	25.4	-4.0	-4.0
2014/09/26[5]	0.43	0.26	0.65	-0.05	0.77	0.11	0.21	-0.65	0.86	-7.2	9.1	-2.8
2014/11/04[2]	-0.47	0.06	0.15	-0.62	1.03	0.03	0.21	-0.53	0.74	14.5	-4.7	-4.7
2015/10/27[2]	-1.72	-0.5	0.16	-1.95	0.9	0.14	0.35	-2.83	3.18	-15.5	4.7	14.4
2017/02/22[3]	-0.3	-0.07	0.09	-0.76	0.98	0.24	0.25	-0.29	0.54	None	None	None
------------------------------------------------------------------------
增加成交量匹配条件：
------------------------------------------------------------------------
模式识别结果统计:
统计总数	<=0(占比%)	>=1	<-1
 5   	 4(80.00%)	0	0
收盘涨幅:-0.33	-0.3	-0.3	-0.02	0.32
收盘涨幅中位数:-0.30
------------------------------------------------------------------------
日期[星期]	次日涨幅	次日开盘	次日最高	次日最低	量能	当日涨幅	当日最高	当日最低	当日波动幅度	60日周期(%)	20日周期(%)	10日周期(%)
2001/02/13[2]	-0.02	-0.04	0.17	-0.36	0.75	0.12	0.65	-0.11	0.76	13.8	5.3	-9.6
2001/06/01[5]	0.32	0.19	0.43	0.12	0.96	0.24	0.41	-0.09	0.5	-11.2	-3.5	-2.1
2006/01/23[1]	-0.3	0.02	0.5	-0.7	0.92	0.04	0.16	-0.88	1.04	-12.8	-4.4	11.6
2010/04/06[2]	-0.33	-0.08	0.08	-0.84	0.99	0.02	0.63	-0.51	1.14	-14.0	-4.5	-2.4
2017/02/22[3]	-0.3	-0.07	0.09	-0.76	0.98	0.24	0.25	-0.29	0.54	None	None	None
------------------------------------------------------------------------
昨日市场情绪指数:	48.33
------------------------------------------------------------------------
市场风险指数:	2.40
------------------------------------------------------------------------
周期(日)	幅度	低点	高点	点位	涨幅	信号
5日	0.25	3195.85	3295.19	3220.68	-2.05%
5日	0.33	3195.85	3295.19	3228.63	-1.80%
5日	0.5	3195.85	3295.19	3245.52	-1.27%	!0.5
5日	0.618	3195.85	3295.19	3257.24	-0.90%	支撑位！
5日	0.825	3195.85	3295.19	3277.81	-0.27%	支撑位！
10日	0.25	3195.85	3295.19	3220.68	-2.05%
10日	0.33	3195.85	3295.19	3228.63	-1.80%
10日	0.5	3195.85	3295.19	3245.52	-1.27%	!0.5
10日	0.618	3195.85	3295.19	3257.24	-0.90%	支撑位！
10日	0.825	3195.85	3295.19	3277.81	-0.27%	支撑位！
20日	0.25	3193.16	3295.19	3218.67	-2.11%
20日	0.33	3193.16	3295.19	3226.83	-1.85%
20日	0.5	3193.16	3295.19	3244.18	-1.31%	!0.5
20日	0.618	3193.16	3295.19	3256.21	-0.93%	支撑位！
20日	0.825	3193.16	3295.19	3277.33	-0.28%	支撑位！
30日	0.25	3193.16	3295.19	3218.67	-2.11%	!30日
30日	0.33	3193.16	3295.19	3226.83	-1.85%	!30日
30日	0.5	3193.16	3295.19	3244.18	-1.31%	!30日	!0.5
30日	0.618	3193.16	3295.19	3256.21	-0.93%	支撑位！	!30日
30日	0.825	3193.16	3295.19	3277.33	-0.28%	支撑位！	!30日
60日	0.25	3044.29	3295.19	3107.01	-5.78%
60日	0.33	3044.29	3295.19	3127.09	-5.10%
60日	0.5	3044.29	3295.19	3169.74	-3.69%	!0.5
60日	0.618	3044.29	3295.19	3199.35	-2.73%
60日	0.825	3044.29	3295.19	3251.28	-1.09%
90日	0.25	3044.29	3301.21	3108.52	-5.73%
90日	0.33	3044.29	3301.21	3129.07	-5.03%
90日	0.5	3044.29	3301.21	3172.75	-3.59%	!0.5
90日	0.618	3044.29	3301.21	3203.07	-2.61%
90日	0.825	3044.29	3301.21	3256.25	-0.93%	支撑位！
120日	0.25	3033.75	3301.21	3100.61	-6.00%
120日	0.33	3033.75	3301.21	3122.01	-5.27%
120日	0.5	3033.75	3301.21	3167.48	-3.76%	!0.5
120日	0.618	3033.75	3301.21	3199.04	-2.74%
120日	0.825	3033.75	3301.21	3254.40	-0.99%	支撑位！
150日	0.25	2969.13	3301.21	3052.15	-7.68%
150日	0.33	2969.13	3301.21	3078.72	-6.75%
150日	0.5	2969.13	3301.21	3135.17	-4.83%	!0.5
150日	0.618	2969.13	3301.21	3174.36	-3.54%
150日	0.825	2969.13	3301.21	3243.10	-1.34%
180日	0.25	2931.96	3301.21	3024.27	-8.67%
180日	0.33	2931.96	3301.21	3053.81	-7.62%
180日	0.5	2931.96	3301.21	3116.59	-5.46%	!0.5
180日	0.618	2931.96	3301.21	3160.16	-4.00%
180日	0.825	2931.96	3301.21	3236.59	-1.55%
------------------------------------------------------------------------
399001
------------------------------------------------------------------------
--------正在查找历史K线日期：！！！！日期选完，请注意看K线趋势，同时注意成交量的表现：
------------------------------------------------------------------------
--------最近交易日的相关数据：
日期[星期]    	价格	涨幅	最大涨幅	最小涨幅	量比	波动幅度	60日涨幅%	30涨幅%	10涨幅%
2017/04/05[3]	10627.13	1.9	1.92	0.65	1.26	1.26	3.21%	1.36%	0.88%
2017/04/06[4]	10656.17	0.27	0.33	-0.18	0.95	0.5	3.42%	1.54%	1.06%
2017/04/07[5]	10669.48	0.12	0.44	-0.2	1.07	0.64	3.48%	1.58%	1.12%
------------------------------------------------------------------------
模式识别结果统计:
统计总数	<=0(占比%)	>=1	<-1
57   	36(63.16%)	9	11
收盘涨幅:-2.2	-2.11	-2.04	-1.79	-1.33	-1.32	-1.3	-1.26	-1.17	-1.11	-1.01	-0.96	-0.87	-0.84	-0.74	-0.71	-0.62	-0.58	-0.56	-0.53	-0.45	-0.4	-0.31	-0.29	-0.28	-0.27	-0.24	-0.23	-0.14	-0.14	-0.11	-0.09	-0.08	-0.03	-0.01	-0.01	0.09	0.16	0.17	0.19	0.25	0.31	0.34	0.46	0.46	0.71	0.72	0.81	1.13	1.23	1.37	1.37	1.66	1.67	1.91	2.03	2.52
收盘涨幅中位数:-0.14
------------------------------------------------------------------------
日期[星期]	次日涨幅	次日开盘	次日最高	次日最低	量能	当日涨幅	当日最高	当日最低	当日波动幅度	60日周期(%)	20日周期(%)	10日周期(%)
1992/03/18[3]	-0.14	0.11	0.55	-0.77	1.64	0.15	0.52	-0.43	0.95	5.0	-6.0	-6.0
1992/12/28[1]	1.91	0.07	2.36	-0.26	0.82	0.13	0.78	-0.71	1.5	-72.9	117.4	-29.5
1995/09/15[5]	0.34	0.49	0.75	-0.21	0.69	0.42	1.06	-0.3	1.36	29.9	11.5	11.5
1996/01/30[2]	-0.01	-0.01	0.11	-0.93	0.69	0.36	0.64	-0.46	1.1	-35.3	-33.0	5.1
1997/01/29[3]	0.71	0.26	0.91	-0.49	0.78	0.73	1.19	-0.76	1.95	-32.0	-32.0	6.8
1997/10/23[4]	1.37	-0.35	1.41	-0.84	0.72	0.4	1.22	-2.04	3.27	-18.9	-18.9	11.3
1998/04/30[4]	1.66	0.44	1.72	0.26	1.14	0.83	0.89	-0.14	1.02	-6.9	-6.9	-3.2
1998/11/05[4]	1.37	0.55	2.05	0.45	1.19	0.87	0.91	-0.41	1.32	-26.7	-5.7	-5.7
2000/01/24[1]	-0.23	0.48	1.85	-0.86	1.06	0.88	0.93	-1.51	2.44	-20.9	15.4	-9.4
2000/07/13[4]	-0.09	0.22	0.32	-0.58	1.31	0.71	0.95	-0.38	1.33	26.4	15.2	-3.3
2001/01/03[3]	-0.45	0.22	0.28	-0.58	0.82	0.52	0.58	-0.29	0.87	-11.4	-0.4	-1.9
2001/03/16[5]	1.23	0.04	1.23	-0.2	0.88	0.06	0.51	-0.53	1.04	-11.2	-11.2	-4.4
2002/03/21[4]	-1.32	0.05	0.05	-1.83	0.83	0.01	0.77	-0.47	1.25	-11.6	-13.6	7.8
2002/07/19[5]	-1.79	-0.09	-0.09	-1.82	0.8	0.19	0.38	-0.45	0.83	20.2	20.2	-0.4
2003/01/29[3]	-1.33	-0.08	-0.08	-1.47	1.3	0.24	0.82	-0.04	0.86	-25.0	-8.9	-3.1
2003/02/27[4]	0.17	0.01	0.36	-0.39	1.27	0.26	0.57	0.0	0.56	-25.0	-3.0	-3.0
2003/04/02[3]	-0.29	0.02	0.16	-0.5	0.73	0.28	0.61	-0.25	0.86	10.3	-5.4	-0.4
2003/04/17[4]	-1.3	0.14	0.51	-1.76	0.63	0.22	1.02	-1.32	2.34	14.0	14.0	14.0
2003/07/04[5]	0.81	0.4	1.23	-0.36	0.99	0.13	0.75	-0.31	1.06	14.0	-3.3	-6.0
2004/04/02[5]	-0.14	0.26	0.44	-0.71	1.13	0.97	1.18	-0.1	1.29	-20.7	-5.9	-2.8
2004/11/22[1]	-0.96	0.02	0.02	-1.26	1.24	0.15	0.58	-0.29	0.87	18.8	-13.8	1.7
2005/09/05[1]	-1.26	0.12	0.69	-1.47	0.87	0.14	0.34	-0.37	0.71	-24.9	19.7	0.6
2005/12/13[2]	1.13	-0.08	1.28	-0.66	0.9	0.8	0.8	-0.4	1.2	-12.8	-4.4	-4.4
2006/03/22[3]	0.16	-0.18	0.3	-0.34	1.07	0.86	0.9	-0.31	1.21	-12.8	-5.4	-5.4
2006/04/20[4]	0.25	-0.11	0.72	-1.27	1.11	0.32	0.65	-0.52	1.16	-12.8	-5.4	7.3
2006/07/25[2]	-0.53	0.18	0.44	-0.56	1.11	0.92	1.28	-0.02	1.31	64.6	16.2	-0.1
2006/11/02[4]	0.72	-0.01	1.73	-0.03	1.02	0.3	0.3	-0.91	1.21	-12.3	13.8	-2.2
2006/11/23[4]	0.09	-0.23	0.6	-1.29	0.87	0.3	1.31	-0.74	2.06	-12.3	13.8	5.0
2007/03/23[5]	1.67	0.3	1.67	-0.09	0.97	0.65	0.71	-1.8	2.51	-12.3	-10.7	4.8
2008/01/14[1]	-0.56	0.07	0.37	-1.34	1.01	0.65	1.07	-0.32	1.39	-22.0	0.7	-7.6
2009/01/20[2]	-0.71	-1.54	0.43	-2.01	0.8	0.54	0.54	-1.18	1.72	-13.6	-13.6	8.4
2009/10/15[4]	0.19	0.3	0.97	-1.52	0.87	0.29	1.99	0.08	1.91	-24.1	-11.6	-11.6
2010/01/18[1]	-0.08	0.21	0.54	-0.32	1.02	0.73	0.82	-0.67	1.49	27.3	8.8	5.0
2010/02/12[5]	-0.74	-0.05	0.27	-0.74	0.96	0.66	0.85	0.14	0.71	-14.0	-12.6	-12.6
2010/07/26[1]	-0.24	-0.16	0.38	-0.76	0.98	0.6	0.82	-0.74	1.57	-27.1	-10.7	-4.5
2010/08/19[4]	-2.04	-0.36	-0.15	-2.31	1.04	0.34	1.26	-0.56	1.82	-27.1	-4.4	-4.4
2010/09/08[3]	-2.2	0.24	0.24	-2.37	1.05	0.34	0.4	-0.88	1.29	-27.1	0.1	4.5
2011/01/31[1]	-0.03	0.41	0.48	-0.56	1.02	0.84	1.06	-0.62	1.68	-16.5	-2.2	-2.2
2011/03/09[3]	-1.17	-0.33	-0.33	-1.25	0.96	0.11	0.68	-0.32	1.0	-16.5	-2.2	-3.6
2011/06/08[3]	-2.11	-0.31	-0.22	-2.15	1.2	0.17	0.39	-1.36	1.75	15.3	7.6	-7.2
2011/06/28[2]	-1.11	0.01	0.46	-1.12	0.83	0.17	0.34	-0.81	1.15	-14.9	-14.9	-5.2
2011/08/15[1]	-0.87	0.12	0.25	-1.18	1.0	1.0	1.0	-0.34	1.34	8.3	-13.8	-8.9
2011/11/04[5]	-1.01	-0.37	0.17	-1.12	0.71	0.71	1.57	0.17	1.4	-18.4	-5.4	-5.9
2012/07/03[2]	-0.4	0.31	0.6	-0.67	1.1	0.43	1.38	-0.35	1.73	9.4	-2.5	-5.9
2013/05/08[3]	-0.27	-0.04	0.29	-1.27	1.1	0.58	1.64	0.18	1.46	25.4	-4.0	-4.0
2013/07/02[2]	-0.84	-0.26	-0.26	-2.28	1.19	0.65	1.01	-0.85	1.86	-20.8	-20.8	-20.8
2013/09/12[4]	-0.31	-0.07	0.59	-0.44	0.74	0.45	1.05	-0.55	1.6	-20.8	-7.7	-7.7
2014/04/10[4]	0.31	-0.26	0.63	-0.46	1.24	0.69	1.28	-0.59	1.87	-9.3	-9.3	1.9
2014/06/30[1]	-0.62	-0.04	0.1	-0.9	1.03	0.42	0.68	0.0	0.68	-7.2	-3.7	-3.7
2014/09/04[4]	0.46	0.32	0.74	-0.22	1.0	0.75	0.8	-0.16	0.95	-7.2	9.1	-2.5
2014/10/10[5]	-0.58	-0.39	-0.22	-1.45	0.96	0.09	0.69	-0.56	1.24	-7.2	9.0	4.8
2015/04/03[5]	2.03	0.98	2.04	0.97	1.02	0.51	0.57	-0.96	1.53	49.4	-10.5	-4.1
2015/07/22[3]	2.52	0.12	2.8	-0.45	1.07	0.76	1.25	-1.63	2.88	-34.9	-34.9	19.6
2016/07/14[4]	-0.28	0.0	0.14	-0.73	0.82	0.01	0.12	-0.62	0.74	-10.2	4.2	5.1
2016/10/12[3]	-0.01	-0.04	0.27	-0.29	0.94	0.06	0.09	-0.45	0.55	-5.5	-4.4	-2.8
2016/11/14[1]	0.46	0.02	0.46	-0.28	1.01	0.27	0.68	-0.28	0.96	None	None	None
2017/02/22[3]	-0.11	-0.04	0.09	-0.63	1.02	0.37	0.37	-0.2	0.57	None	None	None
------------------------------------------------------------------------
增加成交量匹配条件：
------------------------------------------------------------------------
模式识别结果统计:
统计总数	<=0(占比%)	>=1	<-1
11   	 7(63.64%)	3	2
收盘涨幅:-2.2	-1.33	-0.56	-0.53	-0.27	-0.14	-0.03	0.17	1.37	1.66	2.52
收盘涨幅中位数:-0.14
------------------------------------------------------------------------
日期[星期]	次日涨幅	次日开盘	次日最高	次日最低	量能	当日涨幅	当日最高	当日最低	当日波动幅度	60日周期(%)	20日周期(%)	10日周期(%)
1992/03/18[3]	-0.14	0.11	0.55	-0.77	1.64	0.15	0.52	-0.43	0.95	5.0	-6.0	-6.0
1998/04/30[4]	1.66	0.44	1.72	0.26	1.14	0.83	0.89	-0.14	1.02	-6.9	-6.9	-3.2
1998/11/05[4]	1.37	0.55	2.05	0.45	1.19	0.87	0.91	-0.41	1.32	-26.7	-5.7	-5.7
2003/01/29[3]	-1.33	-0.08	-0.08	-1.47	1.3	0.24	0.82	-0.04	0.86	-25.0	-8.9	-3.1
2003/02/27[4]	0.17	0.01	0.36	-0.39	1.27	0.26	0.57	0.0	0.56	-25.0	-3.0	-3.0
2006/07/25[2]	-0.53	0.18	0.44	-0.56	1.11	0.92	1.28	-0.02	1.31	64.6	16.2	-0.1
2008/01/14[1]	-0.56	0.07	0.37	-1.34	1.01	0.65	1.07	-0.32	1.39	-22.0	0.7	-7.6
2010/09/08[3]	-2.2	0.24	0.24	-2.37	1.05	0.34	0.4	-0.88	1.29	-27.1	0.1	4.5
2011/01/31[1]	-0.03	0.41	0.48	-0.56	1.02	0.84	1.06	-0.62	1.68	-16.5	-2.2	-2.2
2013/05/08[3]	-0.27	-0.04	0.29	-1.27	1.1	0.58	1.64	0.18	1.46	25.4	-4.0	-4.0
2015/07/22[3]	2.52	0.12	2.8	-0.45	1.07	0.76	1.25	-1.63	2.88	-34.9	-34.9	19.6
------------------------------------------------------------------------
昨日市场情绪指数:	44.23
------------------------------------------------------------------------
市场风险指数:	3.40
------------------------------------------------------------------------
周期(日)	幅度	低点	高点	点位	涨幅	信号
5日	0.25	10328.95	10702.88	10422.43	-2.37%
5日	0.33	10328.95	10702.88	10452.35	-2.08%
5日	0.5	10328.95	10702.88	10515.92	-1.46%	!0.5
5日	0.618	10328.95	10702.88	10560.04	-1.04%
5日	0.825	10328.95	10702.88	10637.44	-0.30%	支撑位！
10日	0.25	10328.95	10702.88	10422.43	-2.37%
10日	0.33	10328.95	10702.88	10452.35	-2.08%
10日	0.5	10328.95	10702.88	10515.92	-1.46%	!0.5
10日	0.618	10328.95	10702.88	10560.04	-1.04%
10日	0.825	10328.95	10702.88	10637.44	-0.30%	支撑位！
20日	0.25	10328.95	10702.88	10422.43	-2.37%
20日	0.33	10328.95	10702.88	10452.35	-2.08%
20日	0.5	10328.95	10702.88	10515.92	-1.46%	!0.5
20日	0.618	10328.95	10702.88	10560.04	-1.04%
20日	0.825	10328.95	10702.88	10637.44	-0.30%	支撑位！
30日	0.25	10308.22	10702.88	10406.88	-2.52%	!30日
30日	0.33	10308.22	10702.88	10438.46	-2.21%	!30日
30日	0.5	10308.22	10702.88	10505.55	-1.56%	!30日	!0.5
30日	0.618	10308.22	10702.88	10552.12	-1.11%	!30日
30日	0.825	10308.22	10702.88	10633.81	-0.34%	支撑位！	!30日
60日	0.25	9482.84	10702.88	9787.85	-9.01%
60日	0.33	9482.84	10702.88	9885.45	-7.93%
60日	0.5	9482.84	10702.88	10092.86	-5.71%	!0.5
60日	0.618	9482.84	10702.88	10236.82	-4.23%
60日	0.825	9482.84	10702.88	10489.37	-1.72%
90日	0.25	9482.84	11124.81	9893.33	-7.85%
90日	0.33	9482.84	11124.81	10024.69	-6.43%
90日	0.5	9482.84	11124.81	10303.83	-3.55%	!0.5
90日	0.618	9482.84	11124.81	10497.58	-1.64%
90日	0.825	9482.84	11124.81	10837.47	1.55%
120日	0.25	9482.84	11124.81	9893.33	-7.85%
120日	0.33	9482.84	11124.81	10024.69	-6.43%
120日	0.5	9482.84	11124.81	10303.83	-3.55%	!0.5
120日	0.618	9482.84	11124.81	10497.58	-1.64%
120日	0.825	9482.84	11124.81	10837.47	1.55%
150日	0.25	9482.84	11124.81	9893.33	-7.85%
150日	0.33	9482.84	11124.81	10024.69	-6.43%
150日	0.5	9482.84	11124.81	10303.83	-3.55%	!0.5
150日	0.618	9482.84	11124.81	10497.58	-1.64%
150日	0.825	9482.84	11124.81	10837.47	1.55%
180日	0.25	9482.84	11124.81	9893.33	-7.85%
180日	0.33	9482.84	11124.81	10024.69	-6.43%
180日	0.5	9482.84	11124.81	10303.83	-3.55%	!0.5
180日	0.618	9482.84	11124.81	10497.58	-1.64%
180日	0.825	9482.84	11124.81	10837.47	1.55%
