jh	ny	scts	‘¬≤˙”Õ£®∂÷£©	‘¬≤˙ÀÆ(∂÷)	‘¬≤˙∆¯(ÕÚ∑Ω)	¿€≤˙”Õ(ÕÚ∂÷)	¿€≤˙ÀÆ(ÕÚ∂÷)	¿€≤˙∆¯(ÕÚ∑Ω)	Ã◊—π	”Õ—π	æ≤—π	¡˜—π
…∞37	201103	23.6 	206.31 	28.89 	3.0516 	0.0206 	0.0029 	3.0516 	0	0	0	0
…∞37	201104	29.5 	139.62 	3.56 	5.3193 	0.0346 	0.0032 	8.3709 	0	0	0	0
…∞37	201105	15.5 	102.16 	6.58 	3.3415 	0.0448 	0.0039 	11.7124 	0	0	7.4778	0
…∞37	201106	19.5 	114.67 	2.79 	2.1661 	0.0563 	0.0042 	13.8785 	0	0	0	0
…∞37	201107	30.0 	245.37 	37.50 	5.8918 	0.0808 	0.0079 	19.7703 	0	0	0	0
…∞37	201108	19.2 	297.80 	97.52 	7.9781 	0.1106 	0.0177 	27.7484 	0	0	0	0
…∞37	201109	13.5 	115.73 	95.39 	2.4427 	0.1222 	0.0272 	30.1911 	0	0	6.518	0
…∞37	201110	25.0 	139.19 	120.27 	2.1233 	0.1361 	0.0392 	32.3144 	0	0	0	0
…∞37	201111	13.0 	80.39 	33.39 	1.5490 	0.1441 	0.0426 	33.8634 	0	0	0	0
…∞37	201112	0.0 	0.00 	0.00 	0.0000 	0.1441 	0.0426 	33.8634 	0	0	0	0
…∞40	201108	17.6 	239.98 	8.13 	0.9692 	0.0240 	0.0008 	0.9692 	0	0	0	0
…∞40	201109	22.5 	274.52 	7.73 	2.5892 	0.0515 	0.0016 	3.5584 	0	0	0	0
…∞40	201110	15.3 	206.17 	7.47 	1.6796 	0.0721 	0.0023 	5.2380 	0	0	0	0
…∞40	201111	29.9 	214.21 	13.44 	1.1801 	0.0935 	0.0037 	6.4181 	0	0	0	0
…∞40	201112	22.4 	123.43 	7.07 	1.4678 	0.1058 	0.0044 	7.8859 	0	0	0	0
”¢∂´102	201111	21.3 	121.38 	41.98 	0.1429 	0.0121 	0.0042 	0.1429 	0	0	0	0
”¢∂´102	201112	26.9 	183.54 	12.79 	0.0767 	0.0305 	0.0055 	0.2196 	0	0	0	0
”¢ ‘1-1	201110	6.2 	72.72 	47.03 	0.8552 	0.0073 	0.0047 	0.8552 	0	0	0	0
”¢ ‘1-1	201111	29.7 	112.18 	22.23 	3.0627 	0.0185 	0.0069 	3.9179 	0	0	0	0
”¢ ‘1-1	201112	16.9 	32.95 	34.47 	0.7467 	0.0218 	0.0104 	4.6646 	0	0	0	0
”¢ ‘1-2	201110	9.8 	96.35 	75.14 	1.9748 	0.0096 	0.0075 	1.9748 	0	0	0	0
”¢ ‘1-2	201111	29.5 	114.98 	47.97 	10.6261 	0.0211 	0.0123 	12.6009 	0	0	0	0
”¢ ‘1-2	201112	15.1 	56.33 	6.84 	9.1373 	0.0268 	0.0130 	21.7382 	0	0	0	0
”¢ ‘1-3	201110	6.2 	87.70 	38.99 	0.8986 	0.0088 	0.0039 	0.8986 	0	0	0	0
”¢ ‘1-3	201111	29.4 	353.04 	20.15 	3.8921 	0.0441 	0.0059 	4.7907 	0	0	0	0
”¢ ‘1-3	201112	15.1 	115.45 	14.26 	1.3274 	0.0556 	0.0073 	6.1181 	0	0	0	0
”¢ ‘1-4	201110	5.3 	64.58 	49.72 	0.8368 	0.0065 	0.0050 	0.8368 	0	0	0	0
”¢ ‘1-4	201111	29.5 	389.12 	18.97 	4.2248 	0.0454 	0.0069 	5.0616 	0	0	0	0
”¢ ‘1-4	201112	15.8 	185.39 	37.64 	2.6606 	0.0639 	0.0106 	7.7222 	0	0	0	0
”¢ ‘2-2	201111	7.3 	0.51 	3.39 	0.0290 	0.0001 	0.0003 	0.0290 	0	0	0	0
”¢ ‘2-2	201112	3.3 	0.00 	1.00 	0.5474 	0.0001 	0.0004 	0.5764 	0	0	0	0
”¢ ‘2-3	201111	7.4 	0.69 	5.18 	0.0293 	0.0001 	0.0005 	0.0293 	0	0	0	0
”¢ ‘2-3	201112	22.6 	0.00 	0.00 	0.9443 	0.0001 	0.0005 	0.9736 	0	0	0	0
”¢ ‘2-4	201111	3.3 	0.00 	13.00 	0.5154 	0.0000 	0.0013 	0.5154 	0	0	0	0
”¢ ‘2-4	201112	30.9 	14.20 	6.10 	3.4812 	0.0014 	0.0019 	3.9966 	0	0	0	0
”¢ ‘2-5	201111	5.5 	1.68 	12.00 	3.3111 	0.0002 	0.0012 	3.3111 	0	0	0	0
”¢ ‘2-5	201112	30.8 	0.00 	0.00 	18.1418 	0.0002 	0.0012 	21.4529 	0	0	0	0
”¢ ‘3-1	201111	14.3 	28.66 	16.66 	0.0001 	0.0029 	0.0017 	0.0001 	0	0	0	0
”¢ ‘3-1	201112	1.4 	0.00 	2.00 	0.0001 	0.0029 	0.0019 	0.0002 	0	0	0	0
”¢ ‘4-2	201111	10.6 	0.00 	24.00 	0.0042 	0.0000 	0.0024 	0.0042 	0	0	0	0
”¢ ‘4-2	201112	10.2 	9.04 	28.26 	0.0215 	0.0009 	0.0052 	0.0257 	0	0	0	0
”¢ ‘4-3	201111	10.6 	0.68 	41.79 	0.0214 	0.0001 	0.0042 	0.0214 	0	0	0	0
”¢ ‘4-3	201112	20.7 	0.55 	107.55 	0.2338 	0.0001 	0.0149 	0.2552 	0	0	0	0
”¢ ‘6-1	201112	0.5 	0.00 	2.00 	0.0000 	0.0000 	0.0002 	0.0000 	0	0	0	0
”¢ ‘8-1	201112	4.8 	17.96 	6.42 	0.0000 	0.0018 	0.0006 	0.0000 	0	0	0	0
…∞37	201201	25.42	0.00 	0.00 	0.0000 	0.1441 	0.0426 	33.8634 	0.00	0.00	0.00	0.00
…∞40	201201	21.92	196.94 	15.11 	1.3377 	0.1255 	0.0059 	9.2236 	1.43	0.00	0.00	0.00
”¢∂´102	201201	18.92	192.86 	10.86 	0.0002 	0.0498 	0.0066 	0.2198 	0.64	0.00	0.00	0.00
”¢ ‘1-1	201201	30.46	63.93 	13.76 	0.1979 	0.0282 	0.0117 	4.8625 	0.37	0.00	0.00	0.00
”¢ ‘1-2	201201	29.67	95.77 	25.14 	6.6394 	0.0363 	0.0155 	28.3776 	0.84	0.00	0.00	0.00
”¢ ‘1-3	201201	29.46	321.85 	24.53 	0.8382 	0.0878 	0.0098 	6.9563 	0.91	0.00	0.00	0.00
”¢ ‘1-4	201201	12.58	168.87 	23.98 	2.2720 	0.0808 	0.0130 	9.9942 	0.80	0.00	0.00	0.00
”¢ ‘2-2	201201	4.67	24.94 	2.64 	0.1209 	0.0025 	0.0007 	0.6973 	0.67	0.00	0.00	0.00
”¢ ‘2-3	201201	31.00	2.87 	0.00 	4.1184 	0.0004 	0.0005 	5.0920 	0.69	0.00	0.00	0.00
”¢ ‘2-4	201201	17.46	16.53 	2.73 	2.0720 	0.0031 	0.0022 	6.0686 	1.01	0.00	0.00	0.00
”¢ ‘2-5	201201	17.46	13.37 	2.90 	3.8568 	0.0015 	0.0015 	25.3097 	1.36	0.00	0.00	0.00
”¢ ‘3-1	201201	5.33	0.00 	0.00 	0.0011 	0.0029 	0.0019 	0.0013 	1.51	0.00	0.00	0.00
”¢ ‘4-2	201201	23.71	11.96 	42.34 	0.1055 	0.0021 	0.0095 	0.1312 	0.22	0.00	0.00	0.00
”¢ ‘4-3	201201	30.96	1.56 	97.90 	0.7108 	0.0003 	0.0247 	0.9660 	1.08	0.00	0.00	0.00
”¢ ‘6-1	201201	29.63	0.00 	3.50 	0.0000 	0.0000 	0.0006 	0.0000 	0.23	0.00	0.00	0.00
”¢ ‘8-1	201201	30.92	15.86 	2.47 	0.0000 	0.0034 	0.0009 	0.0000 	0.08	0.00	0.00	0.00
…∞37	201202	29.00	0.00 	0.00 	0.0000 	0.1441 	0.0426 	33.8634 	0.00	0.00	0.00	0.00
…∞40	201202	29.00	146.85 	8.83 	1.8679 	0.1402 	0.0068 	11.0915 	0.60	0.00	0.00	0.00
”¢∂´102	201202	17.00	131.18 	30.76 	0.0000 	0.0629 	0.0096 	0.2198 	1.36	0.00	0.00	0.00
”¢∂´105	201202	6.00	0.84 	0.00 	0.0000 	0.0001 	0.0000 	0.0000 	0.00	0.00	0.00	0.00
”¢ ‘1-1	201202	11.08	31.35 	3.05 	0.6043 	0.0313 	0.0121 	5.4668 	0.69	0.00	0.00	0.00
”¢ ‘1-2	201202	29.00	100.89 	10.91 	4.1088 	0.0464 	0.0166 	32.4864 	0.83	0.00	0.00	0.00
”¢ ‘1-3	201202	29.00	248.59 	17.48 	3.5049 	0.1127 	0.0115 	10.4612 	0.48	0.00	0.00	0.00
”¢ ‘1-4	201202	29.00	308.27 	33.92 	4.6966 	0.1116 	0.0164 	14.6908 	0.51	0.00	0.00	0.00
”¢ ‘2-2	201202	28.00	0.41 	0.03 	0.2957 	0.0026 	0.0007 	0.9930 	1.41	0.00	0.00	0.00
”¢ ‘2-3	201202	9.13	4.13 	0.15 	2.1532 	0.0008 	0.0005 	7.2452 	2.36	0.00	0.00	0.00
”¢ ‘2-4	201202	23.29	13.67 	0.85 	2.8065 	0.0044 	0.0023 	8.8751 	0.62	0.00	0.00	0.00
”¢ ‘2-5	201202	19.58	34.79 	2.90 	4.8962 	0.0050 	0.0018 	30.2059 	0.39	0.00	0.00	0.00
”¢ ‘3-1	201202	0.00	12.44 	0.00 	11.3963 	0.0041 	0.0019 	11.3976 	0.00	0.00	0.00	0.00
”¢ ‘4-2	201202	24.71	5.74 	22.93 	0.0413 	0.0027 	0.0118 	0.1725 	0.46	0.00	0.00	0.00
”¢ ‘4-3	201202	29.00	84.98 	39.83 	0.3058 	0.0088 	0.0287 	1.2718 	0.72	0.00	0.00	0.00
”¢ ‘6-1	201202	1.50	0.00 	0.00 	0.0000 	0.0000 	0.0006 	0.0000 	0.01	0.00	0.00	0.00
”¢ ‘8-1	201202	29.00	15.01 	0.77 	0.0001 	0.0049 	0.0010 	0.0001 	0.22	0.00	0.00	0.00
…∞37	201203	9.79	0.03 	3.61 	6.1413 	0.1441 	0.0429 	40.0047 	3.70	0.00	0.00	0.00
…∞40	201203	13.29	72.23 	4.49 	0.8340 	0.1474 	0.0072 	11.9255 	0.50	0.00	0.00	0.00
”¢∂´102	201203	30.02	161.94 	14.90 	0.0000 	0.0791 	0.0111 	0.2198 	0.27	0.00	0.00	0.00
”¢∂´105	201203	30.23	8.28 	6.80 	0.0000 	0.0009 	0.0007 	0.0000 	0.00	0.00	0.00	0.00
”¢ ‘1-1	201203	19.69	61.36 	4.14 	1.1605 	0.0374 	0.0125 	6.6273 	0.25	0.00	0.00	0.00
”¢ ‘1-2	201203	15.50	32.23 	24.97 	1.4856 	0.0497 	0.0191 	33.9720 	0.38	0.00	0.00	0.00
”¢ ‘1-3	201203	24.58	232.70 	18.42 	3.3755 	0.1359 	0.0134 	13.8367 	0.37	0.00	0.00	0.00
”¢ ‘1-4	201203	30.06	292.72 	32.47 	4.3017 	0.1409 	0.0197 	18.9925 	0.66	0.00	0.00	0.00
”¢ ‘2-2	201203	0.00	0.00 	0.00 	0.2564 	0.0026 	0.0007 	1.2494 	0.00	0.00	0.00	0.00
”¢ ‘2-3	201203	7.83	1.73 	0.00 	1.0930 	0.0009 	0.0005 	8.3382 	4.72	10.88	0.00	0.00
”¢ ‘2-4	201203	0.00	0.00 	0.00 	1.3937 	0.0044 	0.0023 	10.2688 	0.00	0.00	0.00	0.00
”¢ ‘2-5	201203	20.42	27.06 	2.52 	4.4737 	0.0077 	0.0020 	34.6796 	0.17	0.00	0.00	0.00
”¢ ‘3-1	201203	16.29	3.79 	0.00 	6.9843 	0.0045 	0.0019 	18.3819 	13.45	16.56	0.00	0.00
”¢ ‘4-2	201203	19.42	1.64 	59.37 	0.0778 	0.0028 	0.0177 	0.2503 	0.30	0.00	0.00	0.00
”¢ ‘4-3	201203	30.40	260.89 	54.83 	0.0744 	0.0349 	0.0342 	1.3462 	0.41	0.00	0.00	0.00
”¢ ‘6-1	201203	27.15	16.72 	17.34 	0.0000 	0.0017 	0.0023 	0.0000 	0.78	0.00	0.00	0.00
”¢ ‘8-1	201203	7.21	2.11 	3.19 	0.0000 	0.0051 	0.0013 	0.0001 	0.31	0.00	0.00	0.00
”¢ ‘9-1	201203	5.15	107.37 	54.55 	3.1134 	0.0107 	0.0055 	3.1134 	4.88	2.67	0.00	0.00
…∞37	201204	30.00	91.72 	21.08 	3.3087 	0.1533 	0.0451 	43.3134 	0.29	0.00	0.00	0.00
…∞40	201204	28.54	143.30 	9.90 	1.6908 	0.1618 	0.0082 	13.6163 	0.31	0.43	0.00	0.00
”¢∂´102	201204	23.71	123.53 	5.83 	0.0000 	0.0914 	0.0117 	0.2198 	0.27	0.00	0.00	0.00
”¢∂´105	201204	0.17	0.06 	0.06 	0.0000 	0.0009 	0.0007 	0.0000 	0.00	0.00	0.00	0.00
”¢ ‘1-1	201204	30.00	44.41 	4.53 	2.4352 	0.0419 	0.0129 	9.0625 	0.33	0.00	0.00	0.00
”¢ ‘1-2	201204	30.00	129.73 	9.72 	3.2118 	0.0626 	0.0201 	37.1838 	0.31	0.00	0.00	0.00
”¢ ‘1-3	201204	25.73	213.13 	6.35 	2.8459 	0.1572 	0.0140 	16.6826 	0.36	0.00	0.00	0.00
”¢ ‘1-4	201204	30.00	280.60 	13.28 	3.4523 	0.1690 	0.0210 	22.4448 	0.30	0.00	0.00	0.00
”¢ ‘2-2	201204	25.50	0.00 	0.00 	1.0821 	0.0026 	0.0007 	2.3315 	0.34	0.00	0.00	0.00
”¢ ‘2-3	201204	29.63	0.00 	0.00 	7.1743 	0.0009 	0.0005 	15.5125 	4.41	3.14	0.00	0.00
”¢ ‘2-4	201204	23.33	11.76 	0.98 	1.1239 	0.0056 	0.0024 	11.3927 	0.26	0.00	0.00	0.00
”¢ ‘2-5	201204	19.46	13.56 	20.97 	2.4772 	0.0090 	0.0041 	37.1568 	0.40	0.00	0.00	0.00
”¢ ‘3-1	201204	7.35	0.00 	0.00 	0.9416 	0.0045 	0.0019 	19.3235 	6.20	4.49	0.00	0.00
”¢ ‘4-2	201204	12.96	0.37 	43.29 	0.3226 	0.0029 	0.0220 	0.5729 	0.16	0.00	0.00	0.00
”¢ ‘4-3	201204	27.54	249.24 	34.35 	0.4949 	0.0598 	0.0376 	1.8411 	0.28	0.00	0.00	0.00
”¢ ‘6-1	201204	17.92	3.04 	26.83 	0.2490 	0.0020 	0.0050 	0.2490 	0.22	0.00	0.00	0.00
”¢ ‘8-1	201204	24.58	273.83 	60.68 	1.4359 	0.0325 	0.0074 	1.4360 	1.74	0.71	0.00	0.00
”¢ ‘9-1	201204	30.00	295.28 	12.18 	27.0483 	0.0403 	0.0067 	30.1617 	8.13	5.37	0.00	0.00
…∞37	201205	17.06	31.76 	2.89 	1.6046 	0.1565 	0.0453 	44.9180 	3.08	0.00	0.00	0.00
…∞40	201205	30.67	162.77 	8.23 	1.5877 	0.1780 	0.0090 	15.2040 	0.29	0.00	0.00	0.00
”¢∂´102	201205	25.58	110.42 	35.13 	0.6011 	0.1025 	0.0152 	0.8209 	0.37	0.00	0.00	0.00
”¢∂´105	201205	1.46	0.01 	1.58 	0.0000 	0.0009 	0.0008 	0.0000 	0.05	0.00	0.00	0.00
”¢ ‘1-1	201205	10.40	11.13 	1.25 	0.6528 	0.0430 	0.0130 	9.7153 	0.20	0.00	0.00	0.00
”¢ ‘1-2	201205	30.83	161.61 	24.61 	3.0423 	0.0788 	0.0225 	40.2261 	0.24	0.00	0.00	0.00
”¢ ‘1-3	201205	24.56	122.45 	9.53 	2.0139 	0.1695 	0.0150 	18.6965 	0.40	0.00	0.00	0.00
”¢ ‘1-4	201205	30.90	269.95 	19.95 	3.5475 	0.1960 	0.0230 	25.9923 	0.19	0.00	0.00	0.00
”¢ ‘2-2	201205	21.17	9.20 	25.54 	0.7710 	0.0035 	0.0033 	3.1025 	0.20	0.00	0.00	0.00
”¢ ‘2-3	201205	25.79	0.22 	25.84 	1.3531 	0.0010 	0.0031 	16.8656 	1.06	0.37	0.00	0.00
”¢ ‘2-4	201205	23.27	11.41 	0.72 	1.5835 	0.0068 	0.0024 	12.9762 	0.31	0.00	0.00	0.00
”¢ ‘2-5	201205	0.88	0.00 	0.00 	0.1690 	0.0090 	0.0041 	37.3258 	1.42	0.00	0.00	0.00
”¢ ‘3-1	201205	23.16	0.00 	0.00 	6.9247 	0.0045 	0.0019 	26.2482 	2.76	3.37	0.00	0.00
”¢ ‘4-1	201205	8.77	13.54 	37.88 	0.1443 	0.0014 	0.0038 	0.1443 	0.31	0.00	0.00	0.00
”¢ ‘4-2	201205	0.00	0.00 	0.00 	0.0000 	0.0029 	0.0220 	0.5729 	0.00	0.00	0.00	0.00
”¢ ‘4-3	201205	12.00	132.37 	5.46 	0.8374 	0.0730 	0.0382 	2.6785 	0.41	0.00	0.00	0.00
”¢ ‘6-1	201205	20.46	4.24 	72.05 	0.2057 	0.0024 	0.0122 	0.4547 	0.14	0.00	0.00	0.00
”¢ ‘8-1	201205	30.15	330.13 	14.99 	2.8525 	0.0655 	0.0089 	4.2885 	3.02	1.04	0.00	0.00
”¢ ‘9-1	201205	30.98	295.49 	8.77 	29.2332 	0.0698 	0.0076 	59.3949 	8.19	5.58	0.00	0.00
…∞37	201206	26.75	23.53 	1.08 	2.5079 	0.1588 	0.0455 	47.4259 	4.54	0.00	0.00	0.00
…∞40	201206	29.65	166.22 	19.02 	1.7666 	0.1947 	0.0109 	16.9706 	0.33	0.00	0.00	0.00
”¢∂´102	201206	29.67	116.03 	5.07 	0.4066 	0.1141 	0.0157 	1.2275 	0.32	0.00	0.00	0.00
”¢∂´104	201206	7.79	10.55 	20.74 	0.4852 	0.0011 	0.0021 	0.4852 	0.12	0.17	0.00	0.00
”¢∂´105	201206	0.67	0.00 	0.00 	0.0000 	0.0009 	0.0008 	0.0000 	0.04	0.00	0.00	0.00
”¢∂´107	201206	5.63	17.96 	47.72 	0.1449 	0.0018 	0.0048 	0.1449 	0.13	0.00	0.00	0.00
”¢ ‘1-1	201206	10.83	26.61 	2.93 	0.7524 	0.0457 	0.0133 	10.4677 	0.27	0.00	0.00	0.00
”¢ ‘1-2	201206	29.83	164.65 	10.39 	3.4952 	0.0953 	0.0236 	43.7213 	0.34	0.00	0.00	0.00
”¢ ‘1-3	201206	29.83	171.13 	12.98 	2.5785 	0.1866 	0.0163 	21.2750 	0.35	0.00	0.00	0.00
”¢ ‘1-4	201206	26.21	274.84 	15.65 	3.8436 	0.2234 	0.0246 	29.8359 	0.20	0.00	0.00	0.00
”¢ ‘10-1	201206	17.88	385.14 	29.30 	3.6982 	0.0385 	0.0029 	3.6982 	1.14	0.00	0.00	0.00
”¢ ‘11-1	201206	7.56	133.89 	20.71 	1.0162 	0.0134 	0.0021 	1.0162 	1.16	1.30	0.00	0.00
”¢ ‘12-1	201206	9.33	115.67 	36.50 	0.1073 	0.0116 	0.0037 	0.1073 	2.35	0.00	0.00	0.00
”¢ ‘2-1	201206	26.40	182.50 	79.74 	3.2983 	0.0183 	0.0080 	3.2983 	0.22	0.00	0.00	0.00
”¢ ‘2-2	201206	0.00	0.00 	0.00 	0.0000 	0.0035 	0.0033 	3.1025 	0.00	0.00	0.00	0.00
”¢ ‘2-3	201206	12.67	0.12 	12.85 	1.3200 	0.0010 	0.0044 	18.1856 	3.54	0.00	0.00	0.00
”¢ ‘2-4	201206	0.00	0.00 	0.00 	0.0000 	0.0068 	0.0024 	12.9762 	0.00	0.00	0.00	0.00
”¢ ‘2-5	201206	0.00	0.00 	0.00 	0.0000 	0.0090 	0.0041 	37.3258 	0.00	0.00	0.00	0.00
”¢ ‘3-1	201206	30.00	0.00 	0.00 	7.3101 	0.0045 	0.0019 	33.5583 	1.70	1.84	0.00	0.00
”¢ ‘4-1	201206	25.01	13.38 	76.41 	0.4286 	0.0027 	0.0114 	0.5729 	0.22	0.00	0.00	0.00
”¢ ‘4-2	201206	0.00	0.00 	0.00 	0.0000 	0.0029 	0.0220 	0.5729 	0.00	0.00	0.00	0.00
”¢ ‘4-3	201206	17.40	194.91 	36.96 	0.6561 	0.0925 	0.0419 	3.3346 	0.46	0.00	0.00	0.00
”¢ ‘6-1	201206	29.83	3.26 	18.22 	0.0000 	0.0027 	0.0140 	0.4547 	0.16	0.00	0.00	0.00
”¢ ‘8-1	201206	30.00	259.52 	9.35 	4.9808 	0.0914 	0.0098 	9.2693 	5.31	0.90	0.00	0.00
”¢ ‘9-1	201206	29.42	312.66 	31.49 	25.9690 	0.1011 	0.0107 	85.3639 	6.60	4.60	0.00	0.00
…∞37	201207	10.21	12.66 	43.75 	0.7421 	0.1601 	0.0498 	48.1680 	3.48	0.00	0	0
…∞40	201207	28.46	197.07 	22.65 	1.6941 	0.2144 	0.0132 	18.6647 	0.42	0.00	0	0
”¢∂´102	201207	27.13	114.74 	4.68 	1.5846 	0.1256 	0.0162 	2.8121 	0.47	0.00	0	0
”¢∂´104	201207	30.58	20.21 	155.40 	1.8745 	0.0031 	0.0176 	2.3597 	0.34	0.00	0	0
”¢∂´105	201207	3.29	0.13 	6.16 	0.0000 	0.0009 	0.0015 	0.0000 	0.00	0.00	0	0
”¢∂´107	201207	22.54	152.40 	8.82 	1.1465 	0.0170 	0.0057 	1.2914 	0.37	0.00	0	0
”¢ ‘1-1	201207	25.40	60.22 	7.25 	2.0073 	0.0517 	0.0141 	12.4750 	0.24	0.00	0	0
”¢ ‘1-2	201207	14.94	89.09 	7.41 	0.7398 	0.1042 	0.0243 	44.4611 	0.53	0.00	0	0
”¢ ‘1-3	201207	30.75	276.35 	9.27 	2.9177 	0.2142 	0.0172 	24.1927 	0.27	0.00	0	0
”¢ ‘1-4	201207	3.63	16.79 	2.15 	0.2981 	0.2251 	0.0248 	30.1340 	1.44	0.00	0	0
”¢ ‘10-1	201207	24.04	374.65 	13.74 	3.9805 	0.0760 	0.0043 	7.6787 	2.03	0.00	0	0
”¢ ‘11-1	201207	18.50	227.78 	5.53 	1.9266 	0.0362 	0.0026 	2.9428 	1.83	0.85	0	0
”¢ ‘12-1	201207	18.00	199.63 	2.74 	0.3012 	0.0315 	0.0039 	0.4085 	4.83	0.52	0	0
”¢ ‘14-1	201207	5.65	2.35 	27.57 	4.1929 	0.0002 	0.0028 	4.1929 	4.93	8.20	0	0
”¢ ‘2-1	201207	30.58	107.08 	15.19 	4.2273 	0.0290 	0.0095 	7.5256 	0.27	0.00	0	0
”¢ ‘2-2	201207	0.00	0.00 	0.00 	0.0000 	0.0035 	0.0033 	3.1025 	0.00	0.00	0	0
”¢ ‘2-3	201207	0.00	0.00 	0.00 	0.0000 	0.0010 	0.0044 	18.1856 	0.00	0.00	0	0
”¢ ‘2-4	201207	0.00	0.00 	0.00 	0.0000 	0.0068 	0.0024 	12.9762 	0.00	0.00	0	0
”¢ ‘2-5	201207	0.00	0.00 	0.00 	0.0000 	0.0090 	0.0041 	37.3258 	0.00	0.00	0	0
”¢ ‘3-1	201207	17.42	11.22 	0.00 	4.6086 	0.0056 	0.0019 	38.1669 	1.94	1.87	0	0
”¢ ‘4-1	201207	4.00	0.58 	13.03 	0.0358 	0.0028 	0.0127 	0.6087 	0.22	0.00	0	0
”¢ ‘4-2	201207	0.00	0.00 	0.00 	0.0000 	0.0029 	0.0220 	0.5729 	0.00	0.00	0	0
”¢ ‘4-3	201207	30.38	324.22 	42.07 	1.8652 	0.1249 	0.0461 	5.1998 	0.44	0.00	0	0
”¢ ‘6-1	201207	5.29	0.16 	6.54 	0.0000 	0.0027 	0.0146 	0.4547 	0.75	0.00	0	0
”¢ ‘8-1	201207	31.00	367.37 	12.62 	8.2506 	0.1282 	0.0110 	17.5199 	3.94	1.44	0	0
”¢ ‘9-1	201207	29.96	445.90 	34.25 	0.0026 	0.1457 	0.0141 	85.3665 	6.78	4.30	0	0
…∞37	201208	29.50	91.88 	29.70 	2.9737 	0.1693 	0.0528 	51.1417 	0.65	0.00	0	0
…∞40	201208	0.00	0.00 	0.00 	0.0000 	0.2144 	0.0132 	18.6647 	0.00	0.00	0	0
”¢∂´102	201208	30.65	118.12 	3.68 	1.0844 	0.1374 	0.0166 	3.8965 	0.46	0.00	0	0
”¢∂´104	201208	22.92	28.14 	7.63 	1.4006 	0.0059 	0.0184 	3.7603 	0.26	0.00	0	0
”¢∂´105	201208	2.75	0.69 	0.00 	0.0000 	0.0010 	0.0015 	0.0000 	5.30	0.00	0	0
”¢∂´107	201208	30.65	224.53 	10.95 	1.8021 	0.0395 	0.0067 	3.0935 	0.31	0.00	0	0
”¢ ‘1-1	201208	18.17	28.66 	61.88 	6.6781 	0.0546 	0.0203 	19.1531 	0.21	0.00	0	0
”¢ ‘1-2	201208	30.56	188.37 	23.91 	1.8715 	0.1230 	0.0267 	46.3326 	0.52	0.00	0	0
”¢ ‘1-3	201208	30.52	225.29 	8.20 	2.7608 	0.2368 	0.0180 	26.9535 	0.15	0.00	0	0
”¢ ‘1-4	201208	29.42	190.16 	15.39 	2.7873 	0.2441 	0.0263 	32.9213 	0.33	0.00	0	0
”¢ ‘11-1	201208	29.42	369.85 	21.44 	3.0024 	0.0732 	0.0048 	5.9452 	3.84	1.18	0	0
”¢ ‘12-1	201208	31.00	269.58 	6.62 	2.0359 	0.0585 	0.0046 	2.4444 	5.21	0.76	0	0
”¢ ‘13-1	201208	3.83	33.09 	39.13 	0.0000 	0.0033 	0.0039 	0.0000 	0.75	0.00	0	0
”¢ ‘14-1	201208	30.65	52.58 	20.67 	39.6201 	0.0055 	0.0049 	43.8130 	6.08	3.31	0	0
”¢ ‘2-1	201208	30.68	83.80 	3.00 	4.9296 	0.0373 	0.0098 	12.4552 	0.25	0.00	0	0
”¢ ‘2-2	201208	0.00	0.00 	0.00 	0.0000 	0.0035 	0.0033 	3.1025 	0.00	0.00	0	0
”¢ ‘2-3	201208	0.00	0.00 	0.00 	0.0000 	0.0010 	0.0044 	18.1856 	0.00	0.00	0	0
”¢ ‘2-4	201208	0.00	0.00 	0.00 	0.0000 	0.0068 	0.0024 	12.9762 	0.00	0.00	0	0
”¢ ‘2-5	201208	0.00	0.00 	0.00 	0.0000 	0.0090 	0.0041 	37.3258 	0.00	0.00	0	0
”¢ ‘3-1	201208	0.00	0.00 	0.00 	0.0000 	0.0056 	0.0019 	38.1669 	0.00	0.00	0	0
”¢ ‘4-1	201208	0.00	0.00 	0.00 	0.0000 	0.0028 	0.0127 	0.6087 	0.00	0.00	0	0
”¢ ‘4-3	201208	30.73	368.92 	76.40 	2.1538 	0.1618 	0.0537 	7.3536 	0.22	0.00	0	0
”¢ ‘6-1	201208	8.63	0.38 	39.76 	0.0000 	0.0028 	0.0186 	0.4547 	0.26	0.00	0	0
”¢ ‘8-1	201208	20.29	206.40 	5.52 	5.9769 	0.1488 	0.0116 	23.4968 	3.80	1.36	0	0
”¢ ‘9-1	201208	31.00	252.80 	10.11 	0.0021 	0.1709 	0.0151 	85.3687 	6.68	5.02	0	0
…∞37	201209	29.67	104.35	15.08	4.0484 	0.1797 	0.0543 	55.1901 	0.46	0.00	0.00	0.00
”¢∂´102	201209	29.67	104.67	2.04	1.2278 	0.1478	0.0168	5.1243	0.45	0.00	0.00	0.00
”¢∂´104	201209	8.10	3.58	5.16	1.9829 	0.0062	0.0189	5.7432	0.31	0.00	0.00	0.00
”¢∂´105	201209	0.00	0.00	0.00	0.0000 	0.0395 	0.0067 	3.0935 	0.00	0.00	0.00	0.00
”¢∂´107	201209	29.67	61.68	2.62	0.8216 	0.0457 	0.0070 	3.9151 	0.31	0.00	0.00	0.00
”¢ ‘1-1	201209	20.77	15.31	32.65	0.8933 	0.0561 	0.0235 	20.0464 	0.26	0.00	0.00	0.00
”¢ ‘1-2	201209	29.29	154.81	21.64	4.7638 	0.1385 	0.0289 	51.0964 	0.52	0.00	0.00	0.00
”¢ ‘1-3	201209	29.67	221.07	5.04	3.7851 	0.2589 	0.0185 	30.7386 	0.25	0.00	0.00	0.00
”¢ ‘1-4	201209	29.67	153.26	76.69	4.4224 	0.2595 	0.0340 	37.3437 	0.21	0.00	0.00	0.00
”¢ ‘11-1	201209	18.29	270.97	3.72	2.6286 	0.1002 	0.0051 	8.5738 	6.85	1.09	0.00	0.00
”¢ ‘12-1	201209	30.00	308.16	4.67	3.3234 	0.0893 	0.0051 	5.7678 	4.92	1.53	0.00	0.00
”¢ ‘13-1	201209	23.17	344.88	10.76	4.0013 	0.0378	0.0050	4.0013	0.41	0.24	0.00	0.00
”¢ ‘14-1	201209	20.71	39.09	14.46	13.3572 	0.0094	0.0063	57.17020000	3.36	3.12	0.00	0.00
”¢ ‘15-1	201209	24.38	191.67	23.10	20.4636 	0.0192	0.0023	20.46000000	5.86	3.79	0.00	0.00
”¢ ‘2-1	201209	20.69	135.32	31.73	2.0121 	0.0509	0.0130	14.46730000	0.58	0.00	0.00	0.00
”¢ ‘2-2	201209	0.00	0.00	0.00	0.0000 	0.0035	0.0033	3.10250000	0.00	0.00	0.00	0.00
”¢ ‘2-3	201209	0.00	0.00	0.00	0.0000 	0.0010	0.0044	18.18560000	0.00	0.00	0.00	0.00
”¢ ‘2-4	201209	0.00	0.00	0.00	0.0000 	0.0068	0.0024	12.97620000	0.00	0.00	0.00	0.00
”¢ ‘2-5	201209	0.00	0.00	0.00	0.0000 	0.0090	0.0041	37.32580000	0.00	0.00	0.00	0.00
”¢ ‘3-1	201209	0.00	0.00	0.00	0.0000 	0.0056	0.0019	38.16692000	0.00	0.00	0.00	0.00
”¢ ‘4-3	201209	24.96	213.90	109.00	1.5851 	0.1832	0.0646	8.9387	0.25	0.00	0.00	0.00
”¢ ‘6-1	201209	22.42	0.67	78.90	0.0021 	0.0028	0.0265	0.4568	0.29	0.00	0.00	0.00
”¢ ‘8-1	201209	7.71	105.02	2.12	2.1473 	0.1593	0.0118	25.6441	4.75	1.99	0.00	0.00
”¢ ‘9-1	201209	30.00	345.55	7.69	18.7327 	0.2055	0.0159	104.1014	6.52	4.13	0.00	0.00
…∞37	201210	31.00	70.60	9.35	3.9317 	0.1868 	0.0552 	59.1218 	0.53	0.00	0.00	0.00
”¢∂´102	201210	31.00	113.05	3.36	0.9264 	0.1591	0.0171	6.0507	0.30	0.14	0.00	0.00
”¢∂´104	201210	2.44	2.06	10.58	0.3696 	0.0065	0.0200	6.1128	0.32	0.00	0.00	0.00
”¢∂´105	201210	0.00	0.00	0.00	0.0000 	0.0395 	0.0067 	3.0935 	0.00	0.00	0.00	0.00
”¢∂´107	201210	31.00	82.85	7.18	0.5876 	0.0539 	0.0077 	4.5027 	0.19	0.15	0.00	0.00
”¢ ‘1-1	201210	29.33	48.55	33.03	3.4641 	0.0609 	0.0268 	23.5105 	0.24	0.00	0.00	0.00
”¢ ‘1-2	201210	23.06	113.94	17.51	3.1537 	0.1499 	0.0306 	54.2501 	0.43	0.00	0.00	0.00
”¢ ‘1-3	201210	31.00	202.95	5.52	3.9317 	0.2792 	0.0191 	34.6703 	0.23	0.00	0.00	0.00
”¢ ‘1-4	201210	25.83	131.99	45.27	3.3479 	0.2727 	0.0385 	40.6916 	0.24	0.00	0.00	0.00
”¢ ‘11-1	201210	11.54	136.60	1.67	1.1819 	0.1139 	0.0053 	9.7557 	6.48	1.25	0.00	0.00
”¢ ‘12-1	201210	31.00	291.17	4.72	3.0226 	0.1184 	0.0055 	8.7904 	4.76	1.15	0.00	0.00
”¢ ‘13-1	201210	31.00	423.60	10.64	13.9335 	0.0801	0.0060	17.9348	0.72	0.24	0.00	0.00
”¢ ‘14-1	201210	9.27	11.07	0.36	0.3370 	0.0105	0.0063	57.50720000	0.13	0.00	0.00	0.00
”¢ ‘15-1	201210	29.06	182.21	42.96	17.6618 	0.0374	0.0066	38.12540000	4.49	2.48	0.00	0.00
”¢ ‘2-1	201210	16.00	67.04	6.49	1.0868 	0.0576	0.0136	15.5541	0.21	0.00	0.00	0.00
”¢ ‘2-2	201210	0.00	0.00	0.00	0.0000 	0.0035	0.0033	3.10250000	0.00	0.00	0.00	0.00
”¢ ‘2-3	201210	0.00	0.00	0.00	0.0000 	0.0010	0.0044	18.18560000	0.00	0.00	0.00	0.00
”¢ ‘2-4	201210	4.65	16.58	1.50	0.4845 	0.0084 	0.0026 	13.4607 	0.24	0.00	0.00	0.00
”¢ ‘2-5	201210	0.00	0.00	0.00	0.0000 	0.0090	0.0041	37.32580000	0.00	0.00	0.00	0.00
”¢ ‘3-1	201210	0.00	0.00	0.00	0.0000 	0.0056	0.0019	38.16692000	0.00	0.00	0.00	0.00
”¢ ‘4-3	201210	31.00	332.64	81.86	1.8263 	0.2165	0.0728	10.7650	0.23	0.00	0.00	0.00
”¢ ‘6-1	201210	1.21	0.04	4.38	0.0000 	0.0029	0.0270	0.4568	0.52	0.00	0.00	0.00
”¢ ‘8-1	201210	31.00	361.94	6.12	7.9860 	0.1955	0.0124	33.6301	3.08	0.90	0.00	0.00
”¢ ‘9-1	201210	1.17	21.37	0.26	1.5140 	0.2076	0.0159	105.6154	6.54	1.90	0.00	0.00
…∞37	201211	29.71	35.22	4.72	2.8288 	0.1871 	0.0553 	59.4047 	0.46	0.00	0.00	0.00
”¢∂´102	201211	29.71	117.15	4.12	0.3106 	0.1709	0.0175	6.3613	0.32	0.00	0.00	0.00
”¢∂´104	201211	0.00	0.00	0.00	0.0000 	0.0065	0.0200	6.1128	0.00	0.00	0.00	0.00
”¢∂´105	201211	11.94	161.89	47.75	0.5140 	0.0557 	0.0115 	3.6075 	6.67	2.10	0.00	0.00
”¢∂´107	201211	29.71	61.80	7.98	0.4883 	0.0601 	0.0085 	4.9910 	0.20	0.00	0.00	0.00
”¢ ‘1-1	201211	29.71	33.24	11.92	2.8788 	0.0643 	0.0280 	26.3893 	0.28	0.00	0.00	0.00
”¢ ‘1-2	201211	28.40	155.40	13.24	2.9444 	0.1654 	0.0319 	57.1945 	0.32	0.00	0.00	0.00
”¢ ‘1-3	201211	29.71	204.87	5.83	3.0913 	0.2997 	0.0197 	37.7616 	0.29	0.00	0.00	0.00
”¢ ‘1-4	201211	29.71	132.45	69.65	3.0925 	0.2859 	0.0455 	43.7841 	0.26	0.00	0.00	0.00
”¢ ‘11-1	201211	29.88	376.23	7.77	3.1074 	0.1515 	0.0061 	12.8631 	6.97	1.31	0.00	0.00
”¢ ‘12-1	201211	19.67	168.67	3.33	1.1888 	0.1353 	0.0059 	9.9792 	5.82	0.95	0.00	0.00
”¢ ‘13-1	201211	28.67	256.11	4.70	7.4654 	0.1058	0.0065	25.4002	0.37	0.00	0.00	0.00
”¢ ‘14-1	201211	28.67	25.94	4.01	0.9261 	0.0131 	0.0067 	58.4333 	0.24	0.00	0.00	0.00
”¢ ‘15-1	201211	15.64	109.56	1.63	8.9291 	0.0484	0.0068	47.05450000	4.60	2.56	0.00	0.00
”¢ ‘2-1	201211	29.71	137.29	5.11	3.5956 	0.0713	0.0141	19.1497	0.37	0.00	0.00	0.00
”¢ ‘2-2	201211	8.29	11.57	35.36	1.1111 	0.0047	0.0068	4.2136	0.20	0.00	0.00	0.00
”¢ ‘2-3	201211	2.52	6.38	6.03	0.1252 	0.0016	0.0050	18.3108	0.87	0.00	0.00	0.00
”¢ ‘2-4	201211	21.00	199.11	47.12	2.0894 	0.0283 	0.0073 	15.5501 	0.36	0.00	0.00	0.00
”¢ ‘2-5	201211	0.00	0.00	0.00	0.0000 	0.0090	0.0041	37.32580000	0.00	0.00	0.00	0.00
”¢ ‘3-1	201211	0.00	0.00	0.00	0.0000 	0.0056	0.0019	38.16692000	0.00	0.00	0.00	0.00
”¢ ‘4-3	201211	28.79	293.68	125.63	1.7474 	0.2459	0.0854	12.5124	0.28	0.00	0.00	0.00
”¢ ‘6-1	201211	0.00	0.00	0.00	0.0000 	0.0029	0.0270	0.4568	0.00	0.00	0.00	0.00
”¢ ‘8-1	201211	29.88	262.26	4.70	6.6276 	0.2217	0.0129	40.2577	4.52	1.36	0.00	0.00
”¢ ‘9-1	201211	29.46	384.54	11.60	21.7962 	0.2461	0.0171	127.4116	6.42	3.47	0.00	0.00
…∞37	201212	31.00	49.78	16.69	2.9078 	0.1921	0.0570	62.3125	0.50	0.00	0.00	0.00
”¢∂´102	201212	17.04	62.20	25.56	0.2001 	0.1771	0.0201	6.5614	0.40	0.00	0.00	0.00
”¢∂´104	201212	0.00	0.00	0.00	0.0000 	0.0065	0.0200	6.1128	0.00	0.00	0.00	0.00
”¢∂´105	201212	29.40	604.31	41.34	2.7736 	0.1161	0.0157	6.3811	5.33	2.41	0.00	0.00
”¢∂´107	201212	31.00	53.84	11.01	0.3825 	0.0655	0.0096	5.3735	0.23	0.00	0.00	0.00
”¢∂´108	201212	23.79	0.00	0.00	0.0000 	0.0000	0.0000	0.0000	0.00	0.00	0.00	0.00
”¢∂´116	201212	0.58	0.00	0.00	0.0000 	0.0000	0.0000	0.0000	0.00	0.00	0.00	0.00
”¢ ‘1-1	201212	31.00	34.24	11.31	3.2868 	0.0677	0.0291	29.6761	0.45	0.00	0.00	0.00
”¢ ‘1-2	201212	31.00	173.88	13.16	3.4324 	0.1828	0.0333	60.6269	0.45	0.00	0.00	0.00
”¢ ‘1-3	201212	31.00	211.96	9.89	3.4665 	0.3209	0.0206	41.2281	0.37	0.00	0.00	0.00
”¢ ‘1-4	201212	19.56	80.10	76.10	1.6805 	0.2939	0.0531	45.4646	0.38	0.00	0.00	0.00
”¢ ‘11-1	201212	31.00	497.37	9.27	5.9638 	0.2013	0.0070	18.8269	6.24	2.19	0.00	0.00
”¢ ‘12-1	201212	29.77	210.03	16.34	3.0038 	0.1563	0.0075	12.9830	2.85	0.93	0.00	0.00
”¢ ‘13-1	201212	30.88	212.57	6.34	5.4090 	0.1270	0.0071	30.8092	0.50	0.00	0.00	0.00
”¢ ‘14-1	201212	31.00	18.86	1.88	0.5816 	0.0150	0.0069	59.0149	0.21	0.00	0.00	0.00
”¢ ‘15-1	201212	30.79	177.04	3.99	7.8170 	0.0661	0.0072	54.8715	1.48	0.00	0.00	0.00
”¢ ‘2-1	201212	31.00	127.27	2.24	3.7019 	0.0840	0.0143	22.8516	0.70	0.00	0.00	0.00
”¢ ‘2-2	201212	30.88	62.02	4.76	3.5170 	0.0109	0.0073	7.7306	0.46	0.00	0.00	0.00
”¢ ‘2-3	201212	18.13	22.12	4.71	11.4876 	0.0038	0.0055	29.7984	0.62	0.00	0.00	0.00
”¢ ‘2-4	201212	22.04	225.15	4.22	3.0095 	0.0508	0.0077	18.5596	0.67	0.00	0.00	0.00
”¢ ‘2-5	201212	6.17	15.09	37.54	6.1987 	0.0106	0.0079	43.5245	4.81	4.15	0.00	0.00
”¢ ‘3-1	201212	0.00	0.00	0.00	0.0000 	0.0056	0.0019	38.1669	0.00	0.00	0.00	0.00
”¢ ‘4-3	201212	30.71	268.06	98.73	2.2255 	0.2727	0.0952	14.7379	0.43	0.00	0.00	0.00
”¢ ‘6-1	201212	0.00	0.00	0.00	0.0000 	0.0029	0.0270	0.4568	0.00	0.00	0.00	0.00
”¢ ‘8-1	201212	31.00	256.81	5.58	7.3486 	0.2474	0.0135	47.6063	4.28	1.45	0.00	0.00
”¢ ‘9-1	201212	31.00	374.78	7.64	34.7253 	0.2836	0.0179	162.1369	6.17	3.67	0.00	0.00
…∞37	201301	30.90	48.26	18.97	3.6574 	0.1969	0.0589	65.9699	0.42	0.00	0.00	0.00
”¢∂´102	201301	30.83	114.36	26.41	0.5645 	0.1885	0.0227	7.1259	0.43	0.00	0.00	0.00
”¢∂´104	201301	0.00	0.00	0.00	0.0000 	0.0065	0.0200	6.1128	0.00	0.00	0.00	0.00
”¢∂´105	201301	31.00	527.13	17.77	4.6025 	0.1688	0.0174	10.9836	5.00	1.25	0.00	0.00
”¢∂´107	201301	10.06	18.16	3.76	0.1556 	0.0673	0.0100	5.5291	0.21	0.00	0.00	0.00
”¢∂´108	201301	30.38	51.11	81.01	0.3045 	0.0051	0.0081	0.3045	0.18	0.00	0.00	0.00
”¢∂´113	201301	2.83	8.02	14.30	0.0840 	0.0008	0.0014	0.0840	0.14	0.00	0.00	0.00
”¢∂´114	201301	10.00	19.22	10.51	1.9058 	0.0019	0.0011	1.9058	0.25	0.00	0.00	0.00
”¢∂´116	201301	30.90	130.44	37.11	2.0865 	0.0130	0.0037	2.0865	0.30	0.00	0.00	0.00
”¢∂´117	201301	7.75	127.86	34.63	1.9203 	0.0128	0.0035	1.9203	2.34	0.00	0.00	0.00
”¢ ‘1-1	201301	30.90	34.33	22.93	3.6889 	0.0711	0.0314	33.3650	0.43	0.00	0.00	0.00
”¢ ‘1-2	201301	30.90	197.16	17.76	3.6527 	0.2025	0.0350	64.2796	0.42	0.00	0.00	0.00
”¢ ‘1-3	201301	30.90	212.02	8.71	3.6465 	0.3421	0.0215	44.8746	0.42	0.00	0.00	0.00
”¢ ‘1-4	201301	30.90	89.97	85.66	3.4987 	0.3029	0.0617	48.9633	0.42	0.00	0.00	0.00
”¢ ‘11-1	201301	31.00	383.45	7.10	4.4424 	0.2396	0.0077	23.2693	6.95	1.83	0.00	0.00
”¢ ‘12-1	201301	30.83	194.45	3.11	4.4675 	0.1757	0.0078	17.4505	0.45	0.00	0.00	0.00
”¢ ‘13-1	201301	20.79	188.89	2.86	3.0277 	0.1459	0.0074	33.8369	0.45	0.00	0.00	0.00
”¢ ‘14-1	201301	9.10	10.94	0.23	0.1456 	0.0161	0.0069	59.1605	0.48	0.00	0.00	0.00
”¢ ‘15-1	201301	30.83	156.69	5.97	4.2539 	0.0817	0.0078	59.1254	0.47	0.00	0.00	0.00
”¢ ‘2-1	201301	30.94	105.37	1.78	4.3670 	0.0946	0.0145	27.2186	0.42	0.00	0.00	0.00
”¢ ‘2-2	201301	30.94	13.23	1.42	4.0450 	0.0122	0.0074	11.7756	0.50	0.00	0.00	0.00
”¢ ‘2-3	201301	0.00	0.00	0.00	0.0000 	0.0038	0.0055	29.7984	0.00	0.00	0.00	0.00
”¢ ‘2-4	201301	30.94	276.50	3.83	4.1754 	0.0785	0.0081	22.7350	0.41	0.00	0.00	0.00
”¢ ‘2-5	201301	0.00	0.00	0.00	0.0000 	0.0106	0.0079	43.5245	0.00	0.00	0.00	0.00
”¢ ‘3-1	201301	0.00	0.00	0.00	0.0000 	0.0056	0.0019	38.1669	0.00	0.00	0.00	0.00
”¢ ‘4-3	201301	30.94	219.25	113.52	3.9894 	0.2946	0.1066	18.7273	0.43	0.00	0.00	0.00
”¢ ‘6-1	201301	0.00	0.00	0.00	0.0000 	0.0029	0.0270	0.4568	0.00	0.00	0.00	0.00
”¢ ‘8-1	201301	31.00	400.85	4.97	5.4272 	0.2875	0.0140	53.0335	3.92	1.37	0.00	0.00
”¢ ‘9-1	201301	22.25	304.97	6.40	29.5094 	0.3141	0.0185	191.6463	5.83	3.65	0.00	0.00
…∞37	201302	27.77	44.13	25.61	3.3434 	0.2013	0.0614	69.3133	0.39	0.00	0.00	0.00
”¢∂´102	201302	3.75	14.20	2.75	0.0949 	0.1899	0.0230	7.2208	0.40	0.00	0.00	0.00
”¢∂´104	201302	0.00	0.00	0.00	0.0000 	0.0065	0.0200	6.1128	0.00	0.00	0.00	0.00
”¢∂´105	201302	28.00	631.60	8.46	6.1137 	0.2320	0.0183	17.0973	4.86	2.22	0.00	0.00
”¢∂´107	201302	0.00	0.00	0.00	0.0000 	0.0673	0.0100	5.5291	0.00	0.00	0.00	0.00
”¢∂´108	201302	27.77	27.59	81.11	1.6578 	0.0079	0.0162	1.9623	0.35	0.00	0.00	0.00
”¢∂´113	201302	27.77	105.84	8.41	2.4516 	0.0114	0.0023	2.5356	0.53	0.00	0.00	0.00
”¢∂´114	201302	27.77	52.14	22.78	3.9868 	0.0071	0.0033	5.8926	0.53	0.00	0.00	0.00
”¢∂´116	201302	27.77	112.89	3.27	2.4526 	0.0243	0.0040	4.5391	0.35	0.00	0.00	0.00
”¢∂´117	201302	27.77	474.37	9.89	5.0208 	0.0602	0.0045	6.9411	0.68	0.00	0.00	0.00
”¢ ‘1-1	201302	27.77	36.94	33.01	3.3815 	0.0748	0.0347	36.7465	0.41	0.00	0.00	0.00
”¢ ‘1-2	201302	27.77	139.92	29.33	3.4245 	0.2165	0.0380	67.7041	0.42	0.00	0.00	0.00
”¢ ‘1-3	201302	27.77	176.54	31.89	3.3340 	0.3597	0.0247	48.2086	0.41	0.00	0.00	0.00
”¢ ‘1-4	201302	27.77	93.11	73.24	3.3799 	0.3122	0.0690	52.3432	0.37	0.00	0.00	0.00
”¢ ‘11-1	201302	27.79	569.39	10.37	6.1634 	0.2966	0.0088	29.4327	5.73	2.57	0.00	0.00
”¢ ‘12-1	201302	27.81	213.24	2.59	5.7959 	0.1971	0.0081	23.2464	0.63	0.00	0.00	0.00
”¢ ‘13-1	201302	0.00	0.00	0.00	0.0000 	0.1459	0.0074	33.8369	0.00	0.00	0.00	0.00
”¢ ‘14-1	201302	0.00	0.00	0.00	0.0000 	0.0161	0.0069	59.1605	0.00	0.00	0.00	0.00
”¢ ‘15-1	201302	23.04	154.84	1.89	5.0350 	0.0972	0.0079	64.1604	0.84	0.00	0.00	0.00
”¢ ‘2-1	201302	27.77	84.30	2.38	4.1597 	0.1030	0.0148	31.3783	0.47	0.00	0.00	0.00
”¢ ‘2-2	201302	27.77	12.52	11.07	5.3900 	0.0134	0.0085	17.1656	2.38	0.00	0.00	0.00
”¢ ‘2-3	201302	0.00	0.00	0.00	0.0000 	0.0038	0.0055	29.7984	0.00	0.00	0.00	0.00
”¢ ‘2-4	201302	27.77	346.92	13.08	6.8287 	0.1132	0.0094	29.5637	0.56	0.00	0.00	0.00
”¢ ‘2-5	201302	0.00	0.00	0.00	0.0000 	0.0106	0.0079	43.5245	0.00	0.00	0.00	0.00
”¢ ‘3-1	201302	0.00	0.00	0.00	0.0000 	0.0056	0.0019	38.1669	0.00	0.00	0.00	0.00
”¢ ‘4-3	201302	27.77	225.17	114.29	5.5563 	0.3171	0.1180	24.2836	0.42	0.00	0.00	0.00
”¢ ‘6-1	201302	0.00	0.00	0.00	0.0000 	0.0029	0.0270	0.4568	0.00	0.00	0.00	0.00
”¢ ‘8-1	201302	28.00	350.16	4.21	6.0537 	0.3225	0.0144	59.0872	3.06	1.46	0.00	0.00
”¢ ‘9-1	201302	0.00	0.00	0.00	0.0000 	0.3141	0.0185	191.6463	0.00	0.00	0.00	0.00
…∞37	201303	23.13	40.96	42.94	2.8324 	0.2054	0.0657	72.1457	0.39	0.00	0.00	0.00
”¢19-1	201303	3.00	3.09	0.40	0.1632 	0.0003	0.0000	0.1632	0.20	0.00	0.00	0.00
”¢∂´102	201303	30.73	156.23	24.87	0.6898 	0.2056	0.0255	7.9106	0.32	0.00	0.00	0.00
”¢∂´104	201303	0.00	0.00	0.00	0.0000 	0.0065	0.0200	6.1128	0.00	0.00	0.00	0.00
”¢∂´105	201303	31.00	860.72	27.87	8.5869 	0.3181	0.0211	25.6842	8.77	2.35	0.00	0.00
”¢∂´107	201303	0.00	0.00	0.00	0.0000 	0.0673	0.0100	5.5291	0.00	0.00	0.00	0.00
”¢∂´108	201303	26.85	6.02	90.89	2.8504 	0.0085	0.0253	4.8127	0.44	0.00	0.00	0.00
”¢∂´113	201303	23.02	63.36	2.57	3.0855 	0.0177	0.0025	5.6211	0.33	0.00	0.00	0.00
”¢∂´114	201303	17.79	10.31	145.65	1.5991 	0.0082	0.0179	7.4917	0.25	0.00	0.00	0.00
”¢∂´116	201303	19.54	76.60	11.04	2.2740 	0.0320	0.0051	6.8131	0.25	0.00	0.00	0.00
”¢∂´117	201303	30.77	339.15	5.89	5.8531 	0.0941	0.0050	12.7942	0.81	0.00	0.00	0.00
”¢ ‘1-1	201303	30.77	62.14	29.01	3.7617 	0.0810	0.0376	40.5082	0.37	0.00	0.00	0.00
”¢ ‘1-2	201303	30.77	176.90	22.78	3.7711 	0.2342	0.0402	71.4752	0.38	0.00	0.00	0.00
”¢ ‘1-3	201303	30.77	167.87	41.39	3.7661 	0.3765	0.0288	51.9747	0.38	0.00	0.00	0.00
”¢ ‘1-4	201303	30.77	53.20	83.70	3.7898 	0.3175	0.0773	56.1330	0.39	0.00	0.00	0.00
”¢ ‘11-1	201303	30.56	614.77	14.87	8.6137 	0.3580	0.0102	38.0464	3.28	1.70	0.00	0.00
”¢ ‘12-1	201303	21.03	228.69	10.01	5.2198 	0.2199	0.0091	28.4662	0.52	0.00	0.00	0.00
”¢ ‘13-1	201303	0.00	0.00	0.00	0.0000 	0.1459	0.0074	33.8369	0.00	0.00	0.00	0.00
”¢ ‘14-1	201303	0.00	0.00	0.00	0.0000 	0.0161	0.0069	59.1605	0.00	0.00	0.00	0.00
”¢ ‘15-1	201303	0.00	0.00	0.00	0.0000 	0.0972	0.0079	64.1604	0.00	0.00	0.00	0.00
”¢ ‘2-1	201303	27.31	37.01	84.78	3.5187 	0.1067	0.0232	34.8970	0.42	0.00	0.00	0.00
”¢ ‘2-2	201303	25.67	34.25	3.16	5.4901 	0.0169	0.0088	22.6557	0.38	0.00	0.00	0.00
”¢ ‘2-3	201303	0.00	0.00	0.00	0.0000 	0.0038	0.0055	29.7984	0.00	0.00	0.00	0.00
”¢ ‘2-4	201303	30.77	674.10	27.09	9.5969 	0.1806	0.0121	39.1606	1.61	0.00	0.00	0.00
”¢ ‘2-5	201303	0.00	0.00	0.00	0.0000 	0.0106	0.0079	43.5245	0.00	0.00	0.00	0.00
”¢ ‘3-1	201303	12.32	0.00	0.00	0.0000 	0.0056	0.0019	38.1669	1.59	0.00	0.00	0.00
”¢ ‘4-3	201303	30.77	267.48	127.69	7.8195 	0.3439	0.1308	32.1031	0.44	0.00	0.00	0.00
”¢ ‘6-1	201303	0.00	0.00	0.00	0.0000 	0.0029	0.0270	0.4568	0.00	0.00	0.00	0.00
”¢ ‘8-1	201303	31.00	398.64	13.26	8.0660 	0.3624	0.0157	67.1532	3.79	1.45	0.00	0.00
”¢ ‘9-1	201303	0.00	0.00	0.00	0.0000 	0.3141	0.0185	191.6463	0.00	0.00	0.00	0.00
…∞37	201304	5.71	0.25	29.90	0.9491 	0.2055	0.0687	73.0948	1.35	0.00	0.00	0.00
…∞41	201304	6.00	1.56	14.94	0.0772 	0.0002	0.0015	0.0772	0.21	0.00	0.00	0.00
”¢11-2	201304	15.42	18.13	21.07	0.3559 	0.0018	0.0021	0.3559	0.41	0.00	0.00	0.00
”¢11-2-B4	201304	29.50	139.62	8.18	1.1479 	0.0140	0.0008	1.1479	0.29	0.00	0.00	0.00
”¢15-2	201304	29.63	0.00	0.00	0.0000 	0.0000	0.0000	0.0000	0.10	0.00	0.00	0.00
”¢19-1	201304	21.79	26.07	9.00	0.7577 	0.0029	0.0009	0.9209	0.40	0.00	0.00	0.00
”¢3-3-B5	201304	4.04	11.72	0.28	12.4333 	0.0012	0.0000	12.4333	8.33	7.32	0.00	0.00
”¢3-3-B6	201304	9.77	142.55	6.02	18.2022 	0.0143	0.0006	18.2022	9.55	6.16	0.00	0.00
”¢45-2-B6	201304	13.00	0.95	22.98	0.2898 	0.0001	0.0023	0.2898	0.31	0.00	0.00	0.00
”¢5-3-B5	201304	1.00	8.59	0.10	0.0920 	0.0009	0.0000	0.0920	0.80	0.00	0.00	0.00
”¢5-8-A3	201304	13.90	279.26	6.54	1.9420 	0.0279	0.0007	1.9420	4.27	1.12	0.00	0.00
”¢5-8-A4	201304	16.85	369.24	7.47	3.6865 	0.0369	0.0007	3.6865	6.43	3.08	0.00	0.00
”¢7-1-B3	201304	3.00	47.23	1.51	0.4267 	0.0047	0.0002	0.4267	1.00	0.00	0.00	0.00
”¢7-1-B5	201304	3.00	68.90	1.36	0.4749 	0.0069	0.0001	0.4749	0.88	0.00	0.00	0.00
”¢7-1-B6	201304	3.00	72.69	0.88	1.4020 	0.0073	0.0001	1.4020	11.00	8.00	0.00	0.00
”¢∂´102	201304	29.50	152.26	13.09	0.4831 	0.2208	0.0268	8.3937	0.47	0.00	0.00	0.00
”¢∂´104	201304	0.00	0.00	0.00	0.0000 	0.0065	0.0200	6.1128	0.00	0.00	0.00	0.00
”¢∂´105	201304	30.00	803.80	14.60	10.7213 	0.3984	0.0225	36.4055	8.35	2.19	0.00	0.00
”¢∂´107	201304	0.00	0.00	0.00	0.0000 	0.0673	0.0100	5.5291	0.00	0.00	0.00	0.00
”¢∂´108	201304	0.00	0.00	0.00	0.0000 	0.0085	0.0253	4.8127	0.00	0.00	0.00	0.00
”¢∂´113	201304	0.00	0.00	0.00	0.0000 	0.0177	0.0025	5.6211	0.00	0.00	0.00	0.00
”¢∂´114	201304	27.17	24.06	239.82	1.8040 	0.0106	0.0419	9.2957	0.37	0.00	0.00	0.00
”¢∂´116	201304	1.04	0.00	0.00	0.0000 	0.0320	0.0051	6.8131	0.80	0.00	0.00	0.00
”¢∂´117	201304	11.94	94.17	2.27	2.4254 	0.1036	0.0053	15.2196	1.03	0.00	0.00	0.00
”¢ ‘1-1	201304	30.00	48.98	37.84	4.5888 	0.0859	0.0414	45.0970	0.36	0.00	0.00	0.00
”¢ ‘1-2	201304	27.06	139.60	19.05	4.2632 	0.2482	0.0421	75.7384	0.37	0.00	0.00	0.00
”¢ ‘1-3	201304	30.00	150.17	23.87	4.5425 	0.3915	0.0312	56.5172	0.37	0.00	0.00	0.00
”¢ ‘1-4	201304	30.00	67.47	102.09	4.7300 	0.3243	0.0876	60.8630	0.41	0.00	0.00	0.00
”¢ ‘11-1	201304	30.00	689.93	11.52	8.0782 	0.4270	0.0114	46.1246	1.33	0.00	0.00	0.00
”¢ ‘12-1	201304	0.00	0.00	0.00	0.0000 	0.2199	0.0091	28.4662	0.00	0.00	0.00	0.00
”¢ ‘13-1	201304	3.00	42.51	0.51	0.4259 	0.1502	0.0075	34.2628	0.97	0.00	0.00	0.00
”¢ ‘14-1	201304	12.33	0.01	0.29	0.8747 	0.0161	0.0069	60.0352	0.95	0.00	0.00	0.00
”¢ ‘15-1	201304	0.00	0.00	0.00	0.0000 	0.0972	0.0079	64.1604	0.00	0.00	0.00	0.00
”¢ ‘2-1	201304	30.00	59.56	2.77	4.7142 	0.1127	0.0235	39.6112	0.42	0.00	0.00	0.00
”¢ ‘2-2	201304	20.21	0.00	0.00	1.6962 	0.0169	0.0088	24.3519	0.49	0.00	0.00	0.00
”¢ ‘2-3	201304	0.00	0.00	0.00	0.0000 	0.0038	0.0055	29.7984	0.00	0.00	0.00	0.00
”¢ ‘2-4	201304	30.00	609.00	78.72	19.0903 	0.2415	0.0200	58.2509	2.35	3.10	0.00	0.00
”¢ ‘2-5	201304	0.00	0.00	0.00	0.0000 	0.0106	0.0079	43.5245	0.00	0.00	0.00	0.00
”¢ ‘3-1	201304	4.21	0.00	0.00	0.0000 	0.0056	0.0019	38.1669	0.00	0.00	0.00	0.00
”¢ ‘4-3	201304	30.00	255.61	117.29	8.4197 	0.3694	0.1425	40.5228	0.52	0.00	0.00	0.00
”¢ ‘6-1	201304	0.00	0.00	0.00	0.0000 	0.0029	0.0270	0.4568	0.00	0.00	0.00	0.00
”¢ ‘8-1	201304	29.50	382.13	5.39	8.4731 	0.4006	0.0162	75.6263	0.78	1.18	0.00	0.00
”¢ ‘9-1	201304	3.00	33.84	0.40	3.1707 	0.3175	0.0185	194.8170	0.90	0.00	0.00	0.00
…∞37	201305	30.33	147.38	134.05	17.2333 	0.2202	0.0821	90.3281	0.54	0.00	0.00	0.00
…∞41	201305	30.04	4.34	63.91	0.7453 	0.0006	0.0079	0.8225	0.20	0.00	0.00	0.00
”¢1-1-B3	201305	13.54	306.04	14.38	4.2377 	0.0306	0.0014	4.2377	0.91	0.93	0.00	0.00
”¢1-1-B5	201305	12.54	122.28	12.98	8.1580 	0.0122	0.0013	8.1580	1.62	0.00	0.00	0.00
”¢11-2	201305	27.25	267.05	22.88	3.7827 	0.0285	0.0044	4.1386	0.46	0.00	0.00	0.00
”¢11-2-B4	201305	28.33	67.29	2.42	2.0982 	0.0207	0.0011	3.2461	0.42	0.00	0.00	0.00
”¢11-6-A1	201305	23.04	352.57	7.54	3.4872 	0.0353	0.0008	3.4872	2.49	0.55	0.00	0.00
”¢11-6-A4	201305	23.42	441.91	5.36	3.3642 	0.0442	0.0005	3.3642	4.10	1.14	0.00	0.00
”¢11-6-A6	201305	23.04	402.90	4.88	3.2213 	0.0403	0.0005	3.2213	4.47	0.77	0.00	0.00
”¢13-1-B4	201305	13.63	161.59	19.28	1.5930 	0.0162	0.0019	1.5930	2.14	0.71	0.00	0.00
”¢13-1-B5	201305	12.54	191.52	8.19	1.4982 	0.0192	0.0008	1.4982	0.80	0.00	0.00	0.00
”¢13-1-B6	201305	13.00	172.46	4.58	1.7160 	0.0172	0.0005	1.7160	4.43	1.29	0.00	0.00
”¢13-6-A5	201305	11.88	75.71	6.72	0.2422 	0.0076	0.0007	0.2422	0.36	0.00	0.00	0.00
”¢15-2	201305	2.06	1.68	0.86	0.0092 	0.0002	0.0001	0.0092	0.22	0.00	0.00	0.00
”¢19-1	201305	18.54	12.81	15.14	0.2113 	0.0042	0.0025	1.1322	0.29	0.00	0.00	0.00
”¢3-3-B5	201305	4.88	33.42	6.96	0.9812 	0.0045	0.0007	13.4145	5.74	0.00	0.00	0.00
”¢3-3-B6	201305	18.04	327.38	11.93	13.5232 	0.0470	0.0018	31.7254	8.03	4.91	0.00	0.00
”¢45-2-B6	201305	7.94	0.67	15.22	0.6647 	0.0002	0.0038	0.9545	0.27	0.00	0.00	0.00
”¢5-1-B3	201305	3.63	151.82	4.71	0.5536 	0.0152	0.0005	0.5536	0.78	0.00	0.00	0.00
”¢5-1-B5	201305	3.63	18.84	0.55	0.7628 	0.0019	0.0001	0.7628	0.80	0.00	0.00	0.00
”¢5-3-B5	201305	2.04	13.75	0.17	1.6843 	0.0022	0.0000	1.7763	0.73	0.00	0.00	0.00
”¢5-3-B6	201305	0.00	0.00	0.00	0.0000 	0.0000	0.0000	0.0000	0.00	0.00	0.00	0.00
”¢5-8-A3	201305	28.52	638.34	30.12	0.9837 	0.0918	0.0037	2.9257	4.86	1.40	0.00	0.00
”¢5-8-A4	201305	24.88	576.44	28.76	5.6639 	0.0946	0.0036	9.3504	4.66	0.99	0.00	0.00
”¢7-1-B3	201305	29.21	450.56	6.25	11.5092 	0.0498	0.0008	11.9359	0.83	0.00	0.00	0.00
”¢7-1-B5	201305	30.02	419.93	9.61	9.4496 	0.0489	0.0011	9.9245	1.04	1.28	0.00	0.00
”¢7-1-B6	201305	31.00	554.40	12.29	9.7917 	0.0627	0.0013	11.1937	7.81	4.90	0.00	0.00
”¢7-8-A4	201305	30.58	313.39	17.96	2.0403 	0.0313	0.0018	2.0403	4.24	1.10	0.00	0.00
”¢9-1-B3	201305	2.63	26.51	1.31	0.2749 	0.0027	0.0001	0.2749	0.95	0.00	0.00	0.00
”¢9-1-B4	201305	5.29	60.64	2.39	0.5908 	0.0061	0.0002	0.5908	4.50	0.00	0.00	0.00
”¢9-1-B5	201305	5.29	62.31	3.12	0.6390 	0.0062	0.0003	0.6390	0.93	0.00	0.00	0.00
”¢9-1-B6	201305	3.29	46.05	4.12	0.3720 	0.0046	0.0004	0.3720	0.93	0.00	0.00	0.00
”¢9-2-A6	201305	6.50	93.09	2.14	0.6642 	0.0093	0.0002	0.6642	1.88	0.70	0.00	0.00
”¢9-2-B2	201305	5.88	61.42	1.23	0.6435 	0.0061	0.0001	0.6435	2.38	0.43	0.00	0.00
”¢9-2-B3	201305	6.50	70.29	5.14	0.7311 	0.0070	0.0005	0.7311	1.54	0.00	0.00	0.00
”¢9-2-B4	201305	7.00	81.90	2.88	0.7403 	0.0082	0.0003	0.7403	5.46	0.84	0.00	0.00
”¢9-2-B5	201305	6.50	112.48	2.83	0.7625 	0.0112	0.0003	0.7625	1.05	0.00	0.00	0.00
”¢9-3-B5	201305	8.63	19.32	1.90	1.3714 	0.0019	0.0002	1.3714	1.25	0.00	0.00	0.00
”¢9-3-B6	201305	9.00	109.92	2.54	1.9706 	0.0110	0.0003	1.9706	4.49	2.15	0.00	0.00
”¢∂´102	201305	9.40	52.97	5.00	0.1887 	0.2261	0.0273	8.5824	0.42	0.00	0.00	0.00
”¢∂´104	201305	0.00	0.00	0.00	0.0000 	0.0065	0.0200	6.1128	0.00	0.00	0.00	0.00
”¢∂´105	201305	31.00	576.22	21.21	7.2544 	0.4561	0.0246	43.6599	8.52	1.76	0.00	0.00
”¢∂´107	201305	0.00	0.00	0.00	0.0000 	0.0673	0.0100	5.5291	0.00	0.00	0.00	0.00
”¢∂´108	201305	0.00	0.00	0.00	0.0000 	0.0085	0.0253	4.8127	0.00	0.00	0.00	0.00
”¢∂´113	201305	0.00	0.00	0.00	0.0000 	0.0177	0.0025	5.6211	0.00	0.00	0.00	0.00
”¢∂´114	201305	23.04	0.67	2.92	0.7152 	0.0106	0.0422	10.0109	0.35	0.00	0.00	0.00
”¢∂´116	201305	27.94	387.86	12.96	3.2467 	0.0708	0.0064	10.0598	0.65	0.00	0.00	0.00
”¢∂´117	201305	0.00	0.00	0.00	0.0000 	0.1036	0.0053	15.2196	0.00	0.00	0.00	0.00
”¢ ‘1-1	201305	30.33	42.08	39.59	4.3604 	0.0901	0.0454	49.4574	0.52	0.00	0.00	0.00
”¢ ‘1-2	201305	30.04	80.80	9.06	4.3222 	0.2562	0.0431	80.0606	0.52	0.00	0.00	0.00
”¢ ‘1-3	201305	30.33	159.07	8.26	4.3216 	0.4074	0.0321	60.8388	0.52	0.00	0.00	0.00
”¢ ‘1-4	201305	30.33	61.43	90.17	4.3549 	0.3304	0.0966	65.2179	0.53	0.00	0.00	0.00
”¢ ‘11-1	201305	26.08	465.84	16.98	4.7033 	0.4736	0.0131	50.8279	0.98	0.00	0.00	0.00
”¢ ‘12-1	201305	0.00	0.00	0.00	0.0000 	0.2199	0.0091	28.4662	0.00	0.00	0.00	0.00
”¢ ‘13-1	201305	29.98	420.85	5.07	9.1506 	0.1922	0.0080	43.4134	1.07	0.00	0.00	0.00
”¢ ‘14-1	201305	15.00	0.00	0.00	0.0000 	0.0161	0.0069	60.0352	0.00	0.00	0.00	0.00
”¢ ‘15-1	201305	0.00	0.00	0.00	0.0000 	0.0972	0.0079	64.1604	0.00	0.00	0.00	0.00
”¢ ‘2-1	201305	16.85	20.66	0.50	2.4882 	0.1147	0.0236	42.0994	0.54	0.00	0.00	0.00
”¢ ‘2-2	201305	8.48	1.43	0.19	0.5556 	0.1128	0.0235	40.1668	0.53	0.00	0.00	0.00
”¢ ‘2-3	201305	0.00	0.00	0.00	0.0000 	0.0038	0.0055	29.7984	0.00	0.00	0.00	0.00
”¢ ‘2-4	201305	28.29	423.61	37.34	15.5117 	0.2839	0.0237	73.7626	4.49	2.66	0.00	0.00
”¢ ‘2-5	201305	0.00	0.00	0.00	0.0000 	0.0106	0.0079	43.5245	0.00	0.00	0.00	0.00
”¢ ‘3-1	201305	0.00	0.00	0.00	0.0000 	0.0056	0.0019	38.1669	0.00	0.00	0.00	0.00
”¢ ‘4-3	201305	29.77	261.47	100.31	5.8158 	0.3956	0.1525	46.3386	0.67	0.00	0.00	0.00
”¢ ‘6-1	201305	0.00	0.00	0.00	0.0000 	0.0029	0.0270	0.4568	0.00	0.00	0.00	0.00
”¢ ‘8-1	201305	8.65	98.55	1.20	1.4597 	0.4105	0.0164	77.0860	1.12	0.00	0.00	0.00
”¢ ‘9-1	201305	30.21	401.30	13.53	11.8094 	0.3576	0.0199	206.6264	2.00	3.20	0.00	0.00
…∞37	201306	29.46	249.59	10.60	17.1906 	0.2452	0.0832	107.5187	0.55	0.00	0.00	0.00
…∞41	201306	29.48	0.74	29.29	0.9813 	0.0007	0.0108	1.8038	0.22	0.00	0.00	0.00
”¢1-1-B2	201306	27.65	127.99	2.92	3.3549 	0.0128	0.0003	3.3549	0.89	0.00	0.00	0.00
”¢1-1-B3	201306	29.65	462.09	19.03	9.0316 	0.0768	0.0033	13.2693	0.92	0.00	0.00	0.00
”¢1-1-B5	201306	29.65	435.91	56.65	16.6045 	0.0558	0.0070	24.7625	1.02	0.00	0.00	0.00
”¢11-2	201306	29.04	190.90	5.09	3.9671 	0.0476	0.0049	8.1057	0.46	0.00	0.00	0.00
”¢11-2-B4	201306	29.04	30.98	1.17	3.1118 	0.0238	0.0012	6.3579	0.45	0.00	0.00	0.00
”¢11-6-A1	201306	29.35	344.89	10.64	3.4106 	0.0697	0.0018	6.8978	1.68	0.00	0.00	0.00
”¢11-6-A4	201306	29.35	386.49	11.21	3.9276 	0.0828	0.0017	7.2918	3.67	0.00	0.00	0.00
”¢11-6-A6	201306	29.35	421.52	12.35	3.3447 	0.0824	0.0017	6.5660	4.14	0.00	0.00	0.00
”¢13-1-B4	201306	28.79	229.34	8.94	3.4422 	0.0391	0.0028	5.0352	0.45	0.00	0.00	0.00
”¢13-1-B5	201306	28.79	304.86	11.19	3.7978 	0.0496	0.0019	5.2960	0.46	0.00	0.00	0.00
”¢13-1-B6	201306	28.92	384.86	12.20	4.7450 	0.0557	0.0017	6.4610	3.72	1.14	0.00	0.00
”¢13-2-A6	201306	22.71	149.77	15.65	0.5198 	0.0150	0.0016	0.5198	0.40	0.00	0.00	0.00
”¢13-6-A5	201306	0.00	0.00	0.00	0.0000 	0.0076	0.0007	0.2422	0.00	0.00	0.00	0.00
”¢15-2	201306	0.00	0.00	0.00	0.0000 	0.0002	0.0001	0.0092	0.00	0.00	0.00	0.00
”¢19-1	201306	22.75	50.56	90.15	2.2967 	0.0093	0.0115	3.4289	0.31	0.00	0.00	0.00
”¢3-3-B5	201306	0.00	0.00	0.00	0.0000 	0.0045	0.0007	13.4145	0.00	0.00	0.00	0.00
”¢3-3-B6	201306	0.00	0.00	0.00	0.0000 	0.0470	0.0018	31.7254	0.00	0.00	0.00	0.00
”¢5-1-B2	201306	10.00	2.61	125.41	1.4342 	0.0003	0.0125	1.4342	0.87	0.00	0.00	0.00
”¢5-1-B3	201306	22.06	461.53	10.19	3.7736 	0.0613	0.0015	4.3272	0.87	0.00	0.00	0.00
”¢5-1-B5	201306	29.06	362.72	21.86	5.7645 	0.0382	0.0022	6.5273	0.85	0.00	0.00	0.00
”¢5-1-B6	201306	25.65	416.15	21.21	3.9264 	0.0435	0.0022	4.6892	0.87	0.00	0.00	0.00
”¢5-3-B5	201306	0.00	0.00	0.00	0.0000 	0.0022	0.0000	1.7763	0.00	0.00	0.00	0.00
”¢5-3-B6	201306	0.00	0.00	0.00	0.0000 	0.0000	0.0000	0.0000	0.00	0.00	0.00	0.00
”¢5-8-A3	201306	29.83	638.89	9.80	1.0783 	0.1556	0.0046	4.0040	4.80	1.55	0.00	0.00
”¢5-8-A4	201306	6.02	135.52	8.49	0.5287 	0.1081	0.0045	9.8791	3.21	0.75	0.00	0.00
”¢7-1-B3	201306	29.40	389.60	9.22	4.5068 	0.0887	0.0017	16.4427	0.87	0.00	0.00	0.00
”¢7-1-B5	201306	29.40	329.98	5.98	3.8761 	0.0819	0.0017	13.8006	0.86	0.00	0.00	0.00
”¢7-1-B6	201306	29.79	325.34	7.89	11.3425 	0.0952	0.0021	22.5362	5.88	2.63	0.00	0.00
”¢7-6-A3	201306	18.50	135.69	11.25	2.4289 	0.0136	0.0011	2.4289	1.33	0.00	0.00	0.00
”¢7-6-A4	201306	3.92	25.77	4.97	0.4528 	0.0026	0.0005	0.4528	5.28	6.50	0.00	0.00
”¢7-6-A5	201306	19.04	136.68	18.26	2.5325 	0.0137	0.0018	2.5325	0.99	0.00	0.00	0.00
”¢7-6-B1	201306	18.50	320.70	20.54	2.2066 	0.0321	0.0021	2.2066	1.16	0.00	0.00	0.00
”¢7-6-B2	201306	19.04	250.13	8.44	1.8484 	0.0250	0.0008	1.8484	1.07	0.00	0.00	0.00
”¢7-6-B3	201306	19.04	49.33	8.02	2.0531 	0.0049	0.0008	2.0531	1.60	0.00	0.00	0.00
”¢7-8-A4	201306	29.31	252.42	16.22	4.6684 	0.0566	0.0034	6.7087	0.43	0.00	0.00	0.00
”¢9-1-B3	201306	29.65	266.73	68.11	3.9640 	0.0293	0.0069	4.2389	0.92	0.00	0.00	0.00
”¢9-1-B4	201306	29.65	389.15	10.10	4.1280 	0.0450	0.0012	4.7188	0.91	0.00	0.00	0.00
”¢9-1-B5	201306	29.65	217.54	6.01	3.9043 	0.0280	0.0009	4.5433	0.96	0.00	0.00	0.00
”¢9-1-B6	201306	29.65	185.93	18.46	3.5309 	0.0232	0.0023	3.9029	0.93	0.00	0.00	0.00
”¢9-2-A6	201306	29.35	238.51	7.89	2.9446 	0.0332	0.0010	3.6088	0.78	0.00	0.00	0.00
”¢9-2-B2	201306	29.19	277.79	9.51	3.2978 	0.0339	0.0011	3.9413	0.39	0.00	0.00	0.00
”¢9-2-B3	201306	24.52	241.23	9.46	2.4809 	0.0312	0.0015	3.2120	0.44	0.00	0.00	0.00
”¢9-2-B4	201306	30.00	292.07	9.74	3.2887 	0.0374	0.0013	4.0290	5.71	1.32	0.00	0.00
”¢9-2-B5	201306	29.35	415.95	15.84	3.4147 	0.0528	0.0019	4.1772	0.45	0.00	0.00	0.00
”¢9-3-B5	201306	29.33	44.17	3.29	6.5132 	0.0063	0.0005	7.8846	0.42	0.00	0.00	0.00
”¢9-3-B6	201306	30.00	206.08	6.40	8.5878 	0.0316	0.0009	10.5584	4.54	2.15	0.00	0.00
”¢∂´102	201306	0.00	0.00	0.00	0.0000 	0.2261	0.0273	8.5824	0.00	0.00	0.00	0.00
”¢∂´104	201306	0.00	0.00	0.00	0.0000 	0.0065	0.0200	6.1128	0.00	0.00	0.00	0.00
”¢∂´105	201306	29.29	507.47	10.44	6.4236 	0.5068	0.0257	50.0835	8.72	2.08	0.00	0.00
”¢∂´107	201306	0.00	0.00	0.00	0.0000 	0.0673	0.0100	5.5291	0.00	0.00	0.00	0.00
”¢∂´108	201306	0.79	0.00	0.00	0.0843 	0.0085	0.0253	4.8970	0.10	0.00	0.00	0.00
”¢∂´113	201306	0.00	0.00	0.00	0.0000 	0.0177	0.0025	5.6211	0.00	0.00	0.00	0.00
”¢∂´114	201306	20.21	0.00	0.00	0.6085 	0.0106	0.0422	10.6194	0.32	0.00	0.00	0.00
”¢∂´116	201306	7.21	50.18	0.59	0.3608 	0.0758	0.0065	10.4206	0.68	0.00	0.00	0.00
”¢∂´117	201306	0.00	0.00	0.00	0.0000 	0.1036	0.0053	15.2196	0.00	0.00	0.00	0.00
”¢ ‘1-1	201306	26.54	26.61	40.01	3.0972 	0.0928	0.0494	52.5546	0.57	0.00	0.00	0.00
”¢ ‘1-2	201306	29.50	84.78	3.04	3.4174 	0.2647	0.0434	83.4780	0.57	0.00	0.00	0.00
”¢ ‘1-3	201306	26.50	94.23	7.92	3.2197 	0.4168	0.0328	64.0585	0.57	0.00	0.00	0.00
”¢ ‘1-4	201306	29.50	54.74	97.52	3.5136 	0.3359	0.1063	68.7315	0.57	0.00	0.00	0.00
”¢ ‘11-1	201306	0.08	2.42	0.12	0.0325 	0.4738	0.0131	50.8604	0.00	0.00	0.00	0.00
”¢ ‘12-1	201306	0.00	0.00	0.00	0.0000 	0.2199	0.0091	28.4662	0.00	0.00	0.00	0.00
”¢ ‘13-1	201306	29.40	287.01	3.49	4.0267 	0.2209	0.0083	47.4401	0.85	0.00	0.00	0.00
”¢ ‘14-1	201306	1.83	0.73	3.74	0.2132 	0.0161	0.0073	60.2484	0.75	0.00	0.00	0.00
”¢ ‘15-1	201306	0.00	0.00	0.00	0.0000 	0.0972	0.0079	64.1604	0.00	0.00	0.00	0.00
”¢ ‘2-1	201306	0.00	0.00	0.00	0.0000 	0.1147	0.0236	42.0994	0.00	0.00	0.00	0.00
”¢ ‘2-2	201306	5.00	0.90	0.12	0.0990 	0.1129	0.0236	40.2658	0.28	0.00	0.00	0.00
”¢ ‘2-3	201306	0.00	0.00	0.00	0.0000 	0.0038	0.0055	29.7984	0.00	0.00	0.00	0.00
”¢ ‘2-4	201306	29.83	477.65	23.71	13.1328 	0.3316	0.0261	86.8954	4.54	2.16	0.00	0.00
”¢ ‘2-5	201306	0.00	0.00	0.00	0.0000 	0.0106	0.0079	43.5245	0.00	0.00	0.00	0.00
”¢ ‘3-1	201306	0.00	0.00	0.00	0.0000 	0.0056	0.0019	38.1669	0.00	0.00	0.00	0.00
”¢ ‘4-3	201306	20.21	49.08	375.64	1.3512 	0.4005	0.1901	47.6898	0.53	0.00	0.00	0.00
”¢ ‘6-1	201306	0.00	0.00	0.00	0.0000 	0.0029	0.0270	0.4568	0.00	0.00	0.00	0.00
”¢ ‘8-1	201306	0.00	0.00	0.00	0.0000 	0.4105	0.0164	77.0860	0.00	0.00	0.00	0.00
”¢ ‘9-1	201306	29.52	388.02	28.80	22.1144 	0.3964	0.0228	228.7408	1.35	0.00	0.00	0.00
…∞37	201307	30.94	229.68 	5.59 	11.2660 	0.2681	0.0837	118.7847	0.6	0	0	0
…∞41	201307	31	1.05 	27.06 	0.4546 	0.0008 	0.0135 	0.0002 	0.26	0	0	0
”¢1-1-B2	201307	8.08	30.41 	0.38 	1.0308 	0.0158 	0.0003 	0.0004 	0.76	0	0	0
”¢1-1-B3	201307	14.33	182.41 	21.85 	4.2333 	0.0950 	0.0055 	0.0018 	0.88	0	0	0
”¢1-1-B5	201307	19.27	250.92 	24.40 	8.5904 	0.0809 	0.0094 	0.0033 	1	0	0	0
”¢1-2-B1	201307	8.63	63.85 	17.68 	0.7206 	0.0064 	0.0018 	0.0001 	1.09	0	0	0
”¢1-2-B2	201307	8.63	42.28 	4.12 	0.7515 	0.0042 	0.0004 	0.0001 	1.11	0	0	0
”¢1-2-B3	201307	8.63	137.11 	9.91 	1.2790 	0.0137 	0.0010 	0.0001 	1.64	0	0	0
”¢1-2-B4	201307	7.67	114.58 	8.45 	3.0985 	0.0115 	0.0008 	0.0003 	1.19	0	0	0
”¢1-2-B5	201307	8.63	49.11 	10.34 	0.6184 	0.0049 	0.0010 	0.0001 	1.07	0	0	0
”¢1-6-A3	201307	23.42	412.96 	10.84 	4.6199 	0.0413 	0.0011 	0.0005 	1.41	0	0	0
”¢1-6-A4	201307	23.46	25.04 	5.31 	5.5492 	0.0025 	0.0005 	0.0006 	1.09	0	0	0
”¢1-6-A5	201307	15.23	1.43 	1.91 	6.4694 	0.0001 	0.0002 	0.0006 	3.25	1.2	0	0
”¢1-6-B1	201307	23.42	304.44 	12.59 	3.4879 	0.0304 	0.0013 	0.0003 	1.13	0	0	0
”¢1-6-B2	201307	20.04	203.53 	26.85 	3.1757 	0.0204 	0.0027 	0.0003 	1.21	0	0	0
”¢1-6-B3	201307	23.42	420.92 	14.79 	6.0143 	0.0421 	0.0015 	0.0006 	1.25	0	0	0
”¢11-1-B5	201307	16.06	122.63 	9.18 	2.0090 	0.0123 	0.0009 	0.0002 	0.41	0	0	0
”¢11-1-B6	201307	16.06	92.89 	21.29 	2.2042 	0.0093 	0.0021 	0.0002 	0.4	0	0	0
”¢11-2	201307	30.73	166.94 	2.53 	3.3947 	0.0643 	0.0052 	0.0012 	0.46	0	0	0
”¢11-2-B4	201307	28.77	31.89 	0.79 	2.7276 	0.0270 	0.0012 	0.0009 	0.43	0	0	0
”¢11-6-A1	201307	30.73	547.09 	13.26 	4.4363 	0.1245 	0.0032 	0.0011 	0.4	0	0	0
”¢11-6-A4	201307	30.73	471.37 	11.41 	4.3717 	0.1299 	0.0027 	0.0012 	0.57	0	0	0
”¢11-6-A6	201307	30.73	423.61 	5.06 	4.8088 	0.1249 	0.0022 	0.0011 	0.45	0	0	0
”¢13-1-B4	201307	30.94	188.23 	18.40 	3.3120 	0.0579 	0.0046 	0.0008 	0.4	0	0	0
”¢13-1-B5	201307	30.19	327.51 	20.91 	4.0776 	0.0825 	0.0040 	0.0009 	0.48	0	0	0
”¢13-1-B6	201307	30.94	419.61 	26.52 	4.9942 	0.0977 	0.0044 	0.0011 	0.5	0	0	0
”¢13-2-A6	201307	30.79	163.02 	8.32 	0.5215 	0.0313 	0.0024 	0.0001 	0.39	0	0	0
”¢13-6-A5	201307	11.71	61.06 	13.04 	1.0510 	0.0137 	0.0020 	0.0001 	2.68	0	0	0
”¢15-2	201307	0	0.00 	0.00 	0.0000 	0.0002 	0.0001 	0.0000 	0	0	0	0
”¢19-1	201307	29.13	68.81 	71.93 	3.2220 	0.0162 	0.0186 	0.0007 	0.46	0	0	0
”¢3-2-B1	201307	3.46	27.02 	7.15 	0.3900 	0.0027 	0.0007 	0.0000 	1.25	0	0	0
”¢3-2-B2	201307	3.46	27.83 	7.36 	0.4140 	0.0028 	0.0007 	0.0000 	1.43	0	0	0
”¢3-2-B3	201307	3.46	28.58 	7.60 	0.4200 	0.0029 	0.0008 	0.0000 	1.25	0	0	0
”¢3-2-B6	201307	3.46	21.73 	5.83 	0.5100 	0.0022 	0.0006 	0.0001 	4.68	5	0	0
”¢3-3-B5	201307	0	0.00 	0.00 	0.0000 	0.0045 	0.0007 	0.0013 	0	0	0	0
”¢3-3-B6	201307	0	0.00 	0.00 	0.0000 	0.0470 	0.0018 	0.0032 	0	0	0	0
”¢3-4-A5	201307	12.5	82.11 	10.48 	1.7840 	0.0082 	0.0010 	0.0002 	1.33	0	0	0
”¢3-4-B1	201307	12.5	226.37 	8.21 	1.8818 	0.0226 	0.0008 	0.0002 	1.39	0	0	0
”¢3-4-B2	201307	8.38	80.58 	11.33 	1.1324 	0.0081 	0.0011 	0.0001 	1.37	0	0	0
”¢3-4-B3	201307	9.5	190.39 	15.00 	2.8142 	0.0190 	0.0015 	0.0003 	1.17	0	0	0
”¢3-4-B4	201307	12.5	143.78 	9.01 	1.5356 	0.0144 	0.0009 	0.0002 	1.13	0	0	0
”¢3-8-A5	201307	5.69	19.33 	3.66 	0.5036 	0.0019 	0.0004 	0.0001 	1.32	0	0	0
”¢5-1-B2	201307	0	0.00 	0.00 	0.0000 	0.0003 	0.0125 	0.0001 	0	0	0	0
”¢5-1-B3	201307	0	0.00 	0.00 	0.0000 	0.0614 	0.0015 	0.0004 	0	0	0	0
”¢5-1-B5	201307	14.33	220.35 	2.22 	2.4364 	0.0602 	0.0025 	0.0009 	0.96	0	0	0
”¢5-1-B6	201307	19.6	166.29 	8.76 	5.5891 	0.0582 	0.0030 	0.0010 	0.86	0	0	0
”¢5-3-B5	201307	0	0.00 	0.00 	0.0000 	0.0023 	0.0000 	0.0002 	0	0	0	0
”¢5-3-B6	201307	0	0.00 	0.00 	0.0000 	0.0000 	0.0000 	0.0000 	0	0	0	0
”¢5-5-B6	201307	21.44	40.68 	3.84 	2.9132 	0.0041 	0.0004 	0.0003 	1.03	0	0	0
”¢5-8-A3	201307	22.17	419.81 	52.24 	2.4621 	0.1976 	0.0099 	0.0006 	1.38	1.8	0	0
”¢5-8-A4	201307	17.58	40.64 	371.73 	2.8023 	0.1122 	0.0416 	0.0013 	1.48	0	0	0
”¢7-1-B3	201307	30.94	388.16 	14.30 	5.1664 	0.1276 	0.0031 	0.0022 	0.88	0	0	0
”¢7-1-B5	201307	30.94	348.65 	4.11 	4.9871 	0.1168 	0.0021 	0.0019 	0.89	0	0	0
”¢7-1-B6	201307	30.83	233.55 	5.66 	27.3920 	0.1186 	0.0027 	0.0050 	2.2	0.97	0	0
”¢7-3-B5	201307	8.5	44.42 	4.98 	3.1060 	0.0044 	0.0005 	0.0003 	0.77	0.93	0	0
”¢7-3-B6	201307	7.83	45.31 	9.24 	1.4324 	0.0045 	0.0009 	0.0001 	3.71	0	0	0
”¢7-6-A3	201307	30.44	336.71 	8.18 	4.7421 	0.0473 	0.0019 	0.0007 	1.05	0	0	0
”¢7-6-A4	201307	0	0.00 	0.00 	0.0000 	0.0026 	0.0005 	0.0000 	0	0	0	0
”¢7-6-A5	201307	30.44	209.13 	7.49 	3.6747 	0.0346 	0.0025 	0.0006 	1.03	0	0	0
”¢7-6-B1	201307	30.23	562.94 	38.20 	4.6703 	0.0884 	0.0059 	0.0007 	1.06	0	0	0
”¢7-6-B2	201307	28.29	452.21 	30.63 	3.5138 	0.0702 	0.0039 	0.0005 	0.98	0	0	0
”¢7-6-B3	201307	27.69	33.47 	1.20 	3.3430 	0.0082 	0.0009 	0.0005 	0.95	0	0	0
”¢7-8-A4	201307	30.79	211.37 	5.14 	4.0064 	0.0776 	0.0039 	0.0011 	0.42	0	0	0
”¢9-1-B3	201307	30.94	210.66 	174.10 	4.3561 	0.0505 	0.0243 	0.0009 	0.93	0	0	0
”¢9-1-B4	201307	30.94	294.97 	12.57 	4.0947 	0.0745 	0.0025 	0.0009 	0.9	0	0	0
”¢9-1-B5	201307	30.94	231.21 	13.44 	5.4179 	0.0511 	0.0022 	0.0010 	0.92	0	0	0
”¢9-1-B6	201307	30.94	187.02 	32.67 	4.7052 	0.0419 	0.0055 	0.0009 	0.91	0	0	0
”¢9-2-A6	201307	30.71	216.34 	7.47 	3.1918 	0.0548 	0.0017 	0.0007 	0.7	0	0	0
”¢9-2-B2	201307	30.81	352.61 	23.87 	3.3732 	0.0692 	0.0035 	0.0007 	0.36	0	0	0
”¢9-2-B3	201307	28.48	274.67 	25.46 	3.2584 	0.0586 	0.0039 	0.0006 	0.41	0	0	0
”¢9-2-B4	201307	30.75	332.52 	12.66 	4.4277 	0.0707 	0.0026 	0.0008 	4.01	0.44	0	0
”¢9-2-B5	201307	19	216.12 	8.47 	2.3844 	0.0744 	0.0027 	0.0007 	0.43	0	0	0
”¢9-3-B5	201307	30.63	32.37 	0.74 	3.1573 	0.0095 	0.0006 	0.0011 	0.39	0	0	0
”¢9-3-B6	201307	30.63	149.38 	3.62 	5.1565 	0.0465 	0.0013 	0.0016 	1.71	1.08	0	0
”¢∂´102	201307	0	0.00 	0.00 	0.0000 	0.2261	0.0273	8.5824	0	0	0	0
”¢∂´104	201307	4.33	1.29 	0.02 	0.0383 	0.0069 	0.0200 	0.0006 	0.3	0	0	0
”¢∂´105	201307	25.96	349.93 	15.25 	4.4005 	0.5418	0.0272	54.4840	6.04	2.19	0	0
”¢∂´107	201307	0	0.00 	0.00 	0.0000 	0.0675 	0.0102 	0.0005 	0	0	0	0
”¢∂´108	201307	30.71	439.18 	100.18 	4.1636 	0.0524 	0.0353 	0.0009 	0.44	0	0	0
”¢∂´113	201307	11.71	60.57 	40.42 	1.0758 	0.0238 	0.0065 	0.0007 	0.31	0	0	0
”¢∂´114	201307	1.96	1.12 	0.04 	0.0200 	0.0107 	0.0423 	0.0011 	0.2	0	0	0
”¢∂´116	201307	0	0.00 	0.00 	0.0000 	0.0758 	0.0065 	0.0010 	0	0	0	0
”¢∂´117	201307	0	0.00 	0.00 	0.0000 	0.1035 	0.0053 	0.0015 	0	0	0	0
”¢∂´119	201307	8.33	170.33 	17.37 	1.3624 	0.0170 	0.0017 	0.0001 	0.96	0	0	0
”¢ ‘1-1	201307	30.94	57.64 	52.37 	3.5247 	0.0986	0.0546	56.0793	0.63	0	0	0
”¢ ‘1-2	201307	30.94	140.49 	11.85 	3.2677 	0.2788	0.0445	86.7457	0.61	0	0	0
”¢ ‘1-3	201307	29.85	146.17 	24.01 	3.2725 	0.4315	0.0352	67.3310	0.61	0	0	0
”¢ ‘1-4	201307	30.94	66.41 	97.48 	3.5072 	0.3425	0.1161	72.2387	0.61	0	0	0
”¢ ‘11-1	201307	0	0.00 	0.00 	0.0000 	0.4738 	0.0131 	50.8604 	0	0	0	0
”¢ ‘12-1	201307	1.71	13.10 	5.34 	0.1978 	0.2212	0.0096	28.6640	1.25	0	0	0
”¢ ‘13-1	201307	30.94	307.99 	15.27 	4.5462 	0.2517	0.0099	51.9863	0.95	0	0	0
”¢ ‘14-1	201307	2	1.07 	0.03 	0.0218 	0.0163 	0.0073 	0.0060 	0.7	0	0	0
”¢ ‘15-1	201307	7.67	53.04 	7.80 	0.8474 	0.1025	0.0087	65.0078	0.84	0	0	0
”¢ ‘2-1	201307	0	0.00 	0.00 	0.0000 	0.1147 	0.0236 	42.0994 	0	0	0	0
”¢ ‘2-2	201307	2	1.05 	0.14 	0.1359 	0.1130	0.0236	40.4017	0.5	0	0	0
”¢ ‘2-3	201307	0	0.00 	0.00 	0.0000 	0.0045 	0.0050 	0.0028 	0	0	0	0
”¢ ‘2-4	201307	30.81	357.34 	39.57 	10.0497 	0.3674	0.0301	96.9451	3.62	1.32	0	0
”¢ ‘2-5	201307	0	0.00 	0.00 	0.0000 	0.0106 	0.0079 	43.5245 	0	0	0	0
”¢ ‘3-1	201307	3	1.02 	0.02 	0.0400 	0.0056 	0.0019 	38.1669 	0.37	0	0	0
”¢ ‘4-3	201307	3	2.02 	3.60 	0.0600 	0.4007	0.1905	47.7498	0.2	0	0	0
”¢ ‘6-1	201307	2	0.00	0.00	0.0000 	0.0034 	0.0265 	0.0001 	0.5	0	0	0
”¢ ‘8-1	201307	0	0.00 	0.00 	0.0000 	0.4139 	0.0147 	0.0077 	0	0	0	0
”¢ ‘9-1	201307	30.81	280.00 	15.35 	15.8661 	0.4244	0.0243	244.6069	1.42	0	0	0
…∞37	201308	31.00	225.66	5.45	3.0877 	0.1892	0.0631	0.0097	0.73	0.00	0.00	0.00
…∞41	201308	4.00	1.41	67.88	0.0540 	0.0009	0.0203	0.00023100	0.30	0.00	0.00	0.00
”¢1-1-B2	201308	0.00	0.00	0.00	0.0000 	0.0158	0.0003	0.00043800	0.00	0.00	0.00	0.00
”¢1-1-B3	201308	0.00	0.00	0.00	0.0000 	0.0950	0.0055	0.00175000	0.00	0.00	0.00	0.00
”¢1-1-B5	201308	0.00	0.00	0.00	0.0000 	0.0809	0.0094	0.00333500	0.00	0.00	0.00	0.00
”¢1-2-B1	201308	30.83	548.93	41.00	4.0462 	0.0613	0.0059	0.00047700	1.12	0.00	0.00	0.00
”¢1-2-B2	201308	30.83	455.43	35.51	3.6785 	0.0497	0.0040	0.00044300	1.07	0.00	0.00	0.00
”¢1-2-B3	201308	30.83	526.70	21.69	6.9052 	0.0664	0.0032	0.00081900	1.30	0.00	0.00	0.00
”¢1-2-B4	201308	23.08	181.66	8.40	12.5020 	0.0297	0.0016	0.00156000	1.38	0.00	0.00	0.00
”¢1-2-B5	201308	30.83	152.06	10.11	3.2984 	0.0201	0.0020	0.00039200	0.88	0.00	0.00	0.00
”¢1-6-A3	201308	30.92	504.60	43.13	5.6691 	0.0918	0.0054	0.00102900	1.34	0.00	0.00	0.00
”¢1-6-A4	201308	31.00	46.11	1.84	5.1340 	0.0071	0.0007	0.00106800	1.10	0.00	0.00	0.00
”¢1-6-A5	201308	0.00	0.00	0.00	0.0000 	0.0001	0.0002	0.00064700	0.00	0.00	0.00	0.00
”¢1-6-B1	201308	31.00	359.93	22.89	5.6652 	0.0664	0.0036	0.00091600	1.23	0.00	0.00	0.00
”¢1-6-B2	201308	30.58	300.18	8.02	4.1810 	0.0504	0.0035	0.00073600	2.64	1.47	0.00	0.00
”¢1-6-B3	201308	31.00	512.74	14.75	7.1831 	0.0934	0.0030	0.00131900	3.56	1.41	0.00	0.00
”¢11-1-B5	201308	22.08	155.29	2.97	2.5913 	0.0278	0.0012	0.00046000	0.55	0.00	0.00	0.00
”¢11-1-B6	201308	30.58	187.39	10.61	4.3550 	0.0280	0.0032	0.00065600	0.71	0.00	0.00	0.00
”¢11-2	201308	31.00	132.77	4.55	3.0102 	0.0776	0.0057	0.00145100	0.58	0.00	0.00	0.00
”¢11-2-B4	201308	26.94	26.81	0.92	2.2038 	0.0297	0.0013	0.00112900	0.47	0.00	0.00	0.00
”¢11-3-B6	201308	14.88	285.07	24.11	3.2588 	0.0285	0.0024	0.00032600	4.91	1.62	0.00	0.00
”¢11-4-A5	201308	10.63	94.61	18.63	1.3449 	0.0095	0.0019	0.00013400	1.04	0.00	0.00	0.00
”¢11-4-A6	201308	9.33	23.63	6.69	1.1118 	0.0024	0.0007	0.00011100	1.03	0.00	0.00	0.00
”¢11-4-B1	201308	10.63	143.35	22.22	1.1295 	0.0143	0.0022	0.00011300	1.00	0.00	0.00	0.00
”¢11-4-B4	201308	10.63	118.02	47.28	1.1916 	0.0118	0.0047	0.00011900	0.99	0.00	0.00	0.00
”¢11-6-A1	201308	30.90	527.30	21.44	3.5550 	0.1772	0.0053	0.00149000	0.65	0.00	0.00	0.00
”¢11-6-A4	201308	28.54	503.67	18.18	4.0773 	0.1803	0.0045	0.00157400	0.69	0.00	0.00	0.00
”¢11-6-A6	201308	30.90	255.66	10.31	3.8564 	0.1505	0.0032	0.00152300	0.55	0.00	0.00	0.00
”¢11-8	201308	12.58	133.51	24.84	1.3240 	0.0134	0.0025	0.00013200	1.13	0.00	0.00	0.00
”¢13-1-B4	201308	31.00	75.06	16.52	1.5107 	0.0654	0.0063	0.00098500	0.42	0.00	0.00	0.00
”¢13-1-B5	201308	0.00	0.00	0.00	0.0000 	0.0825	0.0040	0.00093800	0.00	0.00	0.00	0.00
”¢13-1-B6	201308	5.00	74.92	2.75	0.9534 	0.1052	0.0047	0.00124100	0.40	0.00	0.00	0.00
”¢13-2-A6	201308	31.00	145.08	3.73	0.5507 	0.0458	0.0028	0.00015900	0.38	0.00	0.00	0.00
”¢13-6-A5	201308	31.00	153.13	10.50	2.8726 	0.0290	0.0031	0.00041600	1.36	0.00	0.00	0.00
”¢15-2	201308	0.00	0.00	0.00	0.0000 	0.0002	0.0001	0.00000100	0.00	0.00	0.00	0.00
”¢19-1	201308	30.75	72.15	87.47	2.6798 	0.0234	0.0273	0.00093300	0.40	0.00	0.00	0.00
”¢3-2-B1	201308	28.71	273.36	22.90	5.3064 	0.0300	0.0030	0.00057000	1.15	0.00	0.00	0.00
”¢3-2-B2	201308	30.71	460.85	33.89	5.3840 	0.0489	0.0041	0.00057900	1.29	0.00	0.00	0.00
”¢3-2-B3	201308	22.50	357.96	25.46	4.3008 	0.0387	0.0033	0.00047200	1.14	0.00	0.00	0.00
”¢3-2-B5	201308	30.67	289.28	19.40	4.6200 	0.0289	0.0019	0.00046200	1.03	0.00	0.00	0.00
”¢3-2-B6	201308	3.73	1.08	0.32	2.3966 	0.0023	0.0006	0.00029100	8.00	1.67	0.00	0.00
”¢3-3-B5	201308	0.00	0.00	0.00	0.0000 	0.0045	0.0007	0.00134100	0.00	0.00	0.00	0.00
”¢3-3-B6	201308	0.00	0.00	0.00	0.0000 	0.0470	0.0018	0.00317200	0.00	0.00	0.00	0.00
”¢3-4-A5	201308	31.00	272.42	7.08	4.6344 	0.0354	0.0017	0.00064100	1.05	0.00	0.00	0.00
”¢3-4-A6	201308	0.00	0.00	0.00	0.0000 	0.0000	0.0000	0.00000000	0.00	0.00	0.00	0.00
”¢3-4-B1	201308	30.25	314.99	7.38	6.1185 	0.0541	0.0015	0.00080000	1.03	0.00	0.00	0.00
”¢3-4-B2	201308	25.58	300.61	39.07	6.4399 	0.0382	0.0050	0.00075700	1.42	0.00	0.00	0.00
”¢3-4-B3	201308	30.79	433.74	32.97	5.6848 	0.0624	0.0048	0.00084900	1.34	0.00	0.00	0.00
”¢3-4-B4	201308	31.00	388.73	14.44	3.9804 	0.0533	0.0023	0.00055200	1.03	0.00	0.00	0.00
”¢3-8-A5	201308	31.00	295.09	34.92	4.3110 	0.0314	0.0039	0.00048100	1.10	0.00	0.00	0.00
”¢31-4-A6	201308	3.63	26.53	9.59	0.3066 	0.0027	0.0010	0.00003100	1.45	0.00	0.00	0.00
”¢31-4-B1	201308	3.63	62.23	4.26	0.5665 	0.0062	0.0004	0.00005700	1.60	0.00	0.00	0.00
”¢31-4-B2	201308	3.17	17.64	6.99	0.2999 	0.0018	0.0007	0.00003000	1.65	0.00	0.00	0.00
”¢31-4-B4	201308	3.63	35.14	4.22	0.3590 	0.0035	0.0004	0.00003600	1.67	0.00	0.00	0.00
”¢31-6-A5	201308	29.63	133.07	9.72	3.0339 	0.0133	0.0010	0.00030300	1.08	0.00	0.00	0.00
”¢31-6-B1	201308	29.00	422.01	15.86	4.1196 	0.0422	0.0016	0.00041200	2.89	1.44	0.00	0.00
”¢5-1-B2	201308	0.00	0.00	0.00	0.0000 	0.0003	0.0125	0.00014300	0.00	0.00	0.00	0.00
”¢5-1-B3	201308	0.00	0.00	0.00	0.0000 	0.0614	0.0015	0.00043200	0.00	0.00	0.00	0.00
”¢5-1-B5	201308	0.00	0.00	0.00	0.0000 	0.0602	0.0025	0.00089600	0.00	0.00	0.00	0.00
”¢5-1-B6	201308	0.00	0.00	0.00	0.0000 	0.0582	0.0030	0.00095200	0.00	0.00	0.00	0.00
”¢5-3-B5	201308	6.00	2.07	0.05	0.2152 	0.0025	0.0000	0.00019900	1.65	0.00	0.00	0.00
”¢5-3-B6	201308	0.00	0.00	0.00	0.0000 	0.0000	0.0000	0.00000000	0.00	0.00	0.00	0.00
”¢5-4-A5	201308	12.42	85.74	15.04	2.5462 	0.0086	0.0015	0.00025500	0.99	0.00	0.00	0.00
”¢5-4-A6	201308	11.71	76.65	17.73	6.0922 	0.0077	0.0018	0.00060900	3.22	0.00	0.00	0.00
”¢5-4-B1	201308	14.58	155.56	34.58	1.6203 	0.0156	0.0035	0.00016200	0.99	0.00	0.00	0.00
”¢5-4-B2	201308	14.90	182.52	21.18	1.8565 	0.0183	0.0021	0.00018600	1.03	0.00	0.00	0.00
”¢5-4-B3	201308	14.08	156.50	30.00	2.0482 	0.0157	0.0030	0.00020500	0.98	0.00	0.00	0.00
”¢5-4-B4	201308	15.33	140.07	43.98	1.9245 	0.0140	0.0044	0.00019200	0.99	0.00	0.00	0.00
”¢5-5-B6	201308	31.00	80.32	8.78	3.4480 	0.0121	0.0013	0.00063600	1.27	0.00	0.00	0.00
”¢5-6-A3	201308	19.63	257.59	15.72	2.0616 	0.0258	0.0016	0.00020600	3.24	1.68	0.00	0.00
”¢5-6-A5	201308	13.85	87.10	8.30	9.7230 	0.0087	0.0008	0.00097200	4.71	2.44	0.00	0.00
”¢5-6-B1	201308	17.29	319.48	27.27	2.7064 	0.0319	0.0027	0.00027100	2.44	2.11	0.00	0.00
”¢5-6-B2	201308	19.56	436.95	72.09	3.9816 	0.0437	0.0072	0.00039800	2.33	2.00	0.00	0.00
”¢5-8-A3	201308	31.00	748.92	38.71	6.4169 	0.2725	0.0138	0.00128800	5.09	1.74	0.00	0.00
”¢5-8-A4	201308	0.00	0.00	0.00	0.0000 	0.1122	0.0416	0.00126800	0.00	0.00	0.00	0.00
”¢7-1-B3	201308	30.79	311.77	20.63	5.2374 	0.1588	0.0052	0.00268600	1.02	0.00	0.00	0.00
”¢7-1-B5	201308	29.96	352.83	9.37	4.9758 	0.1521	0.0030	0.00237700	1.02	0.00	0.00	0.00
”¢7-1-B6	201308	30.96	174.63	5.88	13.6452 	0.1361	0.0033	0.00635700	1.21	0.00	0.00	0.00
”¢7-2-B2	201308	4.71	105.63	11.78	0.7509 	0.0106	0.0012	0.00007500	2.46	1.30	0.00	0.00
”¢7-2-B4	201308	4.29	49.48	10.29	0.6157 	0.0049	0.0010	0.00006200	3.12	0.00	0.00	0.00
”¢7-2-B5	201308	4.71	58.47	15.86	0.6181 	0.0058	0.0016	0.00006200	1.83	0.00	0.00	0.00
”¢7-3-B5	201308	16.38	72.02	3.29	8.8640 	0.0116	0.0008	0.00119700	1.12	0.00	0.00	0.00
”¢7-3-B6	201308	16.38	68.83	7.66	6.3515 	0.0114	0.0017	0.00077800	3.36	2.09	0.00	0.00
”¢7-6-A3	201308	31.00	426.54	15.23	5.2512 	0.0900	0.0034	0.00124200	1.08	0.00	0.00	0.00
”¢7-6-A4	201308	0.00	0.00	0.00	0.0000 	0.0026	0.0005	0.00004500	0.00	0.00	0.00	0.00
”¢7-6-A5	201308	29.79	217.58	20.18	4.0484 	0.0564	0.0045	0.00102500	1.22	0.00	0.00	0.00
”¢7-6-B1	201308	28.65	560.41	23.85	5.1685 	0.1444	0.0083	0.00120500	1.14	0.00	0.00	0.00
”¢7-6-B2	201308	27.92	348.43	38.76	3.8669 	0.1050	0.0078	0.00092300	1.07	0.00	0.00	0.00
”¢7-6-B3	201308	27.50	521.20	29.14	4.7102 	0.0603	0.0038	0.00101000	1.00	0.00	0.00	0.00
”¢7-8-A4	201308	30.75	201.42	5.80	2.4099 	0.0977	0.0045	0.00131300	0.37	0.00	0.00	0.00
”¢9-1-B3	201308	26.96	182.58	139.45	3.4253 	0.0688	0.0382	0.00120200	1.07	0.00	0.00	0.00
”¢9-1-B4	201308	21.00	156.97	3.81	2.7610 	0.0902	0.0029	0.00115700	1.10	0.00	0.00	0.00
”¢9-1-B5	201308	8.50	41.19	1.00	1.7100 	0.0552	0.0023	0.00116700	1.20	0.00	0.00	0.00
”¢9-1-B6	201308	0.00	0.00	0.00	0.0000 	0.0419	0.0055	0.00086100	0.00	0.00	0.00	0.00
”¢9-2-A6	201308	29.85	126.07	22.07	2.6018 	0.0674	0.0039	0.00093900	0.50	0.00	0.00	0.00
”¢9-2-B2	201308	28.67	408.15	48.55	3.2036 	0.1100	0.0084	0.00105100	0.52	0.00	0.00	0.00
”¢9-2-B3	201308	30.77	273.83	14.57	2.8772 	0.0860	0.0054	0.00093500	0.51	0.00	0.00	0.00
”¢9-2-B4	201308	28.90	270.00	30.29	3.4768 	0.0977	0.0056	0.00119400	0.92	0.00	0.00	0.00
”¢9-2-B5	201308	30.85	305.89	7.35	3.1899 	0.1050	0.0034	0.00097400	0.50	0.00	0.00	0.00
”¢9-3-B5	201308	28.06	24.78	0.69	1.9701 	0.0120	0.0007	0.00130100	0.40	0.00	0.00	0.00
”¢9-3-B6	201308	24.48	91.19	2.72	2.2897 	0.0556	0.0016	0.00180100	0.61	0.00	0.00	0.00
”¢∂´102	201308	14.88	98.01	16.42	0.8364 	0.2533	0.0250	0.00094100	1.00	0.00	0.00	0.00
”¢∂´104	201308	0.00	0.00	0.00	0.0000 	0.0069	0.0200	0.00061500	0.00	0.00	0.00	0.00
”¢∂´105	201308	24.00	428.21	45.97	3.9871 	0.5459	0.0265	0.00553600	5.68	2.20	0.00	0.00
”¢∂´107	201308	0.00	0.00	0.00	0.0000 	0.0675	0.0102	0.00054600	0.00	0.00	0.00	0.00
”¢∂´108	201308	29.38	633.35	63.84	29.7468 	0.1157	0.0417	0.00388000	5.62	2.52	0.00	0.00
”¢∂´113	201308	31.00	150.37	7.01	3.1960 	0.0388	0.0072	0.00099000	0.50	0.00	0.00	0.00
”¢∂´114	201308	18.67	2.99	17.26	0.4469 	0.0110	0.0440	0.00111000	0.32	0.00	0.00	0.00
”¢∂´116	201308	0.00	0.00	0.00	0.0000 	0.0758	0.0065	0.00104200	0.00	0.00	0.00	0.00
”¢∂´117	201308	16.69	102.75	16.18	2.2947 	0.1138	0.0069	0.00175100	1.58	0.00	0.00	0.00
”¢∂´119	201308	30.92	683.19	64.05	5.9115 	0.0853	0.0081	0.00072700	0.46	0.00	0.00	0.00
”¢ ‘1-1	201308	31.00	35.23	92.04	3.5030 	0.1096	0.0561	0.00527300	0.77	0.00	0.00	0.00
”¢ ‘1-2	201308	31.00	166.37	17.87	3.3480 	0.3011	0.0405	0.00880000	0.77	0.00	0.00	0.00
”¢ ‘1-3	201308	31.00	202.51	38.36	3.1620 	0.4551	0.0365	0.00696700	0.76	0.00	0.00	0.00
”¢ ‘1-4	201308	31.00	52.68	91.21	3.2910 	0.4638	0.1267	0.00740900	0.77	0.00	0.00	0.00
”¢ ‘11-1	201308	0.00	0.00	0.00	0.0000 	0.4738	0.0132	0.00508500	0.00	0.00	0.00	0.00
”¢ ‘12-1	201308	31.00	321.05	21.69	5.8884 	0.2529	0.0133	0.00346600	1.05	0.00	0.00	0.00
”¢ ‘13-1	201308	30.79	367.14	11.03	4.8738 	0.2886	0.0110	0.00571000	1.14	0.00	0.00	0.00
”¢ ‘14-1	201308	0.00	0.00	0.00	0.0000 	0.0163	0.0073	0.00602700	0.00	0.00	0.00	0.00
”¢ ‘15-1	201308	26.92	277.22	14.93	3.6082 	0.1303	0.0103	0.00686200	1.03	0.00	0.00	0.00
”¢ ‘2-1	201308	0.00	0.00	0.00	0.0000 	0.1143	0.0199	0.00421100	0.00	0.00	0.00	0.00
”¢ ‘2-2	201308	9.33	4.41	2.17	4.3543 	0.0178	0.0087	0.00286500	1.18	0.00	0.00	0.00
”¢ ‘2-3	201308	0.00	0.00	0.00	0.0000 	0.0045	0.0050	0.00283000	0.00	0.00	0.00	0.00
”¢ ‘2-4	201308	30.63	511.26	87.15	5.3405 	0.4205	0.0371	0.00997400	1.39	0.00	0.00	0.00
”¢ ‘2-5	201308	0.00	0.00	0.00	0.0000 	0.0131	0.0046	0.00407300	0.00	0.00	0.00	0.00
”¢ ‘3-1	201308	0.00	0.00	0.00	0.0000 	0.0048	0.0000	0.00211000	0.00	0.00	0.00	0.00
”¢ ‘4-3	201308	13.58	107.32	33.15	1.3694 	0.4084	0.1803	0.00489900	0.69	0.00	0.00	0.00
”¢ ‘6-1	201308	0.00	0.00	0.00	0.0000 	0.0034	0.0265	0.00006000	0.00	0.00	0.00	0.00
”¢ ‘8-1	201308	0.00	0.00	0.00	0.0000 	0.4139	0.0147	0.00771000	0.00	0.00	0.00	0.00
”¢ ‘9-1	201308	31.00	369.62	20.76	13.6095 	0.4671	0.0213	0.03060800	1.68	0.00	0.00	0.00
…∞37	201309	29.83	178.11	6.57	2.3680	0.2070 	0.0638 	0.0099 	0.80	0.00	0.00	0.00
…∞41	201309	12.00	1.23	2.21	0.0408	0.0010 	0.0205 	0.0002 	0.30	0.00	0.00	0.00
…∞49	201309	3.92	1.12	1.35	0.1072	0.0001 	0.0001 	0.0000 	2.17	0.00	0.00	0.00
”¢1-2-B1	201309	29.88	325.67	12.00	3.6812	0.0939 	0.0071 	0.0008 	1.35	0.00	0.00	0.00
”¢1-2-B2	201309	29.88	358.29	18.51	3.4556	0.0855 	0.0059 	0.0008 	1.23	0.00	0.00	0.00
”¢1-2-B3	201309	29.88	344.64	12.61	4.2821	0.1009 	0.0045 	0.0012 	1.51	0.00	0.00	0.00
”¢1-2-B4	201309	0.00	0.00	0.00	0.0000	0.0297 	0.0016 	0.0016 	0.00	0.00	0.00	0.00
”¢1-2-B5	201309	13.00	55.78	2.25	1.4865	0.0257 	0.0022 	0.0005 	0.63	0.00	0.00	0.00
”¢1-4-A5	201309	1.58	10.51	3.12	0.1531	0.0011 	0.0003 	0.0000 	1.10	0.00	0.00	0.00
”¢1-4-B1	201309	1.13	10.32	3.06	0.1036	0.0010 	0.0003 	0.0000 	1.10	0.00	0.00	0.00
”¢1-4-B2	201309	1.13	9.67	2.87	0.1260	0.0010 	0.0003 	0.0000 	1.10	0.00	0.00	0.00
”¢1-4-B3	201309	1.13	12.32	3.66	0.1069	0.0012 	0.0004 	0.0000 	1.10	0.00	0.00	0.00
”¢1-4-B4	201309	1.13	10.33	3.07	0.1026	0.0010 	0.0003 	0.0000 	1.10	0.00	0.00	0.00
”¢1-6-A3	201309	6.63	99.54	3.67	1.0767	0.1018 	0.0058 	0.0011 	4.19	0.00	0.00	0.00
”¢1-6-A4	201309	6.63	15.69	0.58	0.4905	0.0087 	0.0008 	0.0011 	0.93	0.00	0.00	0.00
”¢1-6-A5	201309	1.88	0.00	0.00	0.0000	0.0001 	0.0002 	0.0006 	0.00	0.00	0.00	0.00
”¢1-6-B1	201309	5.17	51.88	1.91	0.7175	0.0052 	0.0002 	0.0001 	1.06	0.00	0.00	0.00
”¢1-6-B2	201309	30.00	226.35	8.46	3.7136	0.0730 	0.0043 	0.0011 	4.02	1.30	0.00	0.00
”¢1-6-B3	201309	29.38	287.63	11.45	4.2047	0.1222 	0.0041 	0.0017 	4.93	1.52	0.00	0.00
”¢11-1-B5	201309	25.54	134.61	6.08	1.8150	0.0413 	0.0018 	0.0006 	1.18	0.00	0.00	0.00
”¢11-1-B6	201309	29.92	217.29	19.56	3.9732	0.0497 	0.0052 	0.0011 	1.14	0.00	0.00	0.00
”¢11-2	201309	27.94	125.22	5.46	1.9173	0.0901 	0.0062 	0.0016 	1.05	0.00	0.00	0.00
”¢11-2-B4	201309	16.94	39.69	1.03	1.5085	0.0337 	0.0014 	0.0013 	1.03	0.00	0.00	0.00
”¢11-3-B6	201309	30.00	514.57	24.68	3.9388	0.0800 	0.0049 	0.0007 	8.54	1.42	0.00	0.00
”¢11-4-A5	201309	29.88	266.02	27.51	7.4019	0.0361 	0.0047 	0.0009 	1.15	0.00	0.00	0.00
”¢11-4-A6	201309	13.92	25.12	0.94	1.5030	0.0049 	0.0008 	0.0003 	1.00	0.00	0.00	0.00
”¢11-4-B1	201309	12.85	145.21	7.15	1.2465	0.0288 	0.0029 	0.0002 	1.72	0.00	0.00	0.00
”¢11-4-B4	201309	13.92	70.08	8.17	1.4399	0.0188 	0.0055 	0.0003 	1.38	0.00	0.00	0.00
”¢11-6-A1	201309	29.92	404.90	22.77	3.2330	0.2177 	0.0076 	0.0018 	1.63	0.00	0.00	0.00
”¢11-6-A4	201309	0.00	0.00	0.00	0.0000	0.1803 	0.0045 	0.0016 	0.00	0.00	0.00	0.00
”¢11-6-A6	201309	29.75	297.02	20.84	2.4752	0.1802 	0.0053 	0.0018 	1.84	0.00	0.00	0.00
”¢11-8	201309	29.92	248.64	14.36	3.0984	0.0383 	0.0039 	0.0004 	1.29	0.00	0.00	0.00
”¢13-1-B4	201309	29.92	82.56	10.32	0.5665	0.0737 	0.0073 	0.0010 	0.86	0.00	0.00	0.00
”¢13-2-A6	201309	7.04	30.72	0.74	0.3064	0.0489 	0.0029 	0.0002 	0.33	0.00	0.00	0.00
”¢13-3-B6	201309	23.71	132.26	14.07	1.7549	0.0132 	0.0014 	0.0002 	2.70	0.00	0.00	0.00
”¢13-6-A5	201309	28.13	65.99	13.93	2.1674	0.0356 	0.0045 	0.0006 	1.17	0.00	0.00	0.00
”¢15-2	201309	3.00	1.28	0.17	0.0200	0.0003 	0.0001 	0.0000 	0.25	0.00	0.00	0.00
”¢19-1	201309	29.88	62.13	48.04	1.1290	0.0296 	0.0321 	0.0010 	0.42	0.00	0.00	0.00
”¢3-2-B1	201309	26.54	294.19	14.67	3.5564	0.0594 	0.0045 	0.0009 	1.05	0.00	0.00	0.00
”¢3-2-B2	201309	25.90	308.59	20.96	3.8811	0.0798 	0.0062 	0.0010 	1.39	0.00	0.00	0.00
”¢3-2-B3	201309	21.75	282.34	24.86	3.0411	0.0669 	0.0058 	0.0008 	1.10	0.00	0.00	0.00
”¢3-2-B5	201309	29.79	304.62	12.85	3.7440	0.0594 	0.0032 	0.0008 	0.99	0.00	0.00	0.00
”¢3-2-B6	201309	8.00	1.27	0.37	0.0817	0.0024 	0.0006 	0.0003 	8.00	1.70	0.00	0.00
”¢3-3-B5	201309	0.00	0.00	0.00	0.0000	0.0045 	0.0007 	0.0013 	0.00	0.00	0.00	0.00
”¢3-3-B6	201309	0.00	0.00	0.00	0.0000	0.0470 	0.0018 	0.0032 	0.00	0.00	0.00	0.00
”¢3-4-A5	201309	29.83	241.21	8.78	3.5453	0.0595 	0.0026 	0.0010 	1.08	0.00	0.00	0.00
”¢3-4-A6	201309	0.00	0.00	0.00	0.0000	0.0000 	0.0000 	0.0000 	0.00	0.00	0.00	0.00
”¢3-4-B1	201309	29.63	434.83	32.91	3.6722	0.0976 	0.0048 	0.0012 	1.36	0.00	0.00	0.00
”¢3-4-B2	201309	29.88	314.85	23.08	5.2255	0.0697 	0.0073 	0.0013 	1.22	0.00	0.00	0.00
”¢3-4-B3	201309	27.67	363.42	31.55	3.2706	0.0987 	0.0080 	0.0012 	1.16	0.00	0.00	0.00
”¢3-4-B4	201309	29.88	330.48	18.94	3.6365	0.0863 	0.0042 	0.0009 	1.36	0.00	0.00	0.00
”¢3-6-A3	201309	18.67	224.70	12.75	3.2666	0.0225 	0.0013 	0.0003 	6.82	1.37	0.00	0.00
”¢3-6-A4	201309	18.67	111.46	10.61	3.4768	0.0111 	0.0011 	0.0003 	1.66	0.00	0.00	0.00
”¢3-6-A5	201309	18.67	67.32	7.10	5.6955	0.0067 	0.0007 	0.0006 	3.16	0.00	0.00	0.00
”¢3-6-B1	201309	18.67	135.37	10.08	2.1644	0.0135 	0.0010 	0.0002 	4.08	1.52	0.00	0.00
”¢3-6-B2	201309	16.67	121.04	9.68	2.6670	0.0121 	0.0010 	0.0003 	3.02	0.00	0.00	0.00
”¢3-8-A5	201309	29.83	291.06	22.53	5.2337	0.0605 	0.0062 	0.0010 	1.03	0.00	0.00	0.00
”¢31-4-A6	201309	12.92	101.61	10.44	0.3355	0.0129 	0.0020 	0.0001 	1.51	0.00	0.00	0.00
”¢31-4-B1	201309	27.63	414.77	15.26	5.2268	0.0477 	0.0019 	0.0006 	3.67	1.70	0.00	0.00
”¢31-4-B2	201309	29.92	88.20	6.59	4.2734	0.0106 	0.0014 	0.0005 	1.30	0.00	0.00	0.00
”¢31-4-B3	201309	29.92	268.65	12.06	4.6198	0.0269 	0.0012 	0.0005 	1.36	0.00	0.00	0.00
”¢31-4-B4	201309	29.92	353.67	19.83	4.3946	0.0389 	0.0024 	0.0005 	1.20	0.00	0.00	0.00
”¢31-6-A5	201309	29.83	121.31	11.96	3.4859	0.0254 	0.0022 	0.0007 	0.60	0.00	0.00	0.00
”¢31-6-B1	201309	30.00	433.50	20.44	2.5730	0.0856 	0.0036 	0.0007 	6.07	1.57	0.00	0.00
”¢33-2-B3	201309	19.25	230.29	22.44	1.7442	0.0230 	0.0022 	0.0002 	4.01	1.05	0.00	0.00
”¢33-2-B5	201309	19.46	284.28	36.44	1.5814	0.0284 	0.0036 	0.0002 	1.89	0.00	0.00	0.00
”¢5-3-B5	201309	0.00	0.00	0.00	0.0000	0.0025 	0.0000 	0.0002 	0.00	0.00	0.00	0.00
”¢5-3-B6	201309	0.00	0.00	0.00	0.0000	0.0000 	0.0000 	0.0000 	0.00	0.00	0.00	0.00
”¢5-4-A5	201309	0.25	3.36	0.21	0.1768	0.0089 	0.0015 	0.0003 	0.00	0.00	0.00	0.00
”¢5-4-A6	201309	0.00	0.00	0.00	0.0000	0.0077 	0.0018 	0.0006 	0.00	0.00	0.00	0.00
”¢5-4-B1	201309	6.00	62.10	10.26	0.5523	0.0062 	0.0010 	0.0001 	1.83	0.00	0.00	0.00
”¢5-4-B2	201309	10.17	107.87	17.86	0.8160	0.0291 	0.0039 	0.0003 	2.62	0.00	0.00	0.00
”¢5-4-B3	201309	13.13	159.40	22.47	1.1779	0.0316 	0.0052 	0.0003 	0.97	0.00	0.00	0.00
”¢5-4-B4	201309	15.17	173.72	12.92	1.7485	0.0314 	0.0057 	0.0004 	0.00	0.00	0.00	0.00
”¢5-5-B6	201309	29.92	99.90	3.98	1.9601	0.0221 	0.0017 	0.0008 	1.12	0.00	0.00	0.00
”¢5-6-A3	201309	29.92	360.63	17.57	3.7185	0.0619 	0.0034 	0.0006 	1.63	1.15	0.00	0.00
”¢5-6-A5	201309	0.00	0.00	0.00	0.0000	0.0087 	0.0008 	0.0010 	0.00	0.00	0.00	0.00
”¢5-6-B1	201309	0.00	0.00	0.00	0.0000	0.0319 	0.0027 	0.0003 	0.00	0.00	0.00	0.00
”¢5-6-B2	201309	17.75	199.77	9.09	2.8320	0.0637 	0.0081 	0.0007 	3.14	1.63	0.00	0.00
”¢5-8-A3	201309	29.88	426.01	28.21	5.2811	0.3151 	0.0166 	0.0018 	1.97	1.25	0.00	0.00
”¢7-1-B3	201309	29.83	310.44	11.84	4.3437	0.1898 	0.0064 	0.0031 	1.03	0.00	0.00	0.00
”¢7-1-B5	201309	29.83	292.83	17.97	4.1307	0.1814 	0.0048 	0.0028 	1.03	0.00	0.00	0.00
”¢7-1-B6	201309	29.83	184.61	9.18	3.9212	0.1546 	0.0042 	0.0067 	1.33	0.00	0.00	0.00
”¢7-2-B2	201309	7.38	104.85	3.86	0.2738	0.0211 	0.0016 	0.0001 	1.43	0.00	0.00	0.00
”¢7-2-B4	201309	7.38	79.22	6.03	1.1024	0.0128 	0.0016 	0.0002 	1.38	0.00	0.00	0.00
”¢7-2-B5	201309	21.33	255.59	14.09	3.3606	0.0314 	0.0030 	0.0004 	1.25	0.00	0.00	0.00
”¢7-3-B5	201309	0.00	0.00	0.00	0.0000	0.0116 	0.0008 	0.0012 	0.00	0.00	0.00	0.00
”¢7-3-B6	201309	0.00	0.00	0.00	0.0000	0.0464 	0.0166 	32.4864 	0.00	0.00	0.00	0.00
”¢7-4-A6	201309	1.96	6.07	3.09	0.5933	0.0006 	0.0003 	0.0001 	9.50	7.00	0.00	0.00
”¢7-4-B1	201309	10.25	244.70	19.16	2.1504	0.0245 	0.0019 	0.0002 	2.98	0.00	0.00	0.00
”¢7-4-B2	201309	10.25	129.17	10.41	2.6220	0.0129 	0.0010 	0.0003 	2.13	0.00	0.00	0.00
”¢7-4-B3	201309	10.25	218.07	17.14	1.9356	0.0218 	0.0017 	0.0002 	4.88	0.00	0.00	0.00
”¢7-4-B4	201309	10.25	18.52	5.42	2.4871	0.0019 	0.0005 	0.0002 	0.39	0.00	0.00	0.00
”¢7-6-A3	201309	29.50	296.06	26.61	3.6066	0.1196 	0.0061 	0.0016 	1.03	0.00	0.00	0.00
”¢7-6-A4	201309	0.00	0.00	0.00	0.0000	0.0026 	0.0005 	0.0000 	0.00	0.00	0.00	0.00
”¢7-6-A5	201309	17.63	75.66	5.99	2.2272	0.0640 	0.0051 	0.0012 	1.03	0.00	0.00	0.00
”¢7-6-B1	201309	11.79	154.68	29.07	1.0676	0.1599 	0.0112 	0.0013 	0.99	0.00	0.00	0.00
”¢7-6-B2	201309	17.92	170.98	21.76	1.6939	0.0171 	0.0022 	0.0002 	3.17	0.00	0.00	0.00
”¢7-6-B3	201309	1.00	12.61	0.62	0.1653	0.0616 	0.0039 	0.0010 	1.11	0.00	0.00	0.00
”¢7-8-A4	201309	29.88	184.74	6.82	1.1368	0.1162 	0.0052 	0.0014 	0.49	0.00	0.00	0.00
”¢9-1-B3	201309	0.00	0.00	0.00	0.0000	0.0688 	0.0382 	0.0012 	0.00	0.00	0.00	0.00
”¢9-1-B4	201309	0.00	0.00	0.00	0.0000	0.0902 	0.0029 	0.0012 	0.00	0.00	0.00	0.00
”¢9-1-B5	201309	0.00	0.00	0.00	0.0000	0.0552 	0.0023 	0.0012 	0.00	0.00	0.00	0.00
”¢9-1-B6	201309	0.00	0.00	0.00	0.0000	0.0419 	0.0055 	0.0009 	0.00	0.00	0.00	0.00
”¢9-2-A6	201309	29.92	111.95	9.36	2.4039	0.0112 	0.0009 	0.0002 	1.01	0.00	0.00	0.00
”¢9-2-B2	201309	29.92	447.52	33.98	3.1805	0.1548 	0.0118 	0.0014 	1.44	0.00	0.00	0.00
”¢9-2-B3	201309	29.92	223.96	8.32	2.0759	0.1084 	0.0062 	0.0011 	1.05	0.00	0.00	0.00
”¢9-2-B4	201309	29.92	292.26	13.98	2.7984	0.1269 	0.0070 	0.0015 	1.08	0.00	0.00	0.00
”¢9-2-B5	201309	29.92	223.28	8.19	2.4594	0.1273 	0.0042 	0.0012 	1.05	0.00	0.00	0.00
”¢9-3-B5	201309	1.02	3.47	0.08	0.0995	0.0123 	0.0007 	0.0013 	0.40	0.00	0.00	0.00
”¢9-3-B6	201309	23.83	101.94	10.45	2.0640	0.0658 	0.0026 	0.0020 	0.95	0.00	0.00	0.00
”¢9-6-A1	201309	27.50	333.12	17.53	2.2479	0.0333 	0.0018 	0.0002 	4.65	0.00	0.00	0.00
”¢9-6-A2	201309	26.67	376.51	46.56	3.1824	0.0377 	0.0047 	0.0003 	5.10	0.00	0.00	0.00
”¢9-6-A3	201309	27.50	304.27	15.98	3.1603	0.0304 	0.0016 	0.0003 	6.29	0.00	0.00	0.00
”¢9-6-A6	201309	25.83	283.44	12.79	3.8762	0.0283 	0.0013 	0.0004 	5.04	0.00	0.00	0.00
”¢9-8-A1	201309	9.75	179.18	33.71	3.5013	0.0179 	0.0034 	0.0004 	3.10	0.00	0.00	0.00
”¢9-8-A3	201309	9.75	64.83	28.25	5.1854	0.0065 	0.0028 	0.0005 	4.93	0.00	0.00	0.00
”¢∂´102	201309	25.65	120.07	30.22	1.4254	0.2653 	0.0280 	0.0011 	1.39	0.00	0.00	0.00
”¢∂´104	201309	0.00	0.00	0.00	0.0000	0.0069 	0.0200 	0.0006 	0.00	0.00	0.00	0.00
”¢∂´105	201309	30.00	650.71	24.76	3.6533	0.6110 	0.0290 	0.0059 	4.48	2.32	0.00	0.00
”¢∂´107	201309	0.00	0.00	0.00	0.0000	0.0675 	0.0102 	0.0005 	0.00	0.00	0.00	0.00
”¢∂´108	201309	0.00	0.00	0.00	0.0000	0.1157 	0.0417 	0.0039 	0.00	0.00	0.00	0.00
”¢∂´113	201309	29.92	73.66	2.45	3.0240	0.0462 	0.0074 	0.0013 	1.16	0.00	0.00	0.00
”¢∂´114	201309	9.13	1.42	80.89	0.3423	0.0111 	0.0521 	0.0011 	0.37	0.00	0.00	0.00
”¢∂´115	201309	15.96	128.92	16.66	0.6953	0.0129 	0.0017 	0.0001 	0.97	0.00	0.00	0.00
”¢∂´116	201309	12.13	39.22	9.84	0.7452	0.0797 	0.0075 	0.0011 	0.89	0.00	0.00	0.00
”¢∂´117	201309	27.75	139.43	5.33	2.9202	0.1277 	0.0074 	0.0020 	1.02	0.00	0.00	0.00
”¢∂´119	201309	7.38	65.36	7.69	0.7322	0.0918 	0.0089 	0.0008 	1.25	0.00	0.00	0.00
”¢ ‘1-1	201309	29.92	67.68	169.83	2.7761	0.1164 	0.0731 	0.0056 	0.82	0.00	0.00	0.00
”¢ ‘1-2	201309	29.92	221.30	19.82	2.4098	0.3232 	0.0425 	0.0090 	0.79	0.00	0.00	0.00
”¢ ‘1-3	201309	29.13	212.81	51.46	2.9405	0.4764 	0.0416 	0.0073 	0.80	0.00	0.00	0.00
”¢ ‘1-4	201309	29.92	117.77	174.85	2.7445	0.4756 	0.1442 	0.0077 	0.79	0.00	0.00	0.00
”¢ ‘11-1	201309	3.00	65.99	2.42	0.4220	0.4804 	0.0134 	0.0051 	1.60	0.00	0.00	0.00
”¢ ‘12-1	201309	29.83	382.56	18.95	3.6763	0.2912 	0.0152 	0.0038 	0.96	0.00	0.00	0.00
”¢ ‘13-1	201309	29.25	356.55	15.79	3.9646	0.0702 	0.0048 	8.3713 	1.01	0.00	0.00	0.00
”¢ ‘14-1	201309	0.00	0.00	0.00	0.0000	0.0163 	0.0073 	0.0060 	0.00	0.00	0.00	0.00
”¢ ‘15-1	201309	30.00	246.40	11.64	3.0388	0.1549 	0.0115 	0.0072 	1.02	0.00	0.00	0.00
”¢ ‘2-1	201309	29.92	113.36	2.71	3.1176	0.1256 	0.0202 	0.0045 	0.40	0.00	0.00	0.00
”¢ ‘2-2	201309	0.00	0.00	0.00	0.0000	0.0178 	0.0087 	0.0029 	0.00	0.00	0.00	0.00
”¢ ‘2-3	201309	0.00	0.00	0.00	0.0000	0.0045 	0.0050 	0.0028 	0.00	0.00	0.00	0.00
”¢ ‘2-4	201309	29.92	566.10	66.05	3.6478	0.4771 	0.0437 	0.0103 	0.90	0.00	0.00	0.00
”¢ ‘2-5	201309	0.00	0.00	0.00	0.0000	0.0131 	0.0046 	0.0041 	0.00	0.00	0.00	0.00
”¢ ‘3-1	201309	0.00	0.00	0.00	0.0000	0.0048 	0.0000 	0.0021 	0.00	0.00	0.00	0.00
”¢ ‘4-3	201309	29.92	204.73	14.46	3.7907	0.4289 	0.1817 	0.0053 	0.94	0.00	0.00	0.00
”¢ ‘6-1	201309	0.00	0.00	0.00	0.0000	0.0034 	0.0265 	0.0001 	0.00	0.00	0.00	0.00
”¢ ‘8-1	201309	27.00	425.47	5.07	2.4620	0.4564 	0.0152 	0.0080 	0.34	0.00	0.00	0.00
”¢ ‘9-1	201309	29.92	340.81	16.48	3.8469	0.5012 	0.0229 	0.0310 	2.96	0.00	0.00	0.00